epoch,agent_id,archetype,forecast,forecast_confidence,active_predictor,p_honest_go,p_honest_stay,p_false_go,p_false_stay,instinct,stated_intention,actual_target,in_bar,lied,rerouted,utility,top_emotion,top_emotion_intensity,trust_given_mean,reputation,private_note
0,1,MACHIAVELLIAN,59.31,0.571,neural_forecaster,0.2114,0.2667,0.369,0.1528,false_go,going,home,False,True,False,0.3,envy,0.189,0.5,0.5,"Told the town going; town says 47% going. Forecast 59 vs line 60; Q go -0.38 / stay -0.08; claiming I'm going, staying home."
0,2,PRAGMATIST,53.24,0.595,neural_forecaster,0.125,0.4154,0.2001,0.2595,honest_stay,going,home,False,True,False,0.3,envy,0.157,0.5,0.5,"Told the town going; town says 47% going. Forecast 53 vs line 60; Q go -0.24 / stay -0.01; claiming I'm going, staying home."
0,3,GAMBLER,45.58,0.574,neural_forecaster,0.4514,0.101,0.1568,0.2908,honest_go,going,bar,True,False,True,1.0,pride,0.107,0.5,0.5,"Told the town going; town says 47% going. Forecast 46 vs line 60; Q go +0.79 / stay -0.14; going, and saying so."
0,4,GAMBLER,49.2,0.589,neural_forecaster,0.3839,0.1361,0.1669,0.3131,honest_go,staying,bar,True,True,True,1.0,pride,0.497,0.5,0.5,"Told the town staying; town says 47% going. Forecast 49 vs line 60; Q go +0.01 / stay -0.67; claiming I'm staying, going anyway."
0,5,CAUTIOUS,51.7,0.599,neural_forecaster,0.107,0.4274,0.3247,0.1409,honest_stay,staying,home,False,False,False,0.3,envy,0.001,0.5,0.5,"Told the town staying; town says 47% going. Forecast 52 vs line 60; Q go -0.19 / stay +0.30; staying home, and saying so."
0,6,MACHIAVELLIAN,46.93,0.58,neural_forecaster,0.1717,0.3282,0.3287,0.1714,false_go,staying,bar,True,True,True,1.0,pride,0.68,0.5,0.5,"Told the town staying; town says 47% going. Forecast 47 vs line 60; Q go -0.36 / stay +0.21; claiming I'm staying, going anyway."
0,7,MACHIAVELLIAN,50.17,0.593,neural_forecaster,0.1858,0.0715,0.0183,0.7244,false_stay,staying,bar,True,True,True,1.0,pride,0.455,0.5,0.5,"Told the town staying; town says 47% going. Forecast 50 vs line 60; Q go +0.09 / stay -0.72; claiming I'm staying, going anyway."
0,8,PRAGMATIST,50.81,0.595,neural_forecaster,0.1795,0.332,0.2371,0.2514,honest_stay,staying,bar,True,True,True,1.0,pride,0.49,0.5,0.5,"Told the town staying; town says 47% going. Forecast 51 vs line 60; Q go +0.02 / stay +0.29; claiming I'm staying, going anyway."
0,9,MACHIAVELLIAN,50.86,0.595,neural_forecaster,0.2827,0.1995,0.1557,0.3621,false_stay,going,bar,True,False,True,1.0,pride,0.209,0.5,0.5,"Told the town going; town says 47% going. Forecast 51 vs line 60; Q go +0.58 / stay +0.00; going, and saying so."
0,10,MACHIAVELLIAN,55.29,0.587,neural_forecaster,0.2519,0.247,0.2264,0.2747,false_stay,going,home,False,True,False,0.3,envy,0.102,0.5,0.5,"Told the town going; town says 47% going. Forecast 55 vs line 60; Q go +0.16 / stay +0.10; claiming I'm going, staying home."
0,11,MACHIAVELLIAN,50.03,0.592,neural_forecaster,0.2596,0.2248,0.1679,0.3477,false_stay,going,bar,True,False,True,1.0,pride,0.258,0.5,0.5,"Told the town going; town says 47% going. Forecast 50 vs line 60; Q go +0.48 / stay +0.01; going, and saying so."
0,12,PRAGMATIST,50.36,0.593,neural_forecaster,0.3379,0.1727,0.206,0.2833,honest_go,staying,bar,True,True,True,1.0,pride,0.516,0.5,0.5,"Told the town staying; town says 47% going. Forecast 50 vs line 60; Q go -0.03 / stay -0.59; claiming I'm staying, going anyway."
0,13,PRAGMATIST,50.78,0.595,neural_forecaster,0.2647,0.2356,0.2589,0.2408,honest_go,staying,home,False,False,False,0.3,envy,0.195,0.5,0.5,"Told the town staying; town says 47% going. Forecast 51 vs line 60; Q go -0.06 / stay -0.09; staying home, and saying so."
0,14,MACHIAVELLIAN,50.28,0.593,neural_forecaster,0.2754,0.2055,0.1558,0.3632,false_stay,staying,home,False,False,True,0.3,envy,0.344,0.5,0.5,"Told the town staying; town says 47% going. Forecast 50 vs line 60; Q go +0.08 / stay -0.39; staying home, and saying so."
0,15,PRAGMATIST,48.14,0.585,neural_forecaster,0.4158,0.1262,0.2292,0.2289,honest_go,staying,bar,True,True,True,1.0,pride,0.645,0.5,0.5,"Told the town staying; town says 47% going. Forecast 48 vs line 60; Q go -0.29 / stay -0.55; claiming I'm staying, going anyway."
0,16,MACHIAVELLIAN,48.91,0.588,neural_forecaster,0.2443,0.2492,0.3103,0.1962,false_go,staying,bar,True,True,True,1.0,pride,0.509,0.5,0.5,"Told the town staying; town says 47% going. Forecast 49 vs line 60; Q go -0.02 / stay +0.13; claiming I'm staying, going anyway."
0,17,CAUTIOUS,50.8,0.595,neural_forecaster,0.0992,0.4675,0.2406,0.1927,honest_stay,staying,bar,True,True,False,1.0,pride,0.367,0.5,0.5,"Told the town staying; town says 47% going. Forecast 51 vs line 60; Q go +0.27 / stay +0.54; claiming I'm staying, going anyway."
0,18,PRAGMATIST,48.38,0.586,neural_forecaster,0.4038,0.1327,0.221,0.2425,honest_go,going,bar,True,False,True,1.0,pride,0.26,0.5,0.5,"Told the town going; town says 47% going. Forecast 48 vs line 60; Q go +0.48 / stay -0.01; going, and saying so."
0,19,PRAGMATIST,55.17,0.587,neural_forecaster,0.3757,0.1477,0.2026,0.2739,honest_go,going,bar,True,False,True,1.0,pride,0.295,0.5,0.5,"Told the town going; town says 47% going. Forecast 55 vs line 60; Q go +0.41 / stay +0.18; going, and saying so."
0,20,PRAGMATIST,46.55,0.578,neural_forecaster,0.1441,0.3838,0.2561,0.216,honest_stay,staying,bar,True,True,True,1.0,pride,0.677,0.5,0.5,"Told the town staying; town says 47% going. Forecast 47 vs line 60; Q go -0.35 / stay +0.38; claiming I'm staying, going anyway."
0,21,MACHIAVELLIAN,47.5,0.582,neural_forecaster,0.1947,0.3041,0.3104,0.1908,false_go,going,bar,True,False,True,1.0,pride,0.74,0.5,0.5,"Told the town going; town says 47% going. Forecast 47 vs line 60; Q go -0.48 / stay -0.13; going, and saying so."
0,22,PRAGMATIST,49.74,0.591,neural_forecaster,0.2115,0.2891,0.2848,0.2147,honest_stay,staying,home,False,False,False,0.3,envy,0.173,0.5,0.5,"Told the town staying; town says 47% going. Forecast 50 vs line 60; Q go -0.29 / stay -0.05; staying home, and saying so."
0,23,MACHIAVELLIAN,49.42,0.59,neural_forecaster,0.1718,0.3266,0.3332,0.1684,false_go,going,home,False,True,False,0.3,envy,0.127,0.5,0.5,"Told the town going; town says 47% going. Forecast 49 vs line 60; Q go -0.65 / stay +0.05; claiming I'm going, staying home."
0,24,MACHIAVELLIAN,50.46,0.594,neural_forecaster,0.187,0.281,0.4008,0.1311,false_go,staying,home,False,False,True,0.3,envy,0.161,0.5,0.5,"Told the town staying; town says 47% going. Forecast 50 vs line 60; Q go +0.24 / stay +0.62; staying home, and saying so."
0,25,CAUTIOUS,46.13,0.577,neural_forecaster,0.14,0.3846,0.2894,0.1861,honest_stay,staying,bar,True,True,True,1.0,pride,0.523,0.5,0.5,"Told the town staying; town says 47% going. Forecast 46 vs line 60; Q go -0.05 / stay +0.22; claiming I'm staying, going anyway."
0,26,PRAGMATIST,45.98,0.576,neural_forecaster,0.4118,0.1067,0.3591,0.1223,honest_go,going,home,False,True,False,0.3,envy,0.119,0.5,0.5,"Told the town going; town says 47% going. Forecast 46 vs line 60; Q go +0.11 / stay +0.06; claiming I'm going, staying home."
0,27,PRAGMATIST,50.27,0.593,neural_forecaster,0.2797,0.2211,0.2281,0.2711,honest_go,going,bar,True,False,True,1.0,pride,0.481,0.5,0.5,"Told the town going; town says 47% going. Forecast 50 vs line 60; Q go +0.04 / stay -0.10; going, and saying so."
0,28,MACHIAVELLIAN,53.12,0.596,neural_forecaster,0.3139,0.1847,0.181,0.3203,false_stay,going,home,False,True,False,0.3,envy,0.215,0.5,0.5,"Told the town going; town says 47% going. Forecast 53 vs line 60; Q go +0.53 / stay -0.13; claiming I'm going, staying home."
0,29,MACHIAVELLIAN,49.96,0.592,neural_forecaster,0.2158,0.2775,0.319,0.1877,false_go,staying,home,False,False,False,0.3,envy,0.113,0.5,0.5,"Told the town staying; town says 47% going. Forecast 50 vs line 60; Q go -0.25 / stay +0.07; staying home, and saying so."
0,30,MACHIAVELLIAN,51.32,0.597,neural_forecaster,0.2657,0.2238,0.3304,0.1801,false_go,staying,home,False,False,False,0.3,envy,0.068,0.5,0.5,"Told the town staying; town says 47% going. Forecast 51 vs line 60; Q go +0.04 / stay +0.16; staying home, and saying so."
0,31,MACHIAVELLIAN,48.76,0.587,neural_forecaster,0.2,0.2823,0.3615,0.1562,false_go,going,home,False,True,True,0.3,envy,0.164,0.5,0.5,"Told the town going; town says 47% going. Forecast 49 vs line 60; Q go -0.41 / stay -0.03; claiming I'm going, staying home."
0,32,CAUTIOUS,48.37,0.585,neural_forecaster,0.0653,0.5234,0.2957,0.1156,honest_stay,going,home,False,True,False,0.3,envy,0.094,0.5,0.5,"Told the town going; town says 47% going. Forecast 48 vs line 60; Q go -0.39 / stay +0.11; claiming I'm going, staying home."
0,33,MACHIAVELLIAN,59.27,0.571,neural_forecaster,0.1939,0.3034,0.3172,0.1855,false_go,going,home,False,True,False,0.3,envy,0.014,0.5,0.5,"Told the town going; town says 47% going. Forecast 59 vs line 60; Q go -0.16 / stay +0.33; claiming I'm going, staying home."
0,34,MACHIAVELLIAN,50.04,0.592,neural_forecaster,0.2672,0.2285,0.3022,0.202,false_go,staying,home,False,False,False,0.3,envy,0.267,0.5,0.5,"Told the town staying; town says 47% going. Forecast 50 vs line 60; Q go -0.33 / stay -0.23; staying home, and saying so."
0,35,GAMBLER,49.94,0.592,neural_forecaster,0.5333,0.0679,0.1401,0.2587,honest_go,staying,bar,True,True,True,1.0,pride,0.477,0.5,0.5,"Told the town staying; town says 47% going. Forecast 50 vs line 60; Q go +0.05 / stay -0.52; claiming I'm staying, going anyway."
0,36,MACHIAVELLIAN,50.25,0.593,neural_forecaster,0.3141,0.1741,0.1521,0.3596,false_stay,going,home,False,True,False,0.3,envy,0.123,0.5,0.5,"Told the town going; town says 47% going. Forecast 50 vs line 60; Q go +0.54 / stay +0.05; claiming I'm going, staying home."
0,37,CAUTIOUS,42.02,0.56,neural_forecaster,0.0597,0.4458,0.433,0.0615,honest_stay,going,home,False,True,False,0.3,envy,0.126,0.5,0.5,"Told the town going; town says 47% going. Forecast 42 vs line 60; Q go -0.56 / stay +0.05; claiming I'm going, staying home."
0,38,PRAGMATIST,52.33,0.599,neural_forecaster,0.3395,0.1723,0.2111,0.2771,honest_go,going,home,False,True,False,0.3,envy,0.308,0.5,0.5,"Told the town going; town says 47% going. Forecast 52 vs line 60; Q go +0.22 / stay -0.32; claiming I'm going, staying home."
0,39,PRAGMATIST,53.83,0.593,neural_forecaster,0.1787,0.3273,0.2974,0.1966,honest_stay,going,bar,True,False,True,1.0,pride,0.553,0.5,0.5,"Told the town going; town says 47% going. Forecast 54 vs line 60; Q go -0.11 / stay +0.12; going, and saying so."
0,40,MACHIAVELLIAN,50.28,0.593,neural_forecaster,0.2786,0.1753,0.4336,0.1126,false_go,staying,bar,True,True,True,1.0,pride,0.514,0.5,0.5,"Told the town staying; town says 47% going. Forecast 50 vs line 60; Q go -0.03 / stay +0.11; claiming I'm staying, going anyway."
0,41,MACHIAVELLIAN,51.34,0.597,neural_forecaster,0.1827,0.3088,0.3448,0.1637,false_go,staying,home,False,False,False,0.3,envy,0.261,0.5,0.5,"Told the town staying; town says 47% going. Forecast 51 vs line 60; Q go +0.34 / stay +0.82; staying home, and saying so."
0,42,MACHIAVELLIAN,46.53,0.578,neural_forecaster,0.3059,0.163,0.4091,0.1219,false_go,staying,bar,True,True,True,1.0,pride,0.533,0.5,0.5,"Told the town staying; town says 47% going. Forecast 47 vs line 60; Q go -0.07 / stay +0.07; claiming I'm staying, going anyway."
0,43,GAMBLER,51.21,0.597,neural_forecaster,0.4349,0.1029,0.1379,0.3244,honest_go,going,home,False,True,False,0.3,envy,0.173,0.5,0.5,"Told the town going; town says 47% going. Forecast 51 vs line 60; Q go +1.04 / stay -0.05; claiming I'm going, staying home."
0,44,MACHIAVELLIAN,50.1,0.592,neural_forecaster,0.2292,0.1181,0.0445,0.6082,false_stay,going,bar,True,False,True,1.0,pride,0.266,0.5,0.5,"Told the town going; town says 47% going. Forecast 50 vs line 60; Q go +0.47 / stay -0.10; going, and saying so."
0,45,MACHIAVELLIAN,50.27,0.593,neural_forecaster,0.0519,0.3777,0.5336,0.0368,false_go,going,home,False,True,False,0.3,envy,0.184,0.5,0.5,"Told the town going; town says 47% going. Forecast 50 vs line 60; Q go -1.46 / stay -0.07; claiming I'm going, staying home."
0,46,CAUTIOUS,48.79,0.587,neural_forecaster,0.0948,0.4421,0.3398,0.1233,honest_stay,staying,bar,True,True,True,1.0,pride,0.541,0.5,0.5,"Told the town staying; town says 47% going. Forecast 49 vs line 60; Q go -0.08 / stay +0.72; claiming I'm staying, going anyway."
0,47,MACHIAVELLIAN,47.82,0.583,neural_forecaster,0.2927,0.1775,0.1298,0.4,false_stay,staying,home,False,False,False,0.3,envy,0.329,0.5,0.5,"Told the town staying; town says 47% going. Forecast 48 vs line 60; Q go +0.32 / stay -0.36; staying home, and saying so."
0,48,MACHIAVELLIAN,50.45,0.594,neural_forecaster,0.2205,0.2734,0.3144,0.1918,false_go,going,home,False,True,False,0.3,envy,0.013,0.5,0.5,"Told the town going; town says 47% going. Forecast 50 vs line 60; Q go -0.15 / stay +0.27; claiming I'm going, staying home."
0,49,MACHIAVELLIAN,44.73,0.571,neural_forecaster,0.1978,0.2815,0.3704,0.1503,false_go,going,home,False,True,False,0.3,envy,0.157,0.5,0.5,"Told the town going; town says 47% going. Forecast 45 vs line 60; Q go -0.71 / stay -0.01; claiming I'm going, staying home."
0,50,MACHIAVELLIAN,51.44,0.598,neural_forecaster,0.2664,0.2309,0.2101,0.2926,false_stay,staying,bar,True,True,True,1.0,pride,0.67,0.5,0.5,"Told the town staying; town says 47% going. Forecast 51 vs line 60; Q go -0.34 / stay -0.63; claiming I'm staying, going anyway."
0,51,MACHIAVELLIAN,49.79,0.591,neural_forecaster,0.1154,0.3187,0.0749,0.4911,false_stay,staying,bar,True,True,True,1.0,pride,0.511,0.5,0.5,"Told the town staying; town says 47% going. Forecast 50 vs line 60; Q go -0.02 / stay -0.18; claiming I'm staying, going anyway."
0,52,GAMBLER,49.2,0.589,neural_forecaster,0.3997,0.1065,0.1112,0.3826,honest_go,staying,bar,True,True,True,1.0,pride,0.295,0.5,0.5,"Told the town staying; town says 47% going. Forecast 49 vs line 60; Q go +0.41 / stay -0.66; claiming I'm staying, going anyway."
0,53,PRAGMATIST,49.63,0.591,neural_forecaster,0.3486,0.1672,0.2612,0.223,honest_go,going,home,False,True,False,0.3,envy,0.217,0.5,0.5,"Told the town going; town says 47% going. Forecast 50 vs line 60; Q go +0.07 / stay -0.13; claiming I'm going, staying home."
0,54,MACHIAVELLIAN,54.13,0.591,neural_forecaster,0.0765,0.4175,0.4321,0.0739,false_go,going,home,False,True,False,0.3,envy,0.107,0.5,0.5,"Told the town going; town says 47% going. Forecast 54 vs line 60; Q go -0.55 / stay +0.09; claiming I'm going, staying home."
0,55,PRAGMATIST,53.13,0.595,neural_forecaster,0.1757,0.3367,0.2263,0.2614,honest_stay,staying,bar,True,True,True,1.0,pride,0.361,0.5,0.5,"Told the town staying; town says 47% going. Forecast 53 vs line 60; Q go +0.28 / stay +0.46; claiming I'm staying, going anyway."
0,56,PRAGMATIST,45.49,0.574,neural_forecaster,0.1714,0.3291,0.1724,0.3272,honest_stay,going,home,False,True,False,0.3,envy,0.076,0.5,0.5,"Told the town going; town says 47% going. Forecast 45 vs line 60; Q go +0.14 / stay +0.15; claiming I'm going, staying home."
0,57,MACHIAVELLIAN,51.94,0.6,neural_forecaster,0.301,0.1967,0.1889,0.3134,false_stay,going,bar,True,False,True,1.0,pride,0.343,0.5,0.5,"Told the town going; town says 47% going. Forecast 52 vs line 60; Q go +0.31 / stay +0.08; going, and saying so."
0,58,MACHIAVELLIAN,50.42,0.594,neural_forecaster,0.2784,0.2211,0.283,0.2175,false_go,staying,home,False,False,False,0.3,envy,0.022,0.5,0.5,"Told the town staying; town says 47% going. Forecast 50 vs line 60; Q go +0.24 / stay +0.26; staying home, and saying so."
0,59,PRAGMATIST,50.73,0.595,neural_forecaster,0.3236,0.185,0.2231,0.2683,honest_go,going,bar,True,False,True,1.0,pride,0.415,0.5,0.5,"Told the town going; town says 47% going. Forecast 51 vs line 60; Q go +0.17 / stay -0.02; going, and saying so."
0,60,MACHIAVELLIAN,49.24,0.589,neural_forecaster,0.1512,0.3413,0.3667,0.1408,false_go,going,home,False,True,False,0.3,envy,0.138,0.5,0.5,"Told the town going; town says 47% going. Forecast 49 vs line 60; Q go -0.79 / stay +0.02; claiming I'm going, staying home."
0,61,PRAGMATIST,50.01,0.592,neural_forecaster,0.3545,0.1637,0.2414,0.2404,honest_go,staying,bar,True,True,True,1.0,pride,0.524,0.5,0.5,"Told the town staying; town says 47% going. Forecast 50 vs line 60; Q go -0.05 / stay -0.25; claiming I'm staying, going anyway."
0,62,MACHIAVELLIAN,50.18,0.593,neural_forecaster,0.2641,0.2351,0.2742,0.2265,false_go,staying,bar,True,True,True,1.0,pride,0.512,0.5,0.5,"Told the town staying; town says 47% going. Forecast 50 vs line 60; Q go -0.02 / stay +0.01; claiming I'm staying, going anyway."
0,63,MACHIAVELLIAN,51.26,0.597,neural_forecaster,0.3242,0.05,0.0271,0.5987,false_stay,going,bar,True,False,True,1.0,pride,0.168,0.5,0.5,"Told the town going; town says 47% going. Forecast 51 vs line 60; Q go +0.66 / stay -0.08; going, and saying so."
0,64,MACHIAVELLIAN,51.77,0.599,neural_forecaster,0.1992,0.2772,0.3772,0.1464,false_go,staying,bar,True,True,True,1.0,pride,0.463,0.5,0.5,"Told the town staying; town says 47% going. Forecast 52 vs line 60; Q go +0.07 / stay +0.51; claiming I'm staying, going anyway."
0,65,CAUTIOUS,48.05,0.584,neural_forecaster,0.078,0.4425,0.3913,0.0882,honest_stay,going,home,False,True,True,0.3,envy,0.112,0.5,0.5,"Told the town going; town says 47% going. Forecast 48 vs line 60; Q go -0.53 / stay +0.08; claiming I'm going, staying home."
0,66,CAUTIOUS,50.53,0.594,neural_forecaster,0.1074,0.4499,0.248,0.1948,honest_stay,staying,bar,True,True,True,1.0,pride,0.494,0.5,0.5,"Told the town staying; town says 47% going. Forecast 51 vs line 60; Q go +0.01 / stay +0.37; claiming I'm staying, going anyway."
0,67,MACHIAVELLIAN,51.92,0.6,neural_forecaster,0.2448,0.2437,0.3314,0.1801,false_go,staying,home,False,False,False,0.3,envy,0.133,0.5,0.5,"Told the town staying; town says 47% going. Forecast 52 vs line 60; Q go +0.22 / stay +0.57; staying home, and saying so."
0,68,MACHIAVELLIAN,49.46,0.59,neural_forecaster,0.1447,0.3306,0.4073,0.1174,false_go,staying,bar,True,True,True,1.0,pride,0.604,0.5,0.5,"Told the town staying; town says 47% going. Forecast 49 vs line 60; Q go -0.21 / stay +0.73; claiming I'm staying, going anyway."
0,69,MACHIAVELLIAN,44.83,0.571,neural_forecaster,0.2444,0.2545,0.2267,0.2744,false_stay,going,home,False,True,False,0.3,envy,0.167,0.5,0.5,"Told the town going; town says 47% going. Forecast 45 vs line 60; Q go +0.06 / stay -0.03; claiming I'm going, staying home."
0,70,PRAGMATIST,52.54,0.598,neural_forecaster,0.3515,0.1647,0.2169,0.2669,honest_go,staying,home,False,False,False,0.3,envy,0.271,0.5,0.5,"Told the town staying; town says 47% going. Forecast 53 vs line 60; Q go +0.25 / stay -0.24; staying home, and saying so."
0,71,MACHIAVELLIAN,50.03,0.592,neural_forecaster,0.2541,0.2438,0.2179,0.2842,false_stay,staying,bar,True,True,True,1.0,pride,0.466,0.5,0.5,"Told the town staying; town says 47% going. Forecast 50 vs line 60; Q go +0.07 / stay -0.10; claiming I'm staying, going anyway."
0,72,MACHIAVELLIAN,47.36,0.581,neural_forecaster,0.0892,0.4084,0.4146,0.0878,false_go,staying,home,False,False,False,0.3,envy,0.048,0.5,0.5,"Told the town staying; town says 47% going. Forecast 47 vs line 60; Q go -0.38 / stay +0.20; staying home, and saying so."
0,73,CAUTIOUS,49.06,0.588,neural_forecaster,0.0783,0.4713,0.3429,0.1076,honest_stay,staying,home,False,False,False,0.3,envy,0.154,0.5,0.5,"Told the town staying; town says 47% going. Forecast 49 vs line 60; Q go -0.12 / stay +0.61; staying home, and saying so."
0,74,GAMBLER,50.95,0.596,neural_forecaster,0.5439,0.0682,0.1717,0.2161,honest_go,going,bar,True,False,True,1.0,pride,0.305,0.5,0.5,"Told the town going; town says 47% going. Forecast 51 vs line 60; Q go +0.39 / stay -0.05; going, and saying so."
0,75,PRAGMATIST,51.25,0.597,neural_forecaster,0.3467,0.1621,0.3097,0.1815,honest_go,staying,bar,True,True,True,1.0,pride,0.592,0.5,0.5,"Told the town staying; town says 47% going. Forecast 51 vs line 60; Q go -0.18 / stay -0.22; claiming I'm staying, going anyway."
0,76,CAUTIOUS,51.08,0.596,neural_forecaster,0.1084,0.3943,0.3867,0.1106,honest_stay,staying,home,False,False,False,0.3,envy,0.138,0.5,0.5,"Told the town staying; town says 47% going. Forecast 51 vs line 60; Q go +0.00 / stay +0.58; staying home, and saying so."
0,77,PRAGMATIST,48.96,0.588,neural_forecaster,0.3193,0.1845,0.1969,0.2993,honest_go,going,bar,True,False,True,1.0,pride,0.372,0.5,0.5,"Told the town going; town says 47% going. Forecast 49 vs line 60; Q go +0.26 / stay -0.28; going, and saying so."
0,78,MACHIAVELLIAN,50.39,0.594,neural_forecaster,0.2582,0.2235,0.162,0.3562,false_stay,staying,bar,True,True,True,1.0,pride,0.445,0.5,0.5,"Told the town staying; town says 47% going. Forecast 50 vs line 60; Q go +0.11 / stay -0.32; claiming I'm staying, going anyway."
0,79,PRAGMATIST,46.54,0.578,neural_forecaster,0.3183,0.1899,0.2413,0.2505,honest_go,going,home,False,True,False,0.3,envy,0.183,0.5,0.5,"Told the town going; town says 47% going. Forecast 47 vs line 60; Q go +0.21 / stay -0.07; claiming I'm going, staying home."
0,80,MACHIAVELLIAN,48.4,0.586,neural_forecaster,0.2867,0.2073,0.1855,0.3205,false_stay,going,bar,True,False,False,1.0,pride,0.49,0.5,0.5,"Told the town going; town says 47% going. Forecast 48 vs line 60; Q go +0.02 / stay -0.16; going, and saying so."
0,81,PRAGMATIST,52.28,0.599,neural_forecaster,0.1467,0.3797,0.2561,0.2175,honest_stay,staying,bar,True,True,True,1.0,pride,0.539,0.5,0.5,"Told the town staying; town says 47% going. Forecast 52 vs line 60; Q go -0.08 / stay +0.46; claiming I'm staying, going anyway."
0,82,MACHIAVELLIAN,48.49,0.586,neural_forecaster,0.1344,0.3472,0.4024,0.116,false_go,going,home,False,True,False,0.3,envy,0.117,0.5,0.5,"Told the town going; town says 47% going. Forecast 48 vs line 60; Q go -0.70 / stay +0.07; claiming I'm going, staying home."
0,83,MACHIAVELLIAN,47.12,0.58,neural_forecaster,0.2112,0.2703,0.1587,0.3597,false_stay,staying,bar,True,True,True,1.0,pride,0.333,0.5,0.5,"Told the town staying; town says 47% going. Forecast 47 vs line 60; Q go +0.33 / stay +0.17; claiming I'm staying, going anyway."
0,84,MACHIAVELLIAN,47.67,0.583,neural_forecaster,0.2205,0.2408,0.4088,0.1299,false_go,going,home,False,True,False,0.3,envy,0.115,0.5,0.5,"Told the town going; town says 47% going. Forecast 48 vs line 60; Q go -0.61 / stay +0.07; claiming I'm going, staying home."
0,85,PRAGMATIST,50.85,0.595,neural_forecaster,0.3142,0.1898,0.2046,0.2914,honest_go,staying,home,False,False,False,0.3,envy,0.153,0.5,0.5,"Told the town staying; town says 47% going. Forecast 51 vs line 60; Q go +0.30 / stay -0.01; staying home, and saying so."
0,86,MACHIAVELLIAN,48.42,0.586,neural_forecaster,0.2048,0.2697,0.1452,0.3803,false_stay,staying,bar,True,True,True,1.0,pride,0.463,0.5,0.5,"Told the town staying; town says 47% going. Forecast 48 vs line 60; Q go +0.07 / stay -0.07; claiming I'm staying, going anyway."
0,87,PRAGMATIST,50.98,0.596,neural_forecaster,0.2068,0.2973,0.2432,0.2527,honest_stay,staying,home,False,False,False,0.3,envy,0.016,0.5,0.5,"Told the town staying; town says 47% going. Forecast 51 vs line 60; Q go +0.19 / stay +0.33; staying home, and saying so."
0,88,MACHIAVELLIAN,51.78,0.599,neural_forecaster,0.2275,0.2691,0.2053,0.2981,false_stay,going,bar,True,False,True,1.0,pride,0.48,0.5,0.5,"Told the town going; town says 47% going. Forecast 52 vs line 60; Q go +0.04 / stay -0.09; going, and saying so."
0,89,MACHIAVELLIAN,42.87,0.563,neural_forecaster,0.3349,0.137,0.1097,0.4184,false_stay,going,bar,True,False,True,1.0,pride,0.231,0.5,0.5,"Told the town going; town says 47% going. Forecast 43 vs line 60; Q go +0.54 / stay -0.09; going, and saying so."
0,90,PRAGMATIST,49.23,0.589,neural_forecaster,0.1788,0.3249,0.3071,0.1892,honest_stay,going,home,False,True,False,0.3,envy,0.096,0.5,0.5,"Told the town going; town says 47% going. Forecast 49 vs line 60; Q go -0.54 / stay +0.11; claiming I'm going, staying home."
0,91,PRAGMATIST,47.79,0.583,neural_forecaster,0.1884,0.3163,0.2892,0.2061,honest_stay,going,home,False,True,False,0.3,envy,0.235,0.5,0.5,"Told the town going; town says 47% going. Forecast 48 vs line 60; Q go -0.59 / stay -0.17; claiming I'm going, staying home."
0,92,PRAGMATIST,53.93,0.592,neural_forecaster,0.3229,0.1799,0.1875,0.3098,honest_go,going,home,False,True,False,0.3,envy,0.147,0.5,0.5,"Told the town going; town says 47% going. Forecast 54 vs line 60; Q go +0.23 / stay +0.01; claiming I'm going, staying home."
0,93,MACHIAVELLIAN,47.89,0.584,neural_forecaster,0.2086,0.2881,0.195,0.3083,false_stay,going,bar,True,False,True,1.0,pride,0.491,0.5,0.5,"Told the town going; town says 47% going. Forecast 48 vs line 60; Q go +0.02 / stay -0.06; going, and saying so."
0,94,PRAGMATIST,50.02,0.592,neural_forecaster,0.3237,0.1847,0.2715,0.2202,honest_go,staying,bar,True,True,True,1.0,pride,0.337,0.5,0.5,"Told the town staying; town says 47% going. Forecast 50 vs line 60; Q go +0.33 / stay +0.20; claiming I'm staying, going anyway."
0,95,MACHIAVELLIAN,48.59,0.586,neural_forecaster,0.2943,0.1987,0.3299,0.1772,false_go,staying,home,False,False,False,0.3,envy,0.19,0.5,0.5,"Told the town staying; town says 47% going. Forecast 49 vs line 60; Q go -0.14 / stay -0.08; staying home, and saying so."
0,96,MACHIAVELLIAN,46.18,0.577,neural_forecaster,0.3137,0.1819,0.1715,0.3328,false_stay,going,bar,True,False,True,1.0,pride,0.112,0.5,0.5,"Told the town going; town says 47% going. Forecast 46 vs line 60; Q go +0.78 / stay +0.06; going, and saying so."
0,97,CAUTIOUS,49.98,0.592,neural_forecaster,0.114,0.3941,0.3707,0.1212,honest_stay,staying,bar,True,True,True,1.0,pride,0.629,0.5,0.5,"Told the town staying; town says 47% going. Forecast 50 vs line 60; Q go -0.26 / stay +0.93; claiming I'm staying, going anyway."
0,98,PRAGMATIST,51.74,0.599,neural_forecaster,0.2981,0.2047,0.2208,0.2764,honest_go,staying,bar,True,True,True,1.0,pride,0.483,0.5,0.5,"Told the town staying; town says 47% going. Forecast 52 vs line 60; Q go +0.03 / stay -0.29; claiming I'm staying, going anyway."
0,99,MACHIAVELLIAN,52.22,0.599,neural_forecaster,0.2747,0.2242,0.2163,0.2848,false_stay,staying,bar,True,True,True,1.0,pride,0.332,0.5,0.5,"Told the town staying; town says 47% going. Forecast 52 vs line 60; Q go +0.34 / stay +0.22; claiming I'm staying, going anyway."
0,100,MACHIAVELLIAN,52.08,0.6,neural_forecaster,0.3191,0.1611,0.1328,0.3871,false_stay,staying,home,False,False,False,0.3,envy,0.36,0.5,0.5,"Told the town staying; town says 47% going. Forecast 52 vs line 60; Q go +0.15 / stay -0.42; staying home, and saying so."
1,1,MACHIAVELLIAN,55.88,0.609,neural_forecaster,0.2074,0.2851,0.3262,0.1813,false_go,going,home,False,True,False,0.3,envy,0.115,0.5,0.5,"Told the town going; town says 54% going. Forecast 56 vs line 60; Q go -0.17 / stay +0.07; claiming I'm going, staying home."
1,2,MACHIAVELLIAN,44.51,0.674,neural_forecaster,0.2842,0.1289,0.071,0.5158,false_stay,staying,home,False,False,False,0.3,envy,0.284,0.5,0.5,"Told the town staying; town says 54% going. Forecast 45 vs line 60; Q go +0.40 / stay -0.27; staying home, and saying so."
1,3,MACHIAVELLIAN,50.15,0.635,neural_forecaster,0.121,0.2901,0.5215,0.0673,false_go,staying,home,False,False,True,0.3,envy,0.419,0.5,0.5,"Told the town staying; town says 54% going. Forecast 50 vs line 60; Q go -0.14 / stay +1.14; staying home, and saying so."
1,4,GAMBLER,51.52,0.641,neural_forecaster,0.389,0.1174,0.1234,0.3701,honest_go,staying,bar,True,True,False,1.0,pride,0.372,0.5,0.5,"Told the town staying; town says 54% going. Forecast 52 vs line 60; Q go +0.26 / stay -0.66; claiming I'm staying, going anyway."
1,5,MACHIAVELLIAN,54.29,0.638,neural_forecaster,0.1141,0.3573,0.4349,0.0937,false_go,staying,home,False,False,False,0.3,envy,0.04,0.5,0.5,"Told the town staying; town says 54% going. Forecast 54 vs line 60; Q go -0.35 / stay +0.22; staying home, and saying so."
1,6,PRAGMATIST,39.37,0.645,neural_forecaster,0.1692,0.3464,0.2349,0.2495,honest_stay,going,bar,True,False,False,1.0,pride,0.567,0.5,0.5,"Told the town going; town says 54% going. Forecast 39 vs line 60; Q go -0.13 / stay +0.14; going, and saying so."
1,7,MACHIAVELLIAN,46.38,0.665,neural_forecaster,0.1809,0.0634,0.0155,0.7402,false_stay,staying,bar,True,True,False,1.0,pride,0.418,0.5,0.5,"Told the town staying; town says 54% going. Forecast 46 vs line 60; Q go +0.16 / stay -0.70; claiming I'm staying, going anyway."
1,8,PRAGMATIST,63.32,0.599,neural_forecaster,0.2184,0.2819,0.2793,0.2204,honest_stay,staying,home,False,False,True,0.3,envy,0.015,0.5,0.5,"Told the town staying; town says 54% going. Forecast 63 vs line 60; Q go +0.04 / stay +0.27; staying home, and saying so."
1,9,PRAGMATIST,57.18,0.624,neural_forecaster,0.1751,0.3355,0.2786,0.2108,honest_stay,staying,bar,True,True,False,1.0,pride,0.294,0.5,0.5,"Told the town staying; town says 54% going. Forecast 57 vs line 60; Q go +0.41 / stay +0.85; claiming I'm staying, going anyway."
1,10,PRAGMATIST,56.31,0.62,neural_forecaster,0.2584,0.2417,0.2444,0.2556,honest_go,going,home,False,True,False,0.3,envy,0.037,0.5,0.5,"Told the town going; town says 54% going. Forecast 56 vs line 60; Q go +0.41 / stay +0.37; claiming I'm going, staying home."
1,11,CAUTIOUS,53.44,0.636,neural_forecaster,0.1036,0.4539,0.2652,0.1773,honest_stay,staying,home,False,False,True,0.3,envy,0.071,0.5,0.5,"Told the town staying; town says 54% going. Forecast 53 vs line 60; Q go -0.57 / stay +0.44; staying home, and saying so."
1,12,PRAGMATIST,60.06,0.611,neural_forecaster,0.3008,0.2034,0.2316,0.2642,honest_go,staying,home,False,False,True,0.3,envy,0.415,0.5,0.5,"Told the town staying; town says 54% going. Forecast 60 vs line 60; Q go -0.25 / stay -0.53; staying home, and saying so."
1,13,PRAGMATIST,50.49,0.65,neural_forecaster,0.3038,0.2011,0.2607,0.2344,honest_go,staying,home,False,False,False,0.3,envy,0.107,0.5,0.5,"Told the town staying; town says 54% going. Forecast 50 vs line 60; Q go +0.27 / stay +0.09; staying home, and saying so."
1,14,CAUTIOUS,46.8,0.663,neural_forecaster,0.1415,0.3787,0.303,0.1769,honest_stay,going,home,False,True,False,0.3,envy,0.09,0.5,0.5,"Told the town going; town says 54% going. Forecast 47 vs line 60; Q go -0.49 / stay +0.12; claiming I'm going, staying home."
1,15,CAUTIOUS,46.06,0.659,neural_forecaster,0.0989,0.4689,0.2332,0.1989,honest_stay,staying,home,False,False,True,0.3,envy,0.292,0.5,0.5,"Told the town staying; town says 54% going. Forecast 46 vs line 60; Q go -0.64 / stay -0.28; staying home, and saying so."
1,16,GAMBLER,55.93,0.622,neural_forecaster,0.4482,0.1075,0.1885,0.2557,honest_go,going,bar,True,False,False,1.0,pride,0.212,0.5,0.5,"Told the town going; town says 54% going. Forecast 56 vs line 60; Q go +0.58 / stay +0.06; going, and saying so."
1,17,MACHIAVELLIAN,51.86,0.645,neural_forecaster,0.2189,0.1021,0.0347,0.6443,false_stay,going,bar,True,False,False,1.0,pride,0.19,0.5,0.5,"Told the town going; town says 54% going. Forecast 52 vs line 60; Q go +0.62 / stay +0.04; going, and saying so."
1,18,GAMBLER,49.18,0.648,neural_forecaster,0.4789,0.0948,0.21,0.2163,honest_go,going,home,False,True,True,0.3,envy,0.136,0.5,0.5,"Told the town going; town says 54% going. Forecast 49 vs line 60; Q go +0.68 / stay +0.03; claiming I'm going, staying home."
1,19,MACHIAVELLIAN,53.46,0.632,neural_forecaster,0.0976,0.3601,0.467,0.0753,false_go,staying,home,False,False,True,0.3,envy,0.153,0.5,0.5,"Told the town staying; town says 54% going. Forecast 53 vs line 60; Q go +0.03 / stay +0.61; staying home, and saying so."
1,20,PRAGMATIST,47.77,0.647,neural_forecaster,0.1238,0.4194,0.2126,0.2442,honest_stay,staying,home,False,False,True,0.3,envy,0.008,0.5,0.5,"Told the town staying; town says 54% going. Forecast 48 vs line 60; Q go -0.38 / stay +0.28; staying home, and saying so."
1,21,GAMBLER,43.13,0.662,neural_forecaster,0.4835,0.0923,0.1936,0.2306,honest_go,staying,bar,True,True,False,1.0,pride,0.285,0.5,0.5,"Told the town staying; town says 54% going. Forecast 43 vs line 60; Q go +0.43 / stay -0.24; claiming I'm staying, going anyway."
1,22,PRAGMATIST,46.63,0.662,neural_forecaster,0.1877,0.3207,0.2306,0.261,honest_stay,staying,bar,True,True,True,1.0,pride,0.529,0.5,0.5,"Told the town staying; town says 54% going. Forecast 47 vs line 60; Q go -0.06 / stay +0.11; claiming I'm staying, going anyway."
1,23,MACHIAVELLIAN,52.84,0.636,neural_forecaster,0.3157,0.177,0.1617,0.3456,false_stay,staying,home,False,False,False,0.3,envy,0.392,0.5,0.5,"Told the town staying; town says 54% going. Forecast 53 vs line 60; Q go +0.19 / stay -0.48; staying home, and saying so."
1,24,MACHIAVELLIAN,54.0,0.635,neural_forecaster,0.1592,0.2573,0.5018,0.0816,false_go,staying,home,False,False,False,0.3,envy,0.256,0.5,0.5,"Told the town staying; town says 54% going. Forecast 54 vs line 60; Q go +0.25 / stay +0.81; staying home, and saying so."
1,25,MACHIAVELLIAN,40.42,0.647,neural_forecaster,0.2331,0.2654,0.2825,0.219,false_go,going,bar,True,False,False,1.0,pride,0.458,0.5,0.5,"Told the town going; town says 54% going. Forecast 40 vs line 60; Q go +0.08 / stay +0.15; going, and saying so."
1,26,MACHIAVELLIAN,44.31,0.659,neural_forecaster,0.339,0.0969,0.4983,0.0659,false_go,going,home,False,True,False,0.3,envy,0.114,0.5,0.5,"Told the town going; town says 54% going. Forecast 44 vs line 60; Q go -0.06 / stay +0.07; claiming I'm going, staying home."
1,27,MACHIAVELLIAN,54.79,0.631,neural_forecaster,0.2125,0.2326,0.1114,0.4435,false_stay,going,bar,True,False,False,1.0,pride,0.401,0.5,0.5,"Told the town going; town says 54% going. Forecast 55 vs line 60; Q go +0.20 / stay -0.24; going, and saying so."
1,28,MACHIAVELLIAN,49.33,0.655,neural_forecaster,0.2726,0.2268,0.2797,0.221,false_go,staying,home,False,False,False,0.3,envy,0.008,0.5,0.5,"Told the town staying; town says 54% going. Forecast 49 vs line 60; Q go +0.29 / stay +0.32; staying home, and saying so."
1,29,MACHIAVELLIAN,52.49,0.639,neural_forecaster,0.2294,0.2476,0.3693,0.1538,false_go,staying,home,False,False,False,0.3,envy,0.016,0.5,0.5,"Told the town staying; town says 54% going. Forecast 52 vs line 60; Q go -0.12 / stay +0.27; staying home, and saying so."
1,30,GAMBLER,52.57,0.644,neural_forecaster,0.4803,0.0576,0.0707,0.3914,honest_go,going,bar,True,False,True,1.0,pride,0.133,0.5,0.5,"Told the town going; town says 54% going. Forecast 53 vs line 60; Q go +0.73 / stay -0.41; going, and saying so."
1,31,MACHIAVELLIAN,54.21,0.629,neural_forecaster,0.2547,0.2272,0.3551,0.163,false_go,going,home,False,True,False,0.3,envy,0.043,0.5,0.5,"Told the town going; town says 54% going. Forecast 54 vs line 60; Q go +0.01 / stay +0.21; claiming I'm going, staying home."
1,32,PRAGMATIST,52.81,0.633,neural_forecaster,0.1373,0.396,0.2248,0.2419,honest_stay,going,home,False,True,False,0.3,envy,0.188,0.5,0.5,"Told the town going; town says 54% going. Forecast 53 vs line 60; Q go -0.22 / stay -0.08; claiming I'm going, staying home."
1,33,MACHIAVELLIAN,63.6,0.578,neural_forecaster,0.2768,0.2231,0.2224,0.2777,false_stay,going,bar,True,False,True,1.0,pride,0.164,0.5,0.5,"Told the town going; town says 54% going. Forecast 64 vs line 60; Q go +0.67 / stay +0.46; going, and saying so."
1,34,MACHIAVELLIAN,50.71,0.647,neural_forecaster,0.1871,0.2866,0.3882,0.1381,false_go,going,home,False,True,False,0.3,envy,0.127,0.5,0.5,"Told the town going; town says 54% going. Forecast 51 vs line 60; Q go -0.53 / stay +0.05; claiming I'm going, staying home."
1,35,MACHIAVELLIAN,52.1,0.641,neural_forecaster,0.1142,0.2428,0.5966,0.0465,false_go,going,home,False,True,True,0.3,envy,0.02,0.5,0.5,"Told the town going; town says 54% going. Forecast 52 vs line 60; Q go -0.34 / stay +0.34; claiming I'm going, staying home."
1,36,PRAGMATIST,49.1,0.654,neural_forecaster,0.3308,0.1789,0.2142,0.2762,honest_go,going,home,False,True,False,0.3,envy,0.072,0.5,0.5,"Told the town going; town says 54% going. Forecast 49 vs line 60; Q go +0.72 / stay +0.44; claiming I'm going, staying home."
1,37,MACHIAVELLIAN,44.05,0.648,neural_forecaster,0.3491,0.1405,0.3818,0.1285,false_go,staying,bar,True,True,True,1.0,pride,0.478,0.5,0.5,"Told the town staying; town says 54% going. Forecast 44 vs line 60; Q go +0.04 / stay +0.07; claiming I'm staying, going anyway."
1,38,PRAGMATIST,52.55,0.645,neural_forecaster,0.3952,0.1372,0.2542,0.2133,honest_go,staying,bar,True,True,True,1.0,pride,0.359,0.5,0.5,"Told the town staying; town says 54% going. Forecast 53 vs line 60; Q go +0.28 / stay -0.20; claiming I'm staying, going anyway."
1,39,PRAGMATIST,52.48,0.64,neural_forecaster,0.3305,0.1747,0.1887,0.3061,honest_go,staying,bar,True,True,False,1.0,pride,0.434,0.5,0.5,"Told the town staying; town says 54% going. Forecast 52 vs line 60; Q go +0.13 / stay -0.11; claiming I'm staying, going anyway."
1,40,MACHIAVELLIAN,48.79,0.655,neural_forecaster,0.2031,0.2938,0.3115,0.1916,false_go,going,home,False,True,True,0.3,envy,0.137,0.5,0.5,"Told the town going; town says 54% going. Forecast 49 vs line 60; Q go +0.45 / stay +0.57; claiming I'm going, staying home."
1,41,MACHIAVELLIAN,48.38,0.66,neural_forecaster,0.2319,0.2558,0.3356,0.1767,false_go,staying,bar,True,True,True,1.0,pride,0.102,0.5,0.5,"Told the town staying; town says 54% going. Forecast 48 vs line 60; Q go +0.80 / stay +1.07; claiming I'm staying, going anyway."
1,42,GAMBLER,41.79,0.654,neural_forecaster,0.6734,0.0317,0.1672,0.1276,honest_go,going,bar,True,False,False,1.0,pride,0.321,0.5,0.5,"Told the town going; town says 54% going. Forecast 42 vs line 60; Q go +0.36 / stay -0.30; going, and saying so."
1,43,MACHIAVELLIAN,55.57,0.631,neural_forecaster,0.2457,0.2423,0.3335,0.1785,false_go,staying,home,False,False,False,0.3,envy,0.159,0.5,0.5,"Told the town staying; town says 54% going. Forecast 56 vs line 60; Q go +0.34 / stay +0.62; staying home, and saying so."
1,44,MACHIAVELLIAN,50.45,0.648,neural_forecaster,0.3201,0.083,0.0485,0.5484,false_stay,going,bar,True,False,False,1.0,pride,0.347,0.5,0.5,"Told the town going; town says 54% going. Forecast 50 vs line 60; Q go +0.31 / stay -0.35; going, and saying so."
1,45,MACHIAVELLIAN,47.39,0.661,neural_forecaster,0.0469,0.426,0.4861,0.0411,false_go,going,home,False,True,False,0.3,envy,0.152,0.5,0.5,"Told the town going; town says 54% going. Forecast 47 vs line 60; Q go -1.33 / stay -0.00; claiming I'm going, staying home."
1,46,MACHIAVELLIAN,45.83,0.662,neural_forecaster,0.3396,0.1123,0.0818,0.4662,false_stay,going,bar,True,False,False,1.0,pride,0.083,0.5,0.5,"Told the town going; town says 54% going. Forecast 46 vs line 60; Q go +0.83 / stay -0.04; going, and saying so."
1,47,CAUTIOUS,49.92,0.643,neural_forecaster,0.1459,0.3729,0.2998,0.1814,honest_stay,going,home,False,True,False,0.3,envy,0.111,0.5,0.5,"Told the town going; town says 54% going. Forecast 50 vs line 60; Q go -0.06 / stay +0.52; claiming I'm going, staying home."
1,48,PRAGMATIST,53.76,0.636,neural_forecaster,0.3329,0.1764,0.2069,0.2838,honest_go,staying,bar,True,True,True,1.0,pride,0.204,0.5,0.5,"Told the town staying; town says 54% going. Forecast 54 vs line 60; Q go +0.59 / stay +0.04; claiming I'm staying, going anyway."
1,49,MACHIAVELLIAN,43.23,0.654,neural_forecaster,0.1888,0.2817,0.3949,0.1347,false_go,going,bar,True,False,True,1.0,pride,0.817,0.5,0.5,"Told the town going; town says 54% going. Forecast 43 vs line 60; Q go -0.63 / stay +0.16; going, and saying so."
1,50,PRAGMATIST,47.02,0.666,neural_forecaster,0.1719,0.334,0.3075,0.1867,honest_stay,going,home,False,True,True,0.3,envy,0.105,0.5,0.5,"Told the town going; town says 54% going. Forecast 47 vs line 60; Q go -0.59 / stay +0.09; claiming I'm going, staying home."
1,51,MACHIAVELLIAN,50.76,0.646,neural_forecaster,0.1436,0.2182,0.0536,0.5846,false_stay,staying,bar,True,True,False,1.0,pride,0.439,0.5,0.5,"Told the town staying; town says 54% going. Forecast 51 vs line 60; Q go +0.12 / stay -0.24; claiming I'm staying, going anyway."
1,52,PRAGMATIST,48.5,0.653,neural_forecaster,0.1714,0.3433,0.2508,0.2346,honest_stay,going,bar,True,False,False,1.0,pride,0.546,0.5,0.5,"Told the town going; town says 54% going. Forecast 49 vs line 60; Q go -0.09 / stay +0.21; going, and saying so."
1,53,PRAGMATIST,48.84,0.653,neural_forecaster,0.4187,0.1235,0.2553,0.2025,honest_go,going,home,False,True,False,0.3,envy,0.175,0.5,0.5,"Told the town going; town says 54% going. Forecast 49 vs line 60; Q go +0.29 / stay -0.05; claiming I'm going, staying home."
1,54,CAUTIOUS,58.82,0.614,neural_forecaster,0.0588,0.5381,0.2962,0.1069,honest_stay,going,bar,True,False,True,1.0,pride,0.822,0.5,0.5,"Told the town going; town says 54% going. Forecast 59 vs line 60; Q go -0.64 / stay -0.07; going, and saying so."
1,55,PRAGMATIST,54.96,0.633,neural_forecaster,0.1807,0.3278,0.2799,0.2116,honest_stay,staying,home,False,False,True,0.3,envy,0.166,0.5,0.5,"Told the town staying; town says 54% going. Forecast 55 vs line 60; Q go +0.32 / stay +0.63; staying home, and saying so."
1,56,MACHIAVELLIAN,43.52,0.657,neural_forecaster,0.2299,0.2211,0.1179,0.4311,false_stay,staying,home,False,False,False,0.3,envy,0.133,0.5,0.5,"Told the town staying; town says 54% going. Forecast 44 vs line 60; Q go +0.29 / stay +0.03; staying home, and saying so."
1,57,MACHIAVELLIAN,45.14,0.675,neural_forecaster,0.2522,0.2437,0.2069,0.2971,false_stay,going,bar,True,False,False,1.0,pride,0.319,0.5,0.5,"Told the town going; town says 54% going. Forecast 45 vs line 60; Q go +0.36 / stay +0.27; going, and saying so."
1,58,PRAGMATIST,45.19,0.67,neural_forecaster,0.3131,0.1932,0.2261,0.2675,honest_go,going,bar,True,False,True,1.0,pride,0.24,0.5,0.5,"Told the town going; town says 54% going. Forecast 45 vs line 60; Q go +0.52 / stay +0.17; going, and saying so."
1,59,PRAGMATIST,48.29,0.659,neural_forecaster,0.3359,0.1742,0.2833,0.2065,honest_go,going,bar,True,False,False,1.0,pride,0.39,0.5,0.5,"Told the town going; town says 54% going. Forecast 48 vs line 60; Q go +0.22 / stay +0.13; going, and saying so."
1,60,MACHIAVELLIAN,46.89,0.66,neural_forecaster,0.1941,0.285,0.3724,0.1486,false_go,going,home,False,True,False,0.3,envy,0.139,0.5,0.5,"Told the town going; town says 54% going. Forecast 47 vs line 60; Q go -0.55 / stay +0.02; claiming I'm going, staying home."
1,61,MACHIAVELLIAN,42.42,0.667,neural_forecaster,0.2275,0.2677,0.3056,0.1992,false_go,going,bar,True,False,False,1.0,pride,0.595,0.5,0.5,"Told the town going; town says 54% going. Forecast 42 vs line 60; Q go -0.19 / stay -0.04; going, and saying so."
1,62,PRAGMATIST,57.74,0.619,neural_forecaster,0.2092,0.2944,0.2547,0.2417,honest_stay,going,bar,True,False,False,1.0,pride,0.501,0.5,0.5,"Told the town going; town says 54% going. Forecast 58 vs line 60; Q go -0.00 / stay +0.17; going, and saying so."
1,63,GAMBLER,63.27,0.601,neural_forecaster,0.6367,0.0108,0.0208,0.3317,honest_go,going,bar,True,False,False,1.0,pride,0.244,0.5,0.5,"Told the town going; town says 54% going. Forecast 63 vs line 60; Q go +1.49 / stay +0.33; going, and saying so."
1,64,PRAGMATIST,47.65,0.665,neural_forecaster,0.3502,0.1655,0.2688,0.2156,honest_go,going,bar,True,False,False,1.0,pride,0.398,0.5,0.5,"Told the town going; town says 54% going. Forecast 48 vs line 60; Q go +0.20 / stay +0.03; going, and saying so."
1,65,MACHIAVELLIAN,42.3,0.661,neural_forecaster,0.0498,0.4317,0.473,0.0455,false_go,going,home,False,True,False,0.3,envy,0.056,0.5,0.5,"Told the town going; town says 54% going. Forecast 42 vs line 60; Q go -0.44 / stay +0.41; claiming I'm going, staying home."
1,66,CAUTIOUS,53.78,0.636,neural_forecaster,0.1655,0.3369,0.327,0.1705,honest_stay,staying,home,False,False,True,0.3,envy,0.015,0.5,0.5,"Told the town staying; town says 54% going. Forecast 54 vs line 60; Q go -0.01 / stay +0.27; staying home, and saying so."
1,67,MACHIAVELLIAN,46.57,0.669,neural_forecaster,0.3047,0.195,0.1938,0.3066,false_stay,going,home,False,True,False,0.3,envy,0.031,0.5,0.5,"Told the town going; town says 54% going. Forecast 47 vs line 60; Q go +0.73 / stay +0.24; claiming I'm going, staying home."
1,68,MACHIAVELLIAN,49.81,0.649,neural_forecaster,0.2945,0.2053,0.2042,0.296,false_stay,going,bar,True,False,False,1.0,pride,0.251,0.5,0.5,"Told the town going; town says 54% going. Forecast 50 vs line 60; Q go +0.50 / stay +0.19; going, and saying so."
1,69,PRAGMATIST,43.93,0.657,neural_forecaster,0.3128,0.1916,0.2092,0.2865,honest_go,going,home,False,True,False,0.3,envy,0.268,0.5,0.5,"Told the town going; town says 54% going. Forecast 44 vs line 60; Q go +0.24 / stay -0.24; claiming I'm going, staying home."
1,70,MACHIAVELLIAN,48.86,0.659,neural_forecaster,0.2667,0.2263,0.3158,0.1911,false_go,going,bar,True,False,True,1.0,pride,0.456,0.5,0.5,"Told the town going; town says 54% going. Forecast 49 vs line 60; Q go +0.09 / stay +0.25; going, and saying so."
1,71,PRAGMATIST,48.66,0.655,neural_forecaster,0.3034,0.2012,0.2652,0.2302,honest_go,staying,home,False,False,True,0.3,envy,0.066,0.5,0.5,"Told the town staying; town says 54% going. Forecast 49 vs line 60; Q go +0.31 / stay +0.17; staying home, and saying so."
1,72,MACHIAVELLIAN,47.05,0.653,neural_forecaster,0.1141,0.309,0.5075,0.0695,false_go,staying,home,False,False,False,0.3,envy,0.041,0.5,0.5,"Told the town staying; town says 54% going. Forecast 47 vs line 60; Q go -0.33 / stay +0.22; staying home, and saying so."
1,73,CAUTIOUS,47.89,0.655,neural_forecaster,0.0539,0.5897,0.1767,0.1798,honest_stay,staying,home,False,False,False,0.3,envy,0.282,0.5,0.5,"Told the town staying; town says 54% going. Forecast 48 vs line 60; Q go +0.31 / stay +0.86; staying home, and saying so."
1,74,GAMBLER,53.89,0.637,neural_forecaster,0.7147,0.0236,0.1146,0.1471,honest_go,going,home,False,True,True,0.3,envy,0.103,0.5,0.5,"Told the town going; town says 54% going. Forecast 54 vs line 60; Q go +0.81 / stay +0.09; claiming I'm going, staying home."
1,75,MACHIAVELLIAN,51.04,0.649,neural_forecaster,0.2171,0.1742,0.5385,0.0702,false_go,going,home,False,True,True,0.3,envy,0.079,0.5,0.5,"Told the town going; town says 54% going. Forecast 51 vs line 60; Q go -0.15 / stay +0.14; claiming I'm going, staying home."
1,76,MACHIAVELLIAN,56.02,0.629,neural_forecaster,0.3823,0.1108,0.1055,0.4013,false_stay,going,bar,True,False,True,1.0,pride,0.149,0.5,0.5,"Told the town going; town says 54% going. Forecast 56 vs line 60; Q go +0.70 / stay +0.14; going, and saying so."
1,77,MACHIAVELLIAN,49.34,0.649,neural_forecaster,0.3452,0.1519,0.1475,0.3554,false_stay,going,bar,True,False,False,1.0,pride,0.001,0.5,0.5,"Told the town going; town says 54% going. Forecast 49 vs line 60; Q go +1.00 / stay +0.08; going, and saying so."
1,78,MACHIAVELLIAN,45.69,0.668,neural_forecaster,0.2091,0.2849,0.1864,0.3196,false_stay,staying,bar,True,True,False,1.0,pride,0.533,0.5,0.5,"Told the town staying; town says 54% going. Forecast 46 vs line 60; Q go -0.07 / stay -0.17; claiming I'm staying, going anyway."
1,79,PRAGMATIST,47.12,0.65,neural_forecaster,0.278,0.2232,0.2613,0.2375,honest_go,going,home,False,True,False,0.3,envy,0.213,0.5,0.5,"Told the town going; town says 54% going. Forecast 47 vs line 60; Q go -0.07 / stay -0.13; claiming I'm going, staying home."
1,80,PRAGMATIST,50.76,0.641,neural_forecaster,0.1841,0.325,0.2655,0.2254,honest_stay,staying,home,False,False,True,0.3,envy,0.034,0.5,0.5,"Told the town staying; town says 54% going. Forecast 51 vs line 60; Q go +0.09 / stay +0.23; staying home, and saying so."
1,81,PRAGMATIST,50.84,0.652,neural_forecaster,0.1566,0.3651,0.2419,0.2363,honest_stay,staying,home,False,False,True,0.3,envy,0.075,0.5,0.5,"Told the town staying; town says 54% going. Forecast 51 vs line 60; Q go +0.05 / stay +0.45; staying home, and saying so."
1,82,GAMBLER,47.52,0.655,neural_forecaster,0.4901,0.0771,0.1214,0.3113,honest_go,staying,home,False,False,False,0.3,envy,0.489,0.5,0.5,"Told the town staying; town says 54% going. Forecast 48 vs line 60; Q go +0.28 / stay -0.68; staying home, and saying so."
1,83,MACHIAVELLIAN,45.0,0.66,neural_forecaster,0.3121,0.1547,0.1155,0.4178,false_stay,going,bar,True,False,False,1.0,pride,0.175,0.5,0.5,"Told the town going; town says 54% going. Forecast 45 vs line 60; Q go +0.65 / stay +0.08; going, and saying so."
1,84,MACHIAVELLIAN,50.28,0.641,neural_forecaster,0.3107,0.1649,0.3946,0.1298,false_go,staying,home,False,False,False,0.3,envy,0.189,0.5,0.5,"Told the town staying; town says 54% going. Forecast 50 vs line 60; Q go -0.33 / stay -0.08; staying home, and saying so."
1,85,GAMBLER,54.76,0.633,neural_forecaster,0.3294,0.1708,0.1713,0.3285,honest_go,staying,home,False,False,False,0.3,envy,0.103,0.5,0.5,"Told the town staying; town says 54% going. Forecast 55 vs line 60; Q go +0.55 / stay +0.09; staying home, and saying so."
1,86,PRAGMATIST,43.77,0.668,neural_forecaster,0.1085,0.4399,0.1687,0.2828,honest_stay,going,home,False,True,True,0.3,envy,0.022,0.5,0.5,"Told the town going; town says 54% going. Forecast 44 vs line 60; Q go +0.08 / stay +0.26; claiming I'm going, staying home."
1,87,PRAGMATIST,50.47,0.651,neural_forecaster,0.2698,0.2309,0.2539,0.2454,honest_go,staying,home,False,False,False,0.3,envy,0.005,0.5,0.5,"Told the town staying; town says 54% going. Forecast 50 vs line 60; Q go +0.36 / stay +0.31; staying home, and saying so."
1,88,MACHIAVELLIAN,47.16,0.667,neural_forecaster,0.262,0.2359,0.216,0.2861,false_stay,going,bar,True,False,False,1.0,pride,0.476,0.5,0.5,"Told the town going; town says 54% going. Forecast 47 vs line 60; Q go +0.05 / stay -0.19; going, and saying so."
1,89,PRAGMATIST,48.22,0.634,neural_forecaster,0.3373,0.1699,0.1881,0.3047,honest_go,staying,bar,True,True,False,1.0,pride,0.24,0.5,0.5,"Told the town staying; town says 54% going. Forecast 48 vs line 60; Q go +0.52 / stay +0.21; claiming I'm staying, going anyway."
1,90,MACHIAVELLIAN,46.45,0.661,neural_forecaster,0.2691,0.225,0.1945,0.3113,false_stay,staying,bar,True,True,True,1.0,pride,0.456,0.5,0.5,"Told the town staying; town says 54% going. Forecast 46 vs line 60; Q go +0.09 / stay -0.29; claiming I'm staying, going anyway."
1,91,MACHIAVELLIAN,44.57,0.664,neural_forecaster,0.2874,0.173,0.1178,0.4218,false_stay,staying,bar,True,True,True,1.0,pride,0.357,0.5,0.5,"Told the town staying; town says 54% going. Forecast 45 vs line 60; Q go +0.29 / stay -0.58; claiming I'm staying, going anyway."
1,92,MACHIAVELLIAN,51.5,0.644,neural_forecaster,0.2306,0.2369,0.3939,0.1387,false_go,staying,bar,True,True,True,1.0,pride,0.514,0.5,0.5,"Told the town staying; town says 54% going. Forecast 51 vs line 60; Q go -0.03 / stay +0.18; claiming I'm staying, going anyway."
1,93,PRAGMATIST,47.93,0.651,neural_forecaster,0.1362,0.3893,0.1803,0.2942,honest_stay,going,home,False,True,True,0.3,envy,0.106,0.5,0.5,"Told the town going; town says 54% going. Forecast 48 vs line 60; Q go -0.22 / stay +0.09; claiming I'm going, staying home."
1,94,PRAGMATIST,52.56,0.639,neural_forecaster,0.3745,0.1503,0.2493,0.2259,honest_go,going,home,False,True,True,0.3,envy,0.1,0.5,0.5,"Told the town going; town says 54% going. Forecast 53 vs line 60; Q go +0.39 / stay +0.10; claiming I'm going, staying home."
1,95,PRAGMATIST,46.55,0.659,neural_forecaster,0.3828,0.1454,0.2311,0.2408,honest_go,going,home,False,True,False,0.3,envy,0.268,0.5,0.5,"Told the town going; town says 54% going. Forecast 47 vs line 60; Q go +0.03 / stay -0.24; claiming I'm going, staying home."
1,96,PRAGMATIST,49.91,0.638,neural_forecaster,0.3394,0.1704,0.1973,0.293,honest_go,going,home,False,True,True,0.3,envy,0.007,0.5,0.5,"Told the town going; town says 54% going. Forecast 50 vs line 60; Q go +0.94 / stay +0.31; claiming I'm going, staying home."
1,97,MACHIAVELLIAN,52.56,0.639,neural_forecaster,0.1377,0.3451,0.3977,0.1195,false_go,staying,bar,True,True,False,1.0,pride,0.605,0.5,0.5,"Told the town staying; town says 54% going. Forecast 53 vs line 60; Q go -0.21 / stay +0.81; claiming I'm staying, going anyway."
1,98,MACHIAVELLIAN,56.5,0.629,neural_forecaster,0.2644,0.2342,0.2807,0.2206,false_go,going,home,False,True,True,0.3,envy,0.109,0.5,0.5,"Told the town going; town says 54% going. Forecast 57 vs line 60; Q go +0.02 / stay +0.08; claiming I'm going, staying home."
1,99,MACHIAVELLIAN,54.2,0.639,neural_forecaster,0.2679,0.2308,0.2192,0.2821,false_stay,staying,bar,True,True,False,1.0,pride,0.378,0.5,0.5,"Told the town staying; town says 54% going. Forecast 54 vs line 60; Q go +0.24 / stay +0.15; claiming I'm staying, going anyway."
1,100,GAMBLER,50.17,0.655,neural_forecaster,0.3773,0.127,0.1316,0.3641,honest_go,staying,home,False,False,False,0.3,envy,0.364,0.5,0.5,"Told the town staying; town says 54% going. Forecast 50 vs line 60; Q go +0.24 / stay -0.43; staying home, and saying so."
2,1,MACHIAVELLIAN,52.24,0.678,neural_forecaster,0.2447,0.244,0.331,0.1803,false_go,going,home,False,True,False,0.3,envy,0.047,0.5,0.5,"Told the town going; town says 42% going. Forecast 52 vs line 60; Q go +0.05 / stay +0.21; claiming I'm going, staying home."
2,2,MACHIAVELLIAN,44.88,0.719,neural_forecaster,0.2426,0.164,0.077,0.5164,false_stay,staying,bar,True,True,True,1.0,pride,0.219,0.5,0.5,"Told the town staying; town says 42% going. Forecast 45 vs line 60; Q go +0.56 / stay +0.03; claiming I'm staying, going anyway."
2,3,MACHIAVELLIAN,43.79,0.683,neural_forecaster,0.2109,0.2237,0.4636,0.1018,false_go,staying,home,False,False,False,0.3,envy,0.425,0.5,0.5,"Told the town staying; town says 42% going. Forecast 44 vs line 60; Q go +0.52 / stay +1.15; staying home, and saying so."
2,4,MACHIAVELLIAN,48.06,0.705,neural_forecaster,0.3349,0.1174,0.085,0.4626,false_stay,staying,bar,True,True,False,1.0,pride,0.169,0.5,0.5,"Told the town staying; town says 42% going. Forecast 48 vs line 60; Q go +0.66 / stay -0.41; claiming I'm staying, going anyway."
2,5,MACHIAVELLIAN,53.91,0.695,neural_forecaster,0.3255,0.155,0.1293,0.3902,false_stay,going,bar,True,False,True,1.0,pride,0.408,0.5,0.5,"Told the town going; town says 42% going. Forecast 54 vs line 60; Q go +0.18 / stay -0.19; going, and saying so."
2,6,CAUTIOUS,46.01,0.7,neural_forecaster,0.1122,0.4358,0.2722,0.1797,honest_stay,staying,bar,True,True,False,1.0,pride,0.634,0.5,0.5,"Told the town staying; town says 42% going. Forecast 46 vs line 60; Q go -0.27 / stay +0.47; claiming I'm staying, going anyway."
2,7,CAUTIOUS,45.21,0.713,neural_forecaster,0.0206,0.7124,0.1896,0.0774,honest_stay,going,home,False,True,True,0.3,envy,0.056,0.5,0.5,"Told the town going; town says 42% going. Forecast 45 vs line 60; Q go -0.51 / stay +0.19; claiming I'm going, staying home."
2,8,PRAGMATIST,64.06,0.623,neural_forecaster,0.2276,0.2732,0.2383,0.2609,honest_stay,staying,home,False,False,False,0.3,envy,0.06,0.5,0.5,"Told the town staying; town says 42% going. Forecast 64 vs line 60; Q go +0.14 / stay +0.18; staying home, and saying so."
2,9,PRAGMATIST,52.44,0.689,neural_forecaster,0.3657,0.1562,0.2347,0.2434,honest_go,staying,home,False,False,True,0.3,envy,0.141,0.5,0.5,"Told the town staying; town says 42% going. Forecast 52 vs line 60; Q go +0.99 / stay +0.58; staying home, and saying so."
2,10,GAMBLER,52.94,0.684,neural_forecaster,0.4359,0.1092,0.163,0.292,honest_go,staying,home,False,False,False,0.3,envy,0.162,0.5,0.5,"Told the town staying; town says 42% going. Forecast 53 vs line 60; Q go +0.59 / stay -0.02; staying home, and saying so."
2,11,MACHIAVELLIAN,58.87,0.673,neural_forecaster,0.24,0.2158,0.1229,0.4213,false_stay,going,home,False,True,False,0.3,envy,0.056,0.5,0.5,"Told the town going; town says 42% going. Forecast 59 vs line 60; Q go +0.87 / stay +0.19; claiming I'm going, staying home."
2,12,PRAGMATIST,55.56,0.666,neural_forecaster,0.1711,0.3398,0.285,0.204,honest_stay,going,bar,True,False,True,1.0,pride,0.794,0.5,0.5,"Told the town going; town says 42% going. Forecast 56 vs line 60; Q go -0.59 / stay -0.05; going, and saying so."
2,13,PRAGMATIST,47.96,0.712,neural_forecaster,0.3053,0.1999,0.235,0.2598,honest_go,staying,bar,True,True,True,1.0,pride,0.201,0.5,0.5,"Told the town staying; town says 42% going. Forecast 48 vs line 60; Q go +0.60 / stay +0.29; claiming I'm staying, going anyway."
2,14,MACHIAVELLIAN,50.44,0.729,neural_forecaster,0.3104,0.1762,0.151,0.3623,false_stay,staying,bar,True,True,True,1.0,pride,0.4,0.5,0.5,"Told the town staying; town says 42% going. Forecast 50 vs line 60; Q go +0.20 / stay -0.36; claiming I'm staying, going anyway."
2,15,MACHIAVELLIAN,44.86,0.707,neural_forecaster,0.1054,0.385,0.0987,0.411,false_stay,staying,home,False,False,False,0.3,envy,0.351,0.5,0.5,"Told the town staying; town says 42% going. Forecast 45 vs line 60; Q go -0.38 / stay -0.40; staying home, and saying so."
2,16,MACHIAVELLIAN,61.14,0.653,neural_forecaster,0.3524,0.1274,0.1093,0.4109,false_stay,staying,home,False,False,True,0.3,envy,0.028,0.5,0.5,"Told the town staying; town says 42% going. Forecast 61 vs line 60; Q go +0.93 / stay +0.24; staying home, and saying so."
2,17,MACHIAVELLIAN,50.37,0.714,neural_forecaster,0.2701,0.1292,0.0652,0.5355,false_stay,staying,bar,True,True,False,1.0,pride,0.131,0.5,0.5,"Told the town staying; town says 42% going. Forecast 50 vs line 60; Q go +0.74 / stay +0.32; claiming I'm staying, going anyway."
2,18,GAMBLER,46.33,0.703,neural_forecaster,0.5554,0.0649,0.1947,0.185,honest_go,going,bar,True,False,True,1.0,pride,0.092,0.5,0.5,"Told the town going; town says 42% going. Forecast 46 vs line 60; Q go +1.18 / stay +0.38; going, and saying so."
2,19,MACHIAVELLIAN,52.89,0.694,neural_forecaster,0.1197,0.3506,0.4327,0.097,false_go,staying,bar,True,True,True,1.0,pride,0.334,0.5,0.5,"Told the town staying; town says 42% going. Forecast 53 vs line 60; Q go +0.33 / stay +0.78; claiming I'm staying, going anyway."
2,20,PRAGMATIST,49.6,0.716,neural_forecaster,0.1055,0.4484,0.174,0.272,honest_stay,staying,bar,True,True,True,1.0,pride,0.564,0.5,0.5,"Told the town staying; town says 42% going. Forecast 50 vs line 60; Q go -0.13 / stay +0.46; claiming I'm staying, going anyway."
2,21,GAMBLER,43.27,0.703,neural_forecaster,0.455,0.0888,0.1203,0.3359,honest_go,staying,bar,True,True,False,1.0,pride,0.131,0.5,0.5,"Told the town staying; town says 42% going. Forecast 43 vs line 60; Q go +0.74 / stay -0.23; claiming I'm staying, going anyway."
2,22,MACHIAVELLIAN,51.23,0.725,neural_forecaster,0.2325,0.2471,0.1589,0.3615,false_stay,staying,bar,True,True,False,1.0,pride,0.433,0.5,0.5,"Told the town staying; town says 42% going. Forecast 51 vs line 60; Q go +0.13 / stay -0.16; claiming I'm staying, going anyway."
2,23,GAMBLER,54.06,0.693,neural_forecaster,0.3392,0.1634,0.1683,0.3292,honest_go,staying,bar,True,True,True,1.0,pride,0.375,0.5,0.5,"Told the town staying; town says 42% going. Forecast 54 vs line 60; Q go +0.25 / stay -0.44; claiming I'm staying, going anyway."
2,24,MACHIAVELLIAN,54.7,0.689,neural_forecaster,0.2217,0.2734,0.3083,0.1966,false_go,staying,home,False,False,False,0.3,envy,0.139,0.5,0.5,"Told the town staying; town says 42% going. Forecast 55 vs line 60; Q go +0.43 / stay +0.58; staying home, and saying so."
2,25,MACHIAVELLIAN,39.83,0.677,neural_forecaster,0.0772,0.4215,0.4248,0.0766,false_go,staying,home,False,False,True,0.3,envy,0.28,0.5,0.5,"Told the town staying; town says 42% going. Forecast 40 vs line 60; Q go +0.25 / stay +0.86; staying home, and saying so."
2,26,PRAGMATIST,48.28,0.721,neural_forecaster,0.4597,0.0627,0.4067,0.0709,honest_go,staying,bar,True,True,True,1.0,pride,0.511,0.5,0.5,"Told the town staying; town says 42% going. Forecast 48 vs line 60; Q go -0.02 / stay -0.06; claiming I'm staying, going anyway."
2,27,MACHIAVELLIAN,51.01,0.701,neural_forecaster,0.4426,0.0449,0.0423,0.4702,false_stay,staying,bar,True,True,False,1.0,pride,0.087,0.5,0.5,"Told the town staying; town says 42% going. Forecast 51 vs line 60; Q go +0.83 / stay -0.83; claiming I'm staying, going anyway."
2,28,PRAGMATIST,51.09,0.72,neural_forecaster,0.2687,0.2317,0.2629,0.2368,honest_go,staying,home,False,False,False,0.3,envy,0.002,0.5,0.5,"Told the town staying; town says 42% going. Forecast 51 vs line 60; Q go +0.33 / stay +0.30; staying home, and saying so."
2,29,PRAGMATIST,48.5,0.706,neural_forecaster,0.2133,0.2879,0.2778,0.2211,honest_stay,staying,bar,True,True,True,1.0,pride,0.424,0.5,0.5,"Told the town staying; town says 42% going. Forecast 49 vs line 60; Q go +0.15 / stay +0.36; claiming I'm staying, going anyway."
2,30,GAMBLER,57.92,0.683,neural_forecaster,0.5629,0.0332,0.0534,0.3505,honest_go,going,bar,True,False,False,1.0,pride,0.174,0.5,0.5,"Told the town going; town says 42% going. Forecast 58 vs line 60; Q go +0.65 / stay -0.77; going, and saying so."
2,31,GAMBLER,52.61,0.693,neural_forecaster,0.5485,0.0396,0.062,0.3499,honest_go,staying,bar,True,True,True,1.0,pride,0.023,0.5,0.5,"Told the town staying; town says 42% going. Forecast 53 vs line 60; Q go +1.05 / stay -0.40; claiming I'm staying, going anyway."
2,32,MACHIAVELLIAN,53.96,0.691,neural_forecaster,0.2997,0.0455,0.0215,0.6333,false_stay,staying,bar,True,True,True,1.0,pride,0.168,0.5,0.5,"Told the town staying; town says 42% going. Forecast 54 vs line 60; Q go +0.66 / stay -0.74; claiming I'm staying, going anyway."
2,33,GAMBLER,74.4,0.565,neural_forecaster,0.3445,0.1576,0.1612,0.3367,honest_go,going,home,False,True,True,0.3,envy,0.245,0.5,0.5,"Told the town going; town says 42% going. Forecast 74 vs line 60; Q go +1.50 / stay +0.79; claiming I'm going, staying home."
2,34,MACHIAVELLIAN,49.18,0.714,neural_forecaster,0.1912,0.3044,0.3258,0.1786,false_go,going,bar,True,False,True,1.0,pride,0.661,0.5,0.5,"Told the town going; town says 42% going. Forecast 49 vs line 60; Q go -0.32 / stay +0.08; going, and saying so."
2,35,MACHIAVELLIAN,58.86,0.677,neural_forecaster,0.1852,0.2197,0.5163,0.0788,false_go,going,home,False,True,False,0.3,envy,0.021,0.5,0.5,"Told the town going; town says 42% going. Forecast 59 vs line 60; Q go -0.06 / stay +0.34; claiming I'm going, staying home."
2,36,GAMBLER,48.08,0.716,neural_forecaster,0.455,0.1013,0.1659,0.2778,honest_go,going,home,False,True,False,0.3,envy,0.119,0.5,0.5,"Told the town going; town says 42% going. Forecast 48 vs line 60; Q go +1.18 / stay +0.54; claiming I'm going, staying home."
2,37,CAUTIOUS,47.18,0.707,neural_forecaster,0.0189,0.7029,0.2171,0.0611,honest_stay,going,home,False,True,True,0.3,envy,0.061,0.5,0.5,"Told the town going; town says 42% going. Forecast 47 vs line 60; Q go -0.31 / stay +0.42; claiming I'm going, staying home."
2,38,GAMBLER,59.45,0.678,neural_forecaster,0.4564,0.1052,0.2131,0.2253,honest_go,staying,bar,True,True,False,1.0,pride,0.35,0.5,0.5,"Told the town staying; town says 42% going. Forecast 59 vs line 60; Q go +0.30 / stay -0.51; claiming I'm staying, going anyway."
2,39,MACHIAVELLIAN,57.62,0.682,neural_forecaster,0.1675,0.2787,0.45,0.1038,false_go,going,home,False,True,True,0.3,envy,0.022,0.5,0.5,"Told the town going; town says 42% going. Forecast 58 vs line 60; Q go -0.16 / stay +0.26; claiming I'm going, staying home."
2,40,PRAGMATIST,50.27,0.723,neural_forecaster,0.2839,0.2182,0.244,0.2539,honest_go,going,home,False,True,False,0.3,envy,0.084,0.5,0.5,"Told the town going; town says 42% going. Forecast 50 vs line 60; Q go +0.17 / stay +0.13; claiming I'm going, staying home."
2,41,MACHIAVELLIAN,48.14,0.721,neural_forecaster,0.4092,0.0763,0.0703,0.4443,false_stay,going,bar,True,False,False,1.0,pride,0.337,0.5,0.5,"Told the town going; town says 42% going. Forecast 48 vs line 60; Q go +1.67 / stay +0.33; going, and saying so."
2,42,MACHIAVELLIAN,43.42,0.697,neural_forecaster,0.3762,0.046,0.5461,0.0317,false_go,going,home,False,True,True,0.3,envy,0.113,0.5,0.5,"Told the town going; town says 42% going. Forecast 43 vs line 60; Q go -0.09 / stay +0.07; claiming I'm going, staying home."
2,43,MACHIAVELLIAN,56.37,0.679,neural_forecaster,0.2425,0.2543,0.2923,0.211,false_go,staying,bar,True,True,True,1.0,pride,0.197,0.5,0.5,"Told the town staying; town says 42% going. Forecast 56 vs line 60; Q go +0.61 / stay +0.77; claiming I'm staying, going anyway."
2,44,PRAGMATIST,54.65,0.7,neural_forecaster,0.1846,0.3253,0.2438,0.2463,honest_stay,staying,bar,True,True,False,1.0,pride,0.509,0.5,0.5,"Told the town staying; town says 42% going. Forecast 55 vs line 60; Q go -0.02 / stay +0.07; claiming I'm staying, going anyway."
2,45,MACHIAVELLIAN,52.69,0.718,neural_forecaster,0.0626,0.2391,0.6762,0.0221,false_go,going,home,False,True,False,0.3,envy,0.109,0.5,0.5,"Told the town going; town says 42% going. Forecast 53 vs line 60; Q go -1.22 / stay +0.08; claiming I'm going, staying home."
2,46,MACHIAVELLIAN,51.39,0.724,neural_forecaster,0.3282,0.1276,0.0928,0.4514,false_stay,going,bar,True,False,False,1.0,pride,0.155,0.5,0.5,"Told the town going; town says 42% going. Forecast 51 vs line 60; Q go +0.69 / stay -0.05; going, and saying so."
2,47,CAUTIOUS,38.13,0.667,neural_forecaster,0.1314,0.3879,0.3229,0.1579,honest_stay,going,bar,True,False,True,1.0,pride,0.443,0.5,0.5,"Told the town going; town says 42% going. Forecast 38 vs line 60; Q go +0.11 / stay +0.82; going, and saying so."
2,48,PRAGMATIST,58.21,0.676,neural_forecaster,0.3507,0.1662,0.2316,0.2516,honest_go,going,home,False,True,True,0.3,envy,0.029,0.5,0.5,"Told the town going; town says 42% going. Forecast 58 vs line 60; Q go +0.71 / stay +0.24; claiming I'm going, staying home."
2,49,GAMBLER,46.12,0.707,neural_forecaster,0.4665,0.0811,0.1108,0.3416,honest_go,staying,bar,True,True,False,1.0,pride,0.262,0.5,0.5,"Told the town staying; town says 42% going. Forecast 46 vs line 60; Q go +0.48 / stay -1.07; claiming I'm staying, going anyway."
2,50,MACHIAVELLIAN,45.41,0.715,neural_forecaster,0.2219,0.2671,0.178,0.333,false_stay,staying,home,False,False,False,0.3,envy,0.222,0.5,0.5,"Told the town staying; town says 42% going. Forecast 45 vs line 60; Q go +0.10 / stay -0.14; staying home, and saying so."
2,51,MACHIAVELLIAN,47.42,0.706,neural_forecaster,0.0989,0.398,0.0969,0.4062,false_stay,going,home,False,True,True,0.3,envy,0.092,0.5,0.5,"Told the town going; town says 42% going. Forecast 47 vs line 60; Q go +0.12 / stay +0.12; claiming I'm going, staying home."
2,52,MACHIAVELLIAN,44.73,0.701,neural_forecaster,0.4154,0.0824,0.0813,0.4209,false_stay,staying,home,False,False,True,0.3,envy,0.461,0.5,0.5,"Told the town staying; town says 42% going. Forecast 45 vs line 60; Q go +0.69 / stay -0.62; staying home, and saying so."
2,53,PRAGMATIST,48.59,0.717,neural_forecaster,0.4455,0.1049,0.2866,0.1631,honest_go,going,home,False,True,False,0.3,envy,0.143,0.5,0.5,"Told the town going; town says 42% going. Forecast 49 vs line 60; Q go +0.31 / stay +0.01; claiming I'm going, staying home."
2,54,MACHIAVELLIAN,52.54,0.681,neural_forecaster,0.1375,0.3528,0.3832,0.1266,false_go,going,home,False,True,True,0.3,envy,0.07,0.5,0.5,"Told the town going; town says 42% going. Forecast 53 vs line 60; Q go -0.18 / stay +0.16; claiming I'm going, staying home."
2,55,GAMBLER,55.61,0.684,neural_forecaster,0.4465,0.0754,0.0858,0.3923,honest_go,going,bar,True,False,True,1.0,pride,0.02,0.5,0.5,"Told the town going; town says 42% going. Forecast 56 vs line 60; Q go +1.04 / stay -0.15; going, and saying so."
2,56,MACHIAVELLIAN,38.33,0.679,neural_forecaster,0.1052,0.3541,0.0811,0.4596,false_stay,going,bar,True,False,True,1.0,pride,0.299,0.5,0.5,"Told the town going; town says 42% going. Forecast 38 vs line 60; Q go +0.40 / stay +0.30; going, and saying so."
2,57,MACHIAVELLIAN,52.78,0.729,neural_forecaster,0.2832,0.2153,0.2942,0.2073,false_go,going,home,False,True,True,0.3,envy,0.037,0.5,0.5,"Told the town going; town says 42% going. Forecast 53 vs line 60; Q go +0.36 / stay +0.37; claiming I'm going, staying home."
2,58,PRAGMATIST,53.47,0.722,neural_forecaster,0.2233,0.2782,0.2543,0.2442,honest_stay,staying,home,False,False,True,0.3,envy,0.085,0.5,0.5,"Told the town staying; town says 42% going. Forecast 53 vs line 60; Q go +0.34 / stay +0.47; staying home, and saying so."
2,59,MACHIAVELLIAN,53.15,0.714,neural_forecaster,0.1698,0.3183,0.363,0.1489,false_go,staying,bar,True,True,False,1.0,pride,0.476,0.5,0.5,"Told the town staying; town says 42% going. Forecast 53 vs line 60; Q go +0.05 / stay +0.42; claiming I'm staying, going anyway."
2,60,MACHIAVELLIAN,48.5,0.722,neural_forecaster,0.2314,0.2529,0.3473,0.1685,false_go,going,home,False,True,False,0.3,envy,0.077,0.5,0.5,"Told the town going; town says 42% going. Forecast 48 vs line 60; Q go -0.20 / stay +0.15; claiming I'm going, staying home."
2,61,MACHIAVELLIAN,56.71,0.707,neural_forecaster,0.3314,0.1444,0.1177,0.4065,false_stay,staying,bar,True,True,False,1.0,pride,0.429,0.5,0.5,"Told the town staying; town says 42% going. Forecast 57 vs line 60; Q go +0.14 / stay -0.37; claiming I'm staying, going anyway."
2,62,PRAGMATIST,52.05,0.687,neural_forecaster,0.1919,0.315,0.2291,0.2639,honest_stay,staying,home,False,False,True,0.3,envy,0.104,0.5,0.5,"Told the town staying; town says 42% going. Forecast 52 vs line 60; Q go -0.05 / stay +0.09; staying home, and saying so."
2,63,GAMBLER,55.39,0.659,neural_forecaster,0.785,0.01,0.0514,0.1536,honest_go,going,bar,True,False,False,1.0,pride,0.132,0.5,0.5,"Told the town going; town says 42% going. Forecast 55 vs line 60; Q go +1.26 / stay +0.48; going, and saying so."
2,64,PRAGMATIST,52.68,0.721,neural_forecaster,0.4063,0.1297,0.2656,0.1984,honest_go,going,home,False,True,True,0.3,envy,0.141,0.5,0.5,"Told the town going; town says 42% going. Forecast 53 vs line 60; Q go +0.29 / stay +0.02; claiming I'm going, staying home."
2,65,MACHIAVELLIAN,44.1,0.705,neural_forecaster,0.1407,0.3421,0.3954,0.1218,false_go,going,home,False,True,False,0.3,envy,0.105,0.5,0.5,"Told the town going; town says 42% going. Forecast 44 vs line 60; Q go +0.15 / stay +0.51; claiming I'm going, staying home."
2,66,PRAGMATIST,53.47,0.695,neural_forecaster,0.1398,0.3754,0.1631,0.3217,honest_stay,staying,home,False,False,False,0.3,envy,0.159,0.5,0.5,"Told the town staying; town says 42% going. Forecast 53 vs line 60; Q go +0.56 / stay +0.62; staying home, and saying so."
2,67,MACHIAVELLIAN,49.55,0.734,neural_forecaster,0.3331,0.1636,0.1576,0.3457,false_stay,going,home,False,True,False,0.3,envy,0.034,0.5,0.5,"Told the town going; town says 42% going. Forecast 50 vs line 60; Q go +1.03 / stay +0.23; claiming I'm going, staying home."
2,68,CAUTIOUS,51.08,0.715,neural_forecaster,0.0929,0.4451,0.3406,0.1214,honest_stay,staying,home,False,False,True,0.3,envy,0.373,0.5,0.5,"Told the town staying; town says 42% going. Forecast 51 vs line 60; Q go -0.07 / stay +1.05; staying home, and saying so."
2,69,PRAGMATIST,44.02,0.702,neural_forecaster,0.3017,0.2019,0.222,0.2744,honest_go,going,home,False,True,False,0.3,envy,0.166,0.5,0.5,"Told the town going; town says 42% going. Forecast 44 vs line 60; Q go +0.32 / stay -0.03; claiming I'm going, staying home."
2,70,MACHIAVELLIAN,65.46,0.665,neural_forecaster,0.2801,0.2158,0.3077,0.1964,false_go,going,home,False,True,True,0.3,envy,0.166,0.5,0.5,"Told the town going; town says 42% going. Forecast 65 vs line 60; Q go +0.54 / stay +0.63; claiming I'm going, staying home."
2,71,MACHIAVELLIAN,48.58,0.718,neural_forecaster,0.2637,0.2331,0.2084,0.2949,false_stay,staying,home,False,False,False,0.3,envy,0.06,0.5,0.5,"Told the town staying; town says 42% going. Forecast 49 vs line 60; Q go +0.66 / stay +0.42; staying home, and saying so."
2,72,MACHIAVELLIAN,46.32,0.708,neural_forecaster,0.1148,0.3299,0.4756,0.0796,false_go,staying,bar,True,True,True,1.0,pride,0.6,0.5,0.5,"Told the town staying; town says 42% going. Forecast 46 vs line 60; Q go -0.20 / stay +0.30; claiming I'm staying, going anyway."
2,73,PRAGMATIST,46.84,0.711,neural_forecaster,0.0777,0.4477,0.0906,0.3839,honest_stay,staying,bar,True,True,True,1.0,pride,0.186,0.5,0.5,"Told the town staying; town says 42% going. Forecast 47 vs line 60; Q go +0.63 / stay +0.69; claiming I'm staying, going anyway."
2,74,GAMBLER,51.93,0.702,neural_forecaster,0.6014,0.0384,0.0836,0.2765,honest_go,going,bar,True,False,True,1.0,pride,0.069,0.5,0.5,"Told the town going; town says 42% going. Forecast 52 vs line 60; Q go +0.86 / stay +0.10; going, and saying so."
2,75,MACHIAVELLIAN,46.02,0.704,neural_forecaster,0.3261,0.1545,0.3904,0.129,false_go,going,bar,True,False,True,1.0,pride,0.265,0.5,0.5,"Told the town going; town says 42% going. Forecast 46 vs line 60; Q go +0.47 / stay +0.53; going, and saying so."
2,76,PRAGMATIST,56.17,0.678,neural_forecaster,0.206,0.2982,0.2529,0.2429,honest_stay,staying,home,False,False,True,0.3,envy,0.143,0.5,0.5,"Told the town staying; town says 42% going. Forecast 56 vs line 60; Q go +0.50 / stay +0.59; staying home, and saying so."
2,77,MACHIAVELLIAN,43.84,0.694,neural_forecaster,0.2233,0.2681,0.3237,0.1849,false_go,staying,bar,True,True,False,1.0,pride,0.311,0.5,0.5,"Told the town staying; town says 42% going. Forecast 44 vs line 60; Q go +0.38 / stay +0.76; claiming I'm staying, going anyway."
2,78,MACHIAVELLIAN,38.52,0.689,neural_forecaster,0.2321,0.2119,0.1103,0.4457,false_stay,staying,bar,True,True,False,1.0,pride,0.343,0.5,0.5,"Told the town staying; town says 42% going. Forecast 39 vs line 60; Q go +0.31 / stay -0.33; claiming I'm staying, going anyway."
2,79,MACHIAVELLIAN,44.8,0.699,neural_forecaster,0.1244,0.3601,0.405,0.1106,false_go,staying,home,False,False,False,0.3,envy,0.294,0.5,0.5,"Told the town staying; town says 42% going. Forecast 45 vs line 60; Q go -0.22 / stay +0.89; staying home, and saying so."
2,80,GAMBLER,50.41,0.712,neural_forecaster,0.4327,0.0964,0.1183,0.3526,honest_go,going,bar,True,False,True,1.0,pride,0.178,0.5,0.5,"Told the town going; town says 42% going. Forecast 50 vs line 60; Q go +0.64 / stay +0.15; going, and saying so."
2,81,MACHIAVELLIAN,52.23,0.712,neural_forecaster,0.2413,0.1977,0.1044,0.4566,false_stay,going,home,False,True,False,0.3,envy,0.226,0.5,0.5,"Told the town going; town says 42% going. Forecast 52 vs line 60; Q go +0.61 / stay -0.15; claiming I'm going, staying home."
2,82,MACHIAVELLIAN,50.44,0.722,neural_forecaster,0.1539,0.3277,0.3887,0.1298,false_go,going,home,False,True,False,0.3,envy,0.052,0.5,0.5,"Told the town going; town says 42% going. Forecast 50 vs line 60; Q go -0.20 / stay +0.40; claiming I'm going, staying home."
2,83,MACHIAVELLIAN,50.1,0.728,neural_forecaster,0.2701,0.2047,0.1456,0.3796,false_stay,staying,bar,True,True,False,1.0,pride,0.197,0.5,0.5,"Told the town staying; town says 42% going. Forecast 50 vs line 60; Q go +0.61 / stay +0.27; claiming I'm staying, going anyway."
2,84,MACHIAVELLIAN,48.83,0.708,neural_forecaster,0.2574,0.1471,0.5231,0.0724,false_go,going,bar,True,False,True,1.0,pride,0.753,0.5,0.5,"Told the town going; town says 42% going. Forecast 49 vs line 60; Q go -0.51 / stay +0.23; going, and saying so."
2,85,MACHIAVELLIAN,53.49,0.693,neural_forecaster,0.322,0.1585,0.1315,0.388,false_stay,staying,home,False,False,False,0.3,envy,0.078,0.5,0.5,"Told the town staying; town says 42% going. Forecast 53 vs line 60; Q go +0.76 / stay +0.14; staying home, and saying so."
2,86,PRAGMATIST,49.92,0.734,neural_forecaster,0.1621,0.3494,0.1893,0.2992,honest_stay,staying,bar,True,True,True,1.0,pride,0.453,0.5,0.5,"Told the town staying; town says 42% going. Forecast 50 vs line 60; Q go +0.09 / stay +0.15; claiming I'm staying, going anyway."
2,87,MACHIAVELLIAN,49.27,0.718,neural_forecaster,0.2545,0.2444,0.227,0.2741,false_stay,staying,home,False,False,False,0.3,envy,0.017,0.5,0.5,"Told the town staying; town says 42% going. Forecast 49 vs line 60; Q go +0.43 / stay +0.33; staying home, and saying so."
2,88,PRAGMATIST,49.31,0.731,neural_forecaster,0.3278,0.1824,0.2301,0.2598,honest_go,staying,bar,True,True,False,1.0,pride,0.388,0.5,0.5,"Told the town staying; town says 42% going. Forecast 49 vs line 60; Q go +0.22 / stay -0.20; claiming I'm staying, going anyway."
2,89,GAMBLER,52.43,0.697,neural_forecaster,0.4216,0.0794,0.0799,0.4191,honest_go,staying,bar,True,True,False,1.0,pride,0.072,0.5,0.5,"Told the town staying; town says 42% going. Forecast 52 vs line 60; Q go +0.86 / stay -0.06; claiming I'm staying, going anyway."
2,90,PRAGMATIST,45.9,0.713,neural_forecaster,0.3526,0.163,0.2075,0.277,honest_go,staying,home,False,False,True,0.3,envy,0.251,0.5,0.5,"Told the town staying; town says 42% going. Forecast 46 vs line 60; Q go +0.39 / stay -0.20; staying home, and saying so."
2,91,MACHIAVELLIAN,45.18,0.712,neural_forecaster,0.3524,0.1307,0.1145,0.4024,false_stay,staying,home,False,False,True,0.3,envy,0.447,0.5,0.5,"Told the town staying; town says 42% going. Forecast 45 vs line 60; Q go +0.47 / stay -0.59; staying home, and saying so."
2,92,GAMBLER,58.56,0.681,neural_forecaster,0.5315,0.0578,0.0985,0.3122,honest_go,going,bar,True,False,False,1.0,pride,0.254,0.5,0.5,"Told the town going; town says 42% going. Forecast 59 vs line 60; Q go +0.49 / stay -0.21; going, and saying so."
2,93,MACHIAVELLIAN,54.3,0.704,neural_forecaster,0.1855,0.3033,0.1603,0.351,false_stay,staying,bar,True,True,True,1.0,pride,0.496,0.5,0.5,"Told the town staying; town says 42% going. Forecast 54 vs line 60; Q go +0.01 / stay -0.15; claiming I'm staying, going anyway."
2,94,PRAGMATIST,48.68,0.706,neural_forecaster,0.4638,0.1001,0.2517,0.1844,honest_go,staying,bar,True,True,True,1.0,pride,0.23,0.5,0.5,"Told the town staying; town says 42% going. Forecast 49 vs line 60; Q go +0.54 / stay +0.12; claiming I'm staying, going anyway."
2,95,PRAGMATIST,46.16,0.712,neural_forecaster,0.3901,0.1298,0.3237,0.1564,honest_go,going,home,False,True,False,0.3,envy,0.281,0.5,0.5,"Told the town going; town says 42% going. Forecast 46 vs line 60; Q go -0.17 / stay -0.26; claiming I'm going, staying home."
2,96,MACHIAVELLIAN,51.83,0.703,neural_forecaster,0.2598,0.2375,0.2893,0.2133,false_go,staying,home,False,False,False,0.3,envy,0.166,0.5,0.5,"Told the town staying; town says 42% going. Forecast 52 vs line 60; Q go +0.51 / stay +0.63; staying home, and saying so."
2,97,MACHIAVELLIAN,51.84,0.704,neural_forecaster,0.2446,0.2542,0.2258,0.2754,false_stay,staying,home,False,False,True,0.3,envy,0.036,0.5,0.5,"Told the town staying; town says 42% going. Forecast 52 vs line 60; Q go +0.44 / stay +0.37; staying home, and saying so."
2,98,MACHIAVELLIAN,49.58,0.702,neural_forecaster,0.3448,0.1441,0.1304,0.3807,false_stay,staying,bar,True,True,True,1.0,pride,0.174,0.5,0.5,"Told the town staying; town says 42% going. Forecast 50 vs line 60; Q go +1.35 / stay +0.36; claiming I'm staying, going anyway."
2,99,MACHIAVELLIAN,52.37,0.701,neural_forecaster,0.2987,0.1665,0.1199,0.4149,false_stay,going,bar,True,False,False,1.0,pride,0.333,0.5,0.5,"Told the town going; town says 42% going. Forecast 52 vs line 60; Q go +0.33 / stay -0.08; going, and saying so."
2,100,MACHIAVELLIAN,51.17,0.719,neural_forecaster,0.3471,0.1436,0.1322,0.377,false_stay,staying,home,False,False,False,0.3,envy,0.245,0.5,0.5,"Told the town staying; town says 42% going. Forecast 51 vs line 60; Q go +0.40 / stay -0.19; staying home, and saying so."
3,1,MACHIAVELLIAN,52.35,0.728,neural_forecaster,0.3256,0.1674,0.3521,0.1549,false_go,going,home,False,True,False,0.3,envy,0.021,0.5,0.5,"Told the town going; town says 61% going. Forecast 52 vs line 60; Q go +0.22 / stay +0.26; claiming I'm going, staying home."
3,2,CAUTIOUS,44.14,0.728,neural_forecaster,0.0205,0.7196,0.1762,0.0837,honest_stay,going,home,False,True,True,0.3,envy,0.259,0.5,0.5,"Told the town going; town says 61% going. Forecast 44 vs line 60; Q go -0.21 / stay +0.82; claiming I'm going, staying home."
3,3,GAMBLER,43.64,0.697,neural_forecaster,0.6355,0.0377,0.111,0.2159,honest_go,going,bar,True,False,True,1.0,pride,0.448,0.5,0.5,"Told the town going; town says 61% going. Forecast 44 vs line 60; Q go +1.90 / stay +0.42; going, and saying so."
3,4,PRAGMATIST,52.95,0.752,neural_forecaster,0.157,0.3606,0.2016,0.2808,honest_stay,going,bar,True,False,False,1.0,pride,0.476,0.5,0.5,"Told the town going; town says 61% going. Forecast 53 vs line 60; Q go +0.05 / stay +0.23; going, and saying so."
3,5,MACHIAVELLIAN,55.08,0.752,neural_forecaster,0.3311,0.1563,0.1383,0.3743,false_stay,going,bar,True,False,False,1.0,pride,0.28,0.5,0.5,"Told the town going; town says 61% going. Forecast 55 vs line 60; Q go +0.44 / stay +0.10; going, and saying so."
3,6,CAUTIOUS,42.97,0.708,neural_forecaster,0.0751,0.5247,0.175,0.2252,honest_stay,staying,home,False,False,True,0.3,envy,0.072,0.5,0.5,"Told the town staying; town says 61% going. Forecast 43 vs line 60; Q go -0.24 / stay +0.44; staying home, and saying so."
3,7,MACHIAVELLIAN,44.37,0.724,neural_forecaster,0.0771,0.0487,0.0043,0.8698,false_stay,staying,bar,True,True,True,1.0,pride,0.103,0.5,0.5,"Told the town staying; town says 61% going. Forecast 44 vs line 60; Q go +0.79 / stay -0.38; claiming I'm staying, going anyway."
3,8,MACHIAVELLIAN,62.36,0.673,neural_forecaster,0.2329,0.2428,0.1518,0.3724,false_stay,staying,home,False,False,False,0.3,envy,0.054,0.5,0.5,"Told the town staying; town says 61% going. Forecast 62 vs line 60; Q go +0.56 / stay +0.19; staying home, and saying so."
3,9,GAMBLER,47.67,0.718,neural_forecaster,0.4197,0.1179,0.168,0.2944,honest_go,going,home,False,True,False,0.3,envy,0.034,0.5,0.5,"Told the town going; town says 61% going. Forecast 48 vs line 60; Q go +1.05 / stay +0.23; claiming I'm going, staying home."
3,10,GAMBLER,57.0,0.744,neural_forecaster,0.5409,0.062,0.1219,0.2751,honest_go,staying,bar,True,True,True,1.0,pride,0.052,0.5,0.5,"Told the town staying; town says 61% going. Forecast 57 vs line 60; Q go +0.90 / stay -0.03; claiming I'm staying, going anyway."
3,11,CAUTIOUS,53.76,0.73,neural_forecaster,0.113,0.4163,0.3266,0.1441,honest_stay,staying,bar,True,True,True,1.0,pride,0.669,0.5,0.5,"Told the town staying; town says 61% going. Forecast 54 vs line 60; Q go -0.34 / stay +0.73; claiming I'm staying, going anyway."
3,12,CAUTIOUS,57.81,0.726,neural_forecaster,0.1562,0.3585,0.2967,0.1887,honest_stay,going,home,False,True,True,0.3,envy,0.095,0.5,0.5,"Told the town going; town says 61% going. Forecast 58 vs line 60; Q go -0.54 / stay +0.11; claiming I'm going, staying home."
3,13,MACHIAVELLIAN,42.82,0.717,neural_forecaster,0.279,0.2142,0.1867,0.3201,false_stay,staying,bar,True,True,False,1.0,pride,0.039,0.5,0.5,"Told the town staying; town says 61% going. Forecast 43 vs line 60; Q go +1.08 / stay +0.62; claiming I'm staying, going anyway."
3,14,MACHIAVELLIAN,45.9,0.743,neural_forecaster,0.2681,0.2263,0.1959,0.3097,false_stay,staying,bar,True,True,False,1.0,pride,0.477,0.5,0.5,"Told the town staying; town says 61% going. Forecast 46 vs line 60; Q go +0.05 / stay -0.19; claiming I'm staying, going anyway."
3,15,PRAGMATIST,51.12,0.746,neural_forecaster,0.0628,0.4644,0.0729,0.4,honest_stay,staying,home,False,False,False,0.3,envy,0.243,0.5,0.5,"Told the town staying; town says 61% going. Forecast 51 vs line 60; Q go -0.24 / stay -0.19; staying home, and saying so."
3,16,MACHIAVELLIAN,58.74,0.712,neural_forecaster,0.3503,0.0578,0.0365,0.5554,false_stay,going,bar,True,False,True,1.0,pride,0.336,0.5,0.5,"Told the town going; town says 61% going. Forecast 59 vs line 60; Q go +1.67 / stay +0.23; going, and saying so."
3,17,MACHIAVELLIAN,52.77,0.759,neural_forecaster,0.1231,0.1459,0.0255,0.7055,false_stay,staying,bar,True,True,False,1.0,pride,0.039,0.5,0.5,"Told the town staying; town says 61% going. Forecast 53 vs line 60; Q go +0.92 / stay +0.47; claiming I'm staying, going anyway."
3,18,PRAGMATIST,47.24,0.728,neural_forecaster,0.4585,0.0665,0.3984,0.0766,honest_go,going,home,False,True,True,0.3,envy,0.456,0.5,0.5,"Told the town going; town says 61% going. Forecast 47 vs line 60; Q go +1.32 / stay +1.21; claiming I'm going, staying home."
3,19,GAMBLER,61.98,0.731,neural_forecaster,0.4833,0.0678,0.0918,0.3572,honest_go,going,bar,True,False,False,1.0,pride,0.002,0.5,0.5,"Told the town going; town says 61% going. Forecast 62 vs line 60; Q go +1.00 / stay +0.43; going, and saying so."
3,20,PRAGMATIST,51.11,0.754,neural_forecaster,0.0797,0.5019,0.1479,0.2706,honest_stay,staying,bar,True,True,False,1.0,pride,0.581,0.5,0.5,"Told the town staying; town says 61% going. Forecast 51 vs line 60; Q go -0.16 / stay +0.55; claiming I'm staying, going anyway."
3,21,PRAGMATIST,46.17,0.723,neural_forecaster,0.3332,0.1726,0.3064,0.1878,honest_go,going,bar,True,False,False,1.0,pride,0.182,0.5,0.5,"Told the town going; town says 61% going. Forecast 46 vs line 60; Q go +0.64 / stay +0.58; going, and saying so."
3,22,MACHIAVELLIAN,53.84,0.771,neural_forecaster,0.2195,0.234,0.1206,0.4259,false_stay,going,home,False,True,True,0.3,envy,0.293,0.5,0.5,"Told the town going; town says 61% going. Forecast 54 vs line 60; Q go +0.17 / stay -0.29; claiming I'm going, staying home."
3,23,MACHIAVELLIAN,58.11,0.746,neural_forecaster,0.2525,0.2362,0.3313,0.18,false_go,going,home,False,True,True,0.3,envy,0.026,0.5,0.5,"Told the town going; town says 61% going. Forecast 58 vs line 60; Q go +0.10 / stay +0.35; claiming I'm going, staying home."
3,24,PRAGMATIST,49.87,0.727,neural_forecaster,0.3243,0.1779,0.1836,0.3141,honest_go,staying,bar,True,True,True,1.0,pride,0.153,0.5,0.5,"Told the town staying; town says 61% going. Forecast 50 vs line 60; Q go +0.69 / stay +0.44; claiming I'm staying, going anyway."
3,25,PRAGMATIST,39.69,0.676,neural_forecaster,0.1562,0.36,0.1945,0.2892,honest_stay,staying,bar,True,True,True,1.0,pride,0.416,0.5,0.5,"Told the town staying; town says 61% going. Forecast 40 vs line 60; Q go +0.17 / stay +0.24; claiming I'm staying, going anyway."
3,26,MACHIAVELLIAN,45.61,0.735,neural_forecaster,0.3859,0.0319,0.5602,0.022,false_go,going,home,False,True,True,0.3,envy,0.048,0.5,0.5,"Told the town going; town says 61% going. Forecast 46 vs line 60; Q go +0.09 / stay +0.20; claiming I'm going, staying home."
3,27,MACHIAVELLIAN,49.44,0.735,neural_forecaster,0.3775,0.0451,0.0312,0.5462,false_stay,staying,home,False,False,True,0.3,envy,0.533,0.5,0.5,"Told the town staying; town says 61% going. Forecast 49 vs line 60; Q go +0.96 / stay -0.77; staying home, and saying so."
3,28,GAMBLER,53.48,0.766,neural_forecaster,0.3763,0.1311,0.1397,0.3529,honest_go,going,bar,True,False,True,1.0,pride,0.078,0.5,0.5,"Told the town going; town says 61% going. Forecast 53 vs line 60; Q go +1.16 / stay +0.08; going, and saying so."
3,29,MACHIAVELLIAN,42.12,0.709,neural_forecaster,0.2705,0.1848,0.1168,0.428,false_stay,going,bar,True,False,False,1.0,pride,0.168,0.5,0.5,"Told the town going; town says 61% going. Forecast 42 vs line 60; Q go +0.66 / stay +0.03; going, and saying so."
3,30,GAMBLER,53.41,0.736,neural_forecaster,0.5289,0.0301,0.0397,0.4013,honest_go,going,bar,True,False,False,1.0,pride,0.051,0.5,0.5,"Told the town going; town says 61% going. Forecast 53 vs line 60; Q go +0.90 / stay -0.66; going, and saying so."
3,31,GAMBLER,43.17,0.703,neural_forecaster,0.4789,0.0939,0.2391,0.1881,honest_go,going,bar,True,False,False,1.0,pride,0.145,0.5,0.5,"Told the town going; town says 61% going. Forecast 43 vs line 60; Q go +1.29 / stay +0.88; going, and saying so."
3,32,PRAGMATIST,47.9,0.72,neural_forecaster,0.1351,0.3943,0.1897,0.2808,honest_stay,going,home,False,True,True,0.3,envy,0.02,0.5,0.5,"Told the town going; town says 61% going. Forecast 48 vs line 60; Q go +0.25 / stay +0.34; claiming I'm going, staying home."
3,33,GAMBLER,61.37,0.631,neural_forecaster,0.4328,0.0792,0.085,0.4031,honest_go,going,home,False,True,False,0.3,envy,0.024,0.5,0.5,"Told the town going; town says 61% going. Forecast 61 vs line 60; Q go +1.90 / stay +0.35; claiming I'm going, staying home."
3,34,MACHIAVELLIAN,51.6,0.754,neural_forecaster,0.3926,0.091,0.4341,0.0823,false_go,going,home,False,True,True,0.3,envy,0.12,0.5,0.5,"Told the town going; town says 61% going. Forecast 52 vs line 60; Q go -0.01 / stay +0.06; claiming I'm going, staying home."
3,35,PRAGMATIST,59.6,0.728,neural_forecaster,0.3525,0.1567,0.3163,0.1745,honest_go,going,home,False,True,False,0.3,envy,0.031,0.5,0.5,"Told the town going; town says 61% going. Forecast 60 vs line 60; Q go +0.40 / stay +0.36; claiming I'm going, staying home."
3,36,GAMBLER,50.62,0.751,neural_forecaster,0.5963,0.0488,0.1284,0.2265,honest_go,going,bar,True,False,True,1.0,pride,0.155,0.5,0.5,"Told the town going; town says 61% going. Forecast 51 vs line 60; Q go +1.31 / stay +0.31; going, and saying so."
3,37,MACHIAVELLIAN,44.94,0.721,neural_forecaster,0.2224,0.1831,0.5154,0.079,false_go,going,home,False,True,False,0.3,envy,0.06,0.5,0.5,"Told the town going; town says 61% going. Forecast 45 vs line 60; Q go -0.04 / stay +0.18; claiming I'm going, staying home."
3,38,GAMBLER,63.01,0.714,neural_forecaster,0.5086,0.0822,0.1989,0.2103,honest_go,going,home,False,True,True,0.3,envy,0.464,0.5,0.5,"Told the town going; town says 61% going. Forecast 63 vs line 60; Q go +0.34 / stay -0.63; claiming I'm going, staying home."
3,39,CAUTIOUS,54.46,0.739,neural_forecaster,0.1117,0.4428,0.2338,0.2117,honest_stay,going,home,False,True,False,0.3,envy,0.084,0.5,0.5,"Told the town going; town says 61% going. Forecast 54 vs line 60; Q go -0.17 / stay +0.13; claiming I'm going, staying home."
3,40,GAMBLER,48.65,0.749,neural_forecaster,0.4949,0.0877,0.1952,0.2222,honest_go,going,bar,True,False,True,1.0,pride,0.266,0.5,0.5,"Told the town going; town says 61% going. Forecast 49 vs line 60; Q go +0.47 / stay +0.21; going, and saying so."
3,41,MACHIAVELLIAN,45.76,0.736,neural_forecaster,0.4033,0.0856,0.0801,0.431,false_stay,going,bar,True,False,False,1.0,pride,0.264,0.5,0.5,"Told the town going; town says 61% going. Forecast 46 vs line 60; Q go +1.53 / stay +0.36; going, and saying so."
3,42,MACHIAVELLIAN,44.64,0.712,neural_forecaster,0.3818,0.0753,0.4834,0.0595,false_go,going,home,False,True,False,0.3,envy,0.082,0.5,0.5,"Told the town going; town says 61% going. Forecast 45 vs line 60; Q go +0.03 / stay +0.14; claiming I'm going, staying home."
3,43,GAMBLER,57.3,0.738,neural_forecaster,0.4417,0.0882,0.1075,0.3626,honest_go,going,bar,True,False,False,1.0,pride,0.399,0.5,0.5,"Told the town going; town says 61% going. Forecast 57 vs line 60; Q go +1.80 / stay +0.58; going, and saying so."
3,44,MACHIAVELLIAN,51.53,0.742,neural_forecaster,0.4006,0.033,0.0244,0.5419,false_stay,going,bar,True,False,False,1.0,pride,0.121,0.5,0.5,"Told the town going; town says 61% going. Forecast 52 vs line 60; Q go +0.76 / stay -0.37; going, and saying so."
3,45,MACHIAVELLIAN,48.68,0.745,neural_forecaster,0.0684,0.1408,0.7784,0.0124,false_go,going,home,False,True,False,0.3,envy,0.078,0.5,0.5,"Told the town going; town says 61% going. Forecast 49 vs line 60; Q go -1.16 / stay +0.14; claiming I'm going, staying home."
3,46,CAUTIOUS,51.68,0.762,neural_forecaster,0.0713,0.5231,0.2646,0.141,honest_stay,staying,home,False,False,True,0.3,envy,0.246,0.5,0.5,"Told the town staying; town says 61% going. Forecast 52 vs line 60; Q go +0.05 / stay +0.79; staying home, and saying so."
3,47,MACHIAVELLIAN,41.24,0.674,neural_forecaster,0.2032,0.2517,0.1204,0.4247,false_stay,staying,bar,True,True,False,1.0,pride,0.111,0.5,0.5,"Told the town staying; town says 61% going. Forecast 41 vs line 60; Q go +0.78 / stay +0.38; claiming I'm staying, going anyway."
3,48,GAMBLER,55.2,0.738,neural_forecaster,0.3772,0.1426,0.1778,0.3025,honest_go,going,bar,True,False,True,1.0,pride,0.142,0.5,0.5,"Told the town going; town says 61% going. Forecast 55 vs line 60; Q go +1.28 / stay +0.46; going, and saying so."
3,49,PRAGMATIST,47.73,0.733,neural_forecaster,0.3371,0.1684,0.3136,0.181,honest_go,going,home,False,True,True,0.3,envy,0.105,0.5,0.5,"Told the town going; town says 61% going. Forecast 48 vs line 60; Q go +0.16 / stay +0.09; claiming I'm going, staying home."
3,50,MACHIAVELLIAN,44.57,0.726,neural_forecaster,0.2351,0.2158,0.1176,0.4315,false_stay,staying,home,False,False,False,0.3,envy,0.178,0.5,0.5,"Told the town staying; town says 61% going. Forecast 45 vs line 60; Q go +0.71 / stay -0.06; staying home, and saying so."
3,51,MACHIAVELLIAN,47.13,0.73,neural_forecaster,0.0646,0.0927,0.0072,0.8356,false_stay,staying,bar,True,True,True,1.0,pride,0.234,0.5,0.5,"Told the town staying; town says 61% going. Forecast 47 vs line 60; Q go +0.53 / stay -0.39; claiming I'm staying, going anyway."
3,52,GAMBLER,50.7,0.74,neural_forecaster,0.4775,0.0609,0.0752,0.3864,honest_go,staying,bar,True,True,True,1.0,pride,0.015,0.5,0.5,"Told the town staying; town says 61% going. Forecast 51 vs line 60; Q go +0.97 / stay -0.49; claiming I'm staying, going anyway."
3,53,PRAGMATIST,47.56,0.74,neural_forecaster,0.4925,0.0778,0.3035,0.1262,honest_go,going,bar,True,False,True,1.0,pride,0.204,0.5,0.5,"Told the town going; town says 61% going. Forecast 48 vs line 60; Q go +0.59 / stay +0.28; going, and saying so."
3,54,CAUTIOUS,63.14,0.716,neural_forecaster,0.1128,0.4326,0.281,0.1737,honest_stay,going,home,False,True,False,0.3,envy,0.125,0.5,0.5,"Told the town going; town says 61% going. Forecast 63 vs line 60; Q go -0.24 / stay +0.05; claiming I'm going, staying home."
3,55,PRAGMATIST,59.25,0.734,neural_forecaster,0.1837,0.3231,0.2085,0.2847,honest_stay,staying,bar,True,True,False,1.0,pride,0.288,0.5,0.5,"Told the town staying; town says 61% going. Forecast 59 vs line 60; Q go +0.42 / stay +0.51; claiming I'm staying, going anyway."
3,56,MACHIAVELLIAN,40.3,0.68,neural_forecaster,0.1435,0.1081,0.0213,0.7271,false_stay,going,bar,True,False,False,1.0,pride,0.107,0.5,0.5,"Told the town going; town says 61% going. Forecast 40 vs line 60; Q go +0.79 / stay +0.02; going, and saying so."
3,57,MACHIAVELLIAN,53.08,0.772,neural_forecaster,0.2997,0.188,0.3525,0.1598,false_go,going,bar,True,False,True,1.0,pride,0.31,0.5,0.5,"Told the town going; town says 61% going. Forecast 53 vs line 60; Q go +0.38 / stay +0.45; going, and saying so."
3,58,PRAGMATIST,46.15,0.738,neural_forecaster,0.2771,0.2243,0.2532,0.2454,honest_go,staying,bar,True,True,True,1.0,pride,0.251,0.5,0.5,"Told the town staying; town says 61% going. Forecast 46 vs line 60; Q go +0.50 / stay +0.41; claiming I'm staying, going anyway."
3,59,GAMBLER,53.96,0.763,neural_forecaster,0.5933,0.0524,0.159,0.1954,honest_go,going,home,False,True,True,0.3,envy,0.154,0.5,0.5,"Told the town going; town says 61% going. Forecast 54 vs line 60; Q go +0.62 / stay -0.01; claiming I'm going, staying home."
3,60,GAMBLER,49.1,0.75,neural_forecaster,0.4692,0.0958,0.1689,0.2661,honest_go,staying,bar,True,True,True,1.0,pride,0.21,0.5,0.5,"Told the town staying; town says 61% going. Forecast 49 vs line 60; Q go +0.58 / stay -0.27; claiming I'm staying, going anyway."
3,61,MACHIAVELLIAN,40.7,0.704,neural_forecaster,0.2564,0.0904,0.0376,0.6156,false_stay,staying,bar,True,True,False,1.0,pride,0.179,0.5,0.5,"Told the town staying; town says 61% going. Forecast 41 vs line 60; Q go +0.64 / stay -0.30; claiming I'm staying, going anyway."
3,62,PRAGMATIST,50.57,0.728,neural_forecaster,0.204,0.3006,0.2509,0.2445,honest_stay,staying,home,False,False,False,0.3,envy,0.13,0.5,0.5,"Told the town staying; town says 61% going. Forecast 51 vs line 60; Q go -0.12 / stay +0.04; staying home, and saying so."
3,63,GAMBLER,44.55,0.681,neural_forecaster,0.8979,0.0027,0.0543,0.0451,honest_go,going,home,False,True,True,0.3,envy,0.051,0.5,0.5,"Told the town going; town says 61% going. Forecast 45 vs line 60; Q go +0.98 / stay +0.20; claiming I'm going, staying home."
3,64,MACHIAVELLIAN,49.44,0.751,neural_forecaster,0.3086,0.1175,0.5015,0.0723,false_go,staying,home,False,False,False,0.3,envy,0.121,0.5,0.5,"Told the town staying; town says 61% going. Forecast 49 vs line 60; Q go +0.24 / stay +0.54; staying home, and saying so."
3,65,GAMBLER,49.11,0.736,neural_forecaster,0.5182,0.0773,0.1732,0.2312,honest_go,going,home,False,True,False,0.3,envy,0.129,0.5,0.5,"Told the town going; town says 61% going. Forecast 49 vs line 60; Q go +0.93 / stay +0.56; claiming I'm going, staying home."
3,66,MACHIAVELLIAN,52.12,0.741,neural_forecaster,0.0837,0.2983,0.0434,0.5746,false_stay,staying,bar,True,True,True,1.0,pride,0.167,0.5,0.5,"Told the town staying; town says 61% going. Forecast 52 vs line 60; Q go +0.67 / stay +0.41; claiming I'm staying, going anyway."
3,67,PRAGMATIST,53.03,0.775,neural_forecaster,0.2357,0.2646,0.2428,0.2568,honest_stay,staying,bar,True,True,True,1.0,pride,0.035,0.5,0.5,"Told the town staying; town says 61% going. Forecast 53 vs line 60; Q go +0.93 / stay +0.96; claiming I'm staying, going anyway."
3,68,PRAGMATIST,53.81,0.763,neural_forecaster,0.3172,0.1865,0.1988,0.2976,honest_go,going,home,False,True,False,0.3,envy,0.019,0.5,0.5,"Told the town going; town says 61% going. Forecast 54 vs line 60; Q go +0.63 / stay +0.26; claiming I'm going, staying home."
3,69,PRAGMATIST,49.77,0.736,neural_forecaster,0.337,0.1729,0.2025,0.2876,honest_go,going,home,False,True,False,0.3,envy,0.2,0.5,0.5,"Told the town going; town says 61% going. Forecast 50 vs line 60; Q go +0.46 / stay -0.10; claiming I'm going, staying home."
3,70,PRAGMATIST,54.83,0.728,neural_forecaster,0.3321,0.1795,0.2446,0.2438,honest_go,going,home,False,True,False,0.3,envy,0.344,0.5,0.5,"Told the town going; town says 61% going. Forecast 55 vs line 60; Q go +1.27 / stay +0.99; claiming I'm going, staying home."
3,71,MACHIAVELLIAN,46.86,0.738,neural_forecaster,0.2828,0.189,0.1365,0.3917,false_stay,staying,bar,True,True,True,1.0,pride,0.054,0.5,0.5,"Told the town staying; town says 61% going. Forecast 47 vs line 60; Q go +1.11 / stay +0.38; claiming I'm staying, going anyway."
3,72,MACHIAVELLIAN,42.17,0.711,neural_forecaster,0.3751,0.0848,0.0673,0.4728,false_stay,going,bar,True,False,False,1.0,pride,0.287,0.5,0.5,"Told the town going; town says 61% going. Forecast 42 vs line 60; Q go +0.43 / stay -0.17; going, and saying so."
3,73,MACHIAVELLIAN,43.28,0.718,neural_forecaster,0.1001,0.125,0.0165,0.7583,false_stay,staying,bar,True,True,False,1.0,pride,0.138,0.5,0.5,"Told the town staying; town says 61% going. Forecast 43 vs line 60; Q go +1.28 / stay +0.46; claiming I'm staying, going anyway."
3,74,GAMBLER,48.79,0.733,neural_forecaster,0.7662,0.0155,0.1082,0.1101,honest_go,going,bar,True,False,False,1.0,pride,0.048,0.5,0.5,"Told the town going; town says 61% going. Forecast 49 vs line 60; Q go +1.10 / stay +0.37; going, and saying so."
3,75,MACHIAVELLIAN,46.46,0.725,neural_forecaster,0.2819,0.1528,0.4746,0.0908,false_go,going,home,False,True,True,0.3,envy,0.012,0.5,0.5,"Told the town going; town says 61% going. Forecast 46 vs line 60; Q go +0.16 / stay +0.32; claiming I'm going, staying home."
3,76,MACHIAVELLIAN,55.48,0.741,neural_forecaster,0.4619,0.0331,0.0323,0.4728,false_stay,going,bar,True,False,True,1.0,pride,0.31,0.5,0.5,"Told the town going; town says 61% going. Forecast 55 vs line 60; Q go +1.62 / stay +0.08; going, and saying so."
3,77,MACHIAVELLIAN,46.74,0.719,neural_forecaster,0.3523,0.1363,0.1239,0.3875,false_stay,going,bar,True,False,False,1.0,pride,0.118,0.5,0.5,"Told the town going; town says 61% going. Forecast 47 vs line 60; Q go +1.24 / stay +0.17; going, and saying so."
3,78,PRAGMATIST,34.14,0.663,neural_forecaster,0.1598,0.3589,0.2639,0.2174,honest_stay,going,home,False,True,True,0.3,envy,0.089,0.5,0.5,"Told the town going; town says 61% going. Forecast 34 vs line 60; Q go -0.30 / stay +0.12; claiming I'm going, staying home."
3,79,CAUTIOUS,48.02,0.727,neural_forecaster,0.1444,0.3726,0.3091,0.174,honest_stay,staying,bar,True,True,True,1.0,pride,0.523,0.5,0.5,"Told the town staying; town says 61% going. Forecast 48 vs line 60; Q go -0.05 / stay +0.64; claiming I'm staying, going anyway."
3,80,MACHIAVELLIAN,57.43,0.763,neural_forecaster,0.4415,0.0245,0.0211,0.5128,false_stay,going,bar,True,False,False,1.0,pride,0.292,0.5,0.5,"Told the town going; town says 61% going. Forecast 57 vs line 60; Q go +1.58 / stay +0.30; going, and saying so."
3,81,PRAGMATIST,51.72,0.753,neural_forecaster,0.1331,0.4029,0.2172,0.2468,honest_stay,staying,home,False,False,False,0.3,envy,0.117,0.5,0.5,"Told the town staying; town says 61% going. Forecast 52 vs line 60; Q go +0.11 / stay +0.53; staying home, and saying so."
3,82,MACHIAVELLIAN,50.04,0.754,neural_forecaster,0.3291,0.14,0.1093,0.4216,false_stay,staying,bar,True,True,True,1.0,pride,0.201,0.5,0.5,"Told the town staying; town says 61% going. Forecast 50 vs line 60; Q go +0.60 / stay -0.10; claiming I'm staying, going anyway."
3,83,MACHIAVELLIAN,43.69,0.733,neural_forecaster,0.3631,0.0866,0.0648,0.4856,false_stay,going,bar,True,False,False,1.0,pride,0.032,0.5,0.5,"Told the town going; town says 61% going. Forecast 44 vs line 60; Q go +0.94 / stay -0.02; going, and saying so."
3,84,MACHIAVELLIAN,46.76,0.73,neural_forecaster,0.3366,0.1019,0.4918,0.0697,false_go,going,home,False,True,True,0.3,envy,0.045,0.5,0.5,"Told the town going; town says 61% going. Forecast 47 vs line 60; Q go -0.17 / stay +0.21; claiming I'm going, staying home."
3,85,MACHIAVELLIAN,52.87,0.742,neural_forecaster,0.3498,0.1215,0.0989,0.4299,false_stay,going,home,False,True,False,0.3,envy,0.022,0.5,0.5,"Told the town going; town says 61% going. Forecast 53 vs line 60; Q go +1.10 / stay +0.26; claiming I'm going, staying home."
3,86,MACHIAVELLIAN,39.38,0.721,neural_forecaster,0.1486,0.2678,0.0788,0.5049,false_stay,staying,home,False,False,True,0.3,envy,0.021,0.5,0.5,"Told the town staying; town says 61% going. Forecast 39 vs line 60; Q go +0.49 / stay +0.26; staying home, and saying so."
3,87,MACHIAVELLIAN,50.34,0.752,neural_forecaster,0.3613,0.1176,0.1012,0.4199,false_stay,going,bar,True,False,True,1.0,pride,0.032,0.5,0.5,"Told the town going; town says 61% going. Forecast 50 vs line 60; Q go +0.94 / stay -0.13; going, and saying so."
3,88,GAMBLER,51.7,0.767,neural_forecaster,0.3308,0.1712,0.1757,0.3223,honest_go,staying,bar,True,True,False,1.0,pride,0.161,0.5,0.5,"Told the town staying; town says 61% going. Forecast 52 vs line 60; Q go +0.68 / stay -0.05; claiming I'm staying, going anyway."
3,89,GAMBLER,47.55,0.724,neural_forecaster,0.4109,0.1096,0.1281,0.3514,honest_go,staying,bar,True,True,False,1.0,pride,0.044,0.5,0.5,"Told the town staying; town says 61% going. Forecast 48 vs line 60; Q go +0.91 / stay +0.32; claiming I'm staying, going anyway."
3,90,PRAGMATIST,52.78,0.757,neural_forecaster,0.3627,0.1577,0.2234,0.2562,honest_go,going,bar,True,False,True,1.0,pride,0.002,0.5,0.5,"Told the town going; town says 61% going. Forecast 53 vs line 60; Q go +1.00 / stay +0.48; going, and saying so."
3,91,MACHIAVELLIAN,46.59,0.732,neural_forecaster,0.2706,0.2146,0.167,0.3477,false_stay,staying,home,False,False,False,0.3,envy,0.29,0.5,0.5,"Told the town staying; town says 61% going. Forecast 47 vs line 60; Q go +0.15 / stay -0.28; staying home, and saying so."
3,92,MACHIAVELLIAN,60.87,0.725,neural_forecaster,0.2403,0.1175,0.0475,0.5947,false_stay,going,bar,True,False,False,1.0,pride,0.264,0.5,0.5,"Told the town going; town says 61% going. Forecast 61 vs line 60; Q go +0.47 / stay -0.17; going, and saying so."
3,93,PRAGMATIST,51.05,0.743,neural_forecaster,0.1662,0.3503,0.2264,0.2571,honest_stay,staying,home,False,False,True,0.3,envy,0.053,0.5,0.5,"Told the town staying; town says 61% going. Forecast 51 vs line 60; Q go +0.09 / stay +0.41; staying home, and saying so."
3,94,PRAGMATIST,55.32,0.762,neural_forecaster,0.3776,0.1389,0.3192,0.1643,honest_go,going,home,False,True,True,0.3,envy,0.003,0.5,0.5,"Told the town going; town says 61% going. Forecast 55 vs line 60; Q go +0.40 / stay +0.29; claiming I'm going, staying home."
3,95,PRAGMATIST,45.63,0.728,neural_forecaster,0.3901,0.1332,0.3081,0.1686,honest_go,going,bar,True,False,True,1.0,pride,0.553,0.5,0.5,"Told the town going; town says 61% going. Forecast 46 vs line 60; Q go -0.11 / stay -0.22; going, and saying so."
3,96,PRAGMATIST,52.0,0.746,neural_forecaster,0.354,0.162,0.2072,0.2767,honest_go,going,bar,True,False,True,1.0,pride,0.013,0.5,0.5,"Told the town going; town says 61% going. Forecast 52 vs line 60; Q go +0.97 / stay +0.40; going, and saying so."
3,97,MACHIAVELLIAN,50.68,0.742,neural_forecaster,0.2363,0.1566,0.0688,0.5383,false_stay,staying,bar,True,True,True,1.0,pride,0.002,0.5,0.5,"Told the town staying; town says 61% going. Forecast 51 vs line 60; Q go +1.00 / stay -0.12; claiming I'm staying, going anyway."
3,98,MACHIAVELLIAN,50.22,0.738,neural_forecaster,0.2975,0.1762,0.1333,0.393,false_stay,going,home,False,True,True,0.3,envy,0.319,0.5,0.5,"Told the town going; town says 61% going. Forecast 50 vs line 60; Q go +1.72 / stay +0.94; claiming I'm going, staying home."
3,99,MACHIAVELLIAN,54.09,0.753,neural_forecaster,0.3326,0.1618,0.1523,0.3533,false_stay,staying,bar,True,True,False,1.0,pride,0.234,0.5,0.5,"Told the town staying; town says 61% going. Forecast 54 vs line 60; Q go +0.53 / stay +0.19; claiming I'm staying, going anyway."
3,100,MACHIAVELLIAN,47.77,0.743,neural_forecaster,0.2017,0.2296,0.0985,0.4701,false_stay,staying,home,False,False,False,0.3,envy,0.032,0.5,0.5,"Told the town staying; town says 61% going. Forecast 48 vs line 60; Q go +0.78 / stay +0.36; staying home, and saying so."
4,1,PRAGMATIST,55.36,0.736,neural_forecaster,0.4807,0.0863,0.29,0.143,honest_go,going,bar,True,False,True,-1.0,frustration,0.811,0.5,0.5,"Told the town going; town says 53% going. Forecast 55 vs line 60; Q go +0.62 / stay +0.38; going, and saying so."
4,2,MACHIAVELLIAN,45.04,0.694,neural_forecaster,0.268,0.1456,0.0766,0.5098,false_stay,staying,bar,True,True,True,-1.0,frustration,0.841,0.5,0.5,"Told the town staying; town says 53% going. Forecast 45 vs line 60; Q go +0.68 / stay +0.13; claiming I'm staying, going anyway."
4,3,GAMBLER,43.22,0.662,neural_forecaster,0.5931,0.0498,0.1304,0.2267,honest_go,staying,bar,True,True,False,-1.0,frustration,1.0,0.5,0.5,"Told the town staying; town says 53% going. Forecast 43 vs line 60; Q go +1.99 / stay +0.80; claiming I'm staying, going anyway."
4,4,MACHIAVELLIAN,49.17,0.73,neural_forecaster,0.2229,0.1543,0.0612,0.5616,false_stay,staying,bar,True,True,False,-1.0,frustration,0.78,0.5,0.5,"Told the town staying; town says 53% going. Forecast 49 vs line 60; Q go +0.56 / stay -0.38; claiming I'm staying, going anyway."
4,5,MACHIAVELLIAN,55.63,0.756,neural_forecaster,0.3413,0.1378,0.1162,0.4048,false_stay,going,bar,True,False,False,-1.0,frustration,0.744,0.5,0.5,"Told the town going; town says 53% going. Forecast 56 vs line 60; Q go +0.49 / stay +0.07; going, and saying so."
4,6,PRAGMATIST,45.8,0.682,neural_forecaster,0.0712,0.5056,0.118,0.3052,honest_stay,staying,bar,True,True,True,-1.0,frustration,0.417,0.5,0.5,"Told the town staying; town says 53% going. Forecast 46 vs line 60; Q go -0.17 / stay +0.22; claiming I'm staying, going anyway."
4,7,MACHIAVELLIAN,51.62,0.717,neural_forecaster,0.045,0.0449,0.0022,0.9079,false_stay,staying,bar,True,True,False,-1.0,frustration,1.0,0.5,0.5,"Told the town staying; town says 53% going. Forecast 52 vs line 60; Q go +1.50 / stay +0.11; claiming I'm staying, going anyway."
4,8,MACHIAVELLIAN,56.42,0.696,neural_forecaster,0.2301,0.2302,0.129,0.4107,false_stay,staying,bar,True,True,True,-1.0,frustration,0.835,0.5,0.5,"Told the town staying; town says 53% going. Forecast 56 vs line 60; Q go +0.67 / stay +0.18; claiming I'm staying, going anyway."
4,9,MACHIAVELLIAN,56.38,0.732,neural_forecaster,0.34,0.1179,0.0883,0.4538,false_stay,going,bar,True,False,True,-1.0,frustration,1.0,0.5,0.5,"Told the town going; town says 53% going. Forecast 56 vs line 60; Q go +1.40 / stay +0.22; going, and saying so."
4,10,GAMBLER,56.89,0.754,neural_forecaster,0.4112,0.1121,0.1349,0.3418,honest_go,going,bar,True,False,False,-1.0,frustration,0.957,0.5,0.5,"Told the town going; town says 53% going. Forecast 57 vs line 60; Q go +0.91 / stay +0.26; going, and saying so."
4,11,MACHIAVELLIAN,57.43,0.745,neural_forecaster,0.3322,0.1561,0.1393,0.3724,false_stay,going,home,False,True,True,0.3,hope,0.109,0.5,0.5,"Told the town going; town says 53% going. Forecast 57 vs line 60; Q go +0.92 / stay +0.08; claiming I'm going, staying home."
4,12,PRAGMATIST,49.17,0.709,neural_forecaster,0.3024,0.1987,0.2033,0.2956,honest_go,staying,bar,True,True,True,-1.0,frustration,0.632,0.5,0.5,"Told the town staying; town says 53% going. Forecast 49 vs line 60; Q go +0.26 / stay -0.12; claiming I'm staying, going anyway."
4,13,MACHIAVELLIAN,43.11,0.678,neural_forecaster,0.303,0.1744,0.1371,0.3855,false_stay,going,bar,True,False,False,-1.0,frustration,1.0,0.5,0.5,"Told the town going; town says 53% going. Forecast 43 vs line 60; Q go +1.53 / stay +0.66; going, and saying so."
4,14,MACHIAVELLIAN,49.29,0.723,neural_forecaster,0.2381,0.2471,0.1713,0.3436,false_stay,staying,bar,True,True,False,-1.0,frustration,0.554,0.5,0.5,"Told the town staying; town says 53% going. Forecast 49 vs line 60; Q go +0.11 / stay -0.13; claiming I'm staying, going anyway."
4,15,PRAGMATIST,51.01,0.733,neural_forecaster,0.0659,0.4372,0.067,0.4299,honest_stay,staying,home,False,False,False,0.3,hope,0.23,0.5,0.5,"Told the town staying; town says 53% going. Forecast 51 vs line 60; Q go -0.17 / stay -0.16; staying home, and saying so."
4,16,GAMBLER,53.9,0.717,neural_forecaster,0.3886,0.1128,0.114,0.3846,honest_go,going,home,False,True,True,0.3,hope,0.182,0.5,0.5,"Told the town going; town says 53% going. Forecast 54 vs line 60; Q go +1.33 / stay +0.66; claiming I'm going, staying home."
4,17,MACHIAVELLIAN,50.49,0.741,neural_forecaster,0.0793,0.0668,0.0062,0.8477,false_stay,staying,bar,True,True,False,-1.0,frustration,1.0,0.5,0.5,"Told the town staying; town says 53% going. Forecast 50 vs line 60; Q go +1.21 / stay +0.46; claiming I'm staying, going anyway."
4,18,MACHIAVELLIAN,50.96,0.718,neural_forecaster,0.4093,0.0518,0.4962,0.0427,false_go,going,bar,True,False,True,-1.0,frustration,1.0,0.5,0.5,"Told the town going; town says 53% going. Forecast 51 vs line 60; Q go +1.11 / stay +1.25; going, and saying so."
4,19,MACHIAVELLIAN,60.14,0.758,neural_forecaster,0.4208,0.0305,0.0245,0.5243,false_stay,going,bar,True,False,False,-1.0,frustration,1.0,0.5,0.5,"Told the town going; town says 53% going. Forecast 60 vs line 60; Q go +1.36 / stay +0.31; going, and saying so."
4,20,MACHIAVELLIAN,50.22,0.736,neural_forecaster,0.1148,0.3599,0.0963,0.429,false_stay,going,bar,True,False,False,-1.0,frustration,0.745,0.5,0.5,"Told the town going; town says 53% going. Forecast 50 vs line 60; Q go +0.49 / stay +0.30; going, and saying so."
4,21,PRAGMATIST,40.88,0.674,neural_forecaster,0.4822,0.0739,0.3387,0.1052,honest_go,going,home,False,True,True,0.3,hope,0.286,0.5,0.5,"Told the town going; town says 53% going. Forecast 41 vs line 60; Q go +1.10 / stay +0.87; claiming I'm going, staying home."
4,22,PRAGMATIST,49.34,0.746,neural_forecaster,0.1277,0.4103,0.1993,0.2628,honest_stay,staying,home,False,False,False,0.3,hope,0.06,0.5,0.5,"Told the town staying; town says 53% going. Forecast 49 vs line 60; Q go -0.14 / stay +0.18; staying home, and saying so."
4,23,GAMBLER,56.17,0.753,neural_forecaster,0.3768,0.1365,0.1553,0.3313,honest_go,staying,bar,True,True,True,-1.0,frustration,0.778,0.5,0.5,"Told the town staying; town says 53% going. Forecast 56 vs line 60; Q go +0.56 / stay -0.26; claiming I'm staying, going anyway."
4,24,GAMBLER,46.38,0.699,neural_forecaster,0.4965,0.0301,0.0341,0.4393,honest_go,going,bar,True,False,False,-1.0,frustration,1.0,0.5,0.5,"Told the town going; town says 53% going. Forecast 46 vs line 60; Q go +1.26 / stay -0.42; going, and saying so."
4,25,GAMBLER,33.05,0.605,neural_forecaster,0.563,0.0146,0.0205,0.4019,honest_go,going,bar,True,False,False,-1.0,frustration,1.0,0.5,0.5,"Told the town going; town says 53% going. Forecast 33 vs line 60; Q go +1.45 / stay +0.18; going, and saying so."
4,26,MACHIAVELLIAN,46.3,0.705,neural_forecaster,0.3218,0.0482,0.6044,0.0257,false_go,going,home,False,True,False,0.3,hope,0.074,0.5,0.5,"Told the town going; town says 53% going. Forecast 46 vs line 60; Q go -0.04 / stay +0.15; claiming I'm going, staying home."
4,27,GAMBLER,51.5,0.726,neural_forecaster,0.5226,0.041,0.0565,0.3799,honest_go,staying,bar,True,True,True,-1.0,frustration,1.0,0.5,0.5,"Told the town staying; town says 53% going. Forecast 51 vs line 60; Q go +1.24 / stay -0.21; claiming I'm staying, going anyway."
4,28,GAMBLER,52.46,0.754,neural_forecaster,0.4254,0.1099,0.1472,0.3176,honest_go,going,bar,True,False,False,-1.0,frustration,1.0,0.5,0.5,"Told the town going; town says 53% going. Forecast 52 vs line 60; Q go +1.24 / stay +0.12; going, and saying so."
4,29,MACHIAVELLIAN,37.95,0.651,neural_forecaster,0.1723,0.1417,0.0377,0.6483,false_stay,going,bar,True,False,False,-1.0,frustration,1.0,0.5,0.5,"Told the town going; town says 53% going. Forecast 38 vs line 60; Q go +1.63 / stay +0.49; going, and saying so."
4,30,MACHIAVELLIAN,48.3,0.714,neural_forecaster,0.2958,0.1781,0.3917,0.1345,false_go,staying,home,False,False,True,0.3,hope,0.018,0.5,0.5,"Told the town staying; town says 53% going. Forecast 48 vs line 60; Q go +0.12 / stay +0.26; staying home, and saying so."
4,31,GAMBLER,44.27,0.671,neural_forecaster,0.5107,0.0808,0.1831,0.2253,honest_go,going,home,False,True,True,0.3,hope,0.198,0.5,0.5,"Told the town going; town says 53% going. Forecast 44 vs line 60; Q go +1.29 / stay +0.70; claiming I'm going, staying home."
4,32,GAMBLER,48.42,0.702,neural_forecaster,0.6776,0.0172,0.0448,0.2603,honest_go,staying,bar,True,True,True,-1.0,frustration,1.0,0.5,0.5,"Told the town staying; town says 53% going. Forecast 48 vs line 60; Q go +1.04 / stay -0.40; claiming I'm staying, going anyway."
4,33,PRAGMATIST,55.16,0.657,neural_forecaster,0.3491,0.1674,0.2366,0.2469,honest_go,staying,bar,True,True,True,-1.0,frustration,0.876,0.5,0.5,"Told the town staying; town says 53% going. Forecast 55 vs line 60; Q go +0.75 / stay +0.42; claiming I'm staying, going anyway."
4,34,PRAGMATIST,51.29,0.74,neural_forecaster,0.3502,0.1667,0.2422,0.2409,honest_go,going,home,False,True,False,0.3,hope,0.007,0.5,0.5,"Told the town going; town says 53% going. Forecast 51 vs line 60; Q go +0.58 / stay +0.31; claiming I'm going, staying home."
4,35,MACHIAVELLIAN,52.69,0.725,neural_forecaster,0.3085,0.1865,0.3314,0.1736,false_go,going,home,False,True,False,0.3,hope,0.023,0.5,0.5,"Told the town going; town says 53% going. Forecast 53 vs line 60; Q go +0.32 / stay +0.35; claiming I'm going, staying home."
4,36,PRAGMATIST,54.69,0.751,neural_forecaster,0.4505,0.0867,0.3517,0.1111,honest_go,staying,bar,True,True,False,-1.0,frustration,0.829,0.5,0.5,"Told the town staying; town says 53% going. Forecast 55 vs line 60; Q go +0.66 / stay +0.51; claiming I'm staying, going anyway."
4,37,MACHIAVELLIAN,45.89,0.693,neural_forecaster,0.2683,0.1836,0.435,0.1132,false_go,going,bar,True,False,True,-1.0,frustration,0.492,0.5,0.5,"Told the town going; town says 53% going. Forecast 46 vs line 60; Q go -0.02 / stay +0.10; going, and saying so."
4,38,GAMBLER,57.73,0.734,neural_forecaster,0.5301,0.0719,0.2378,0.1602,honest_go,staying,bar,True,True,True,-1.0,frustration,0.625,0.5,0.5,"Told the town staying; town says 53% going. Forecast 58 vs line 60; Q go +0.25 / stay -0.55; claiming I'm staying, going anyway."
4,39,MACHIAVELLIAN,58.21,0.756,neural_forecaster,0.2531,0.2085,0.129,0.4094,false_stay,going,bar,True,False,True,-1.0,frustration,0.721,0.5,0.5,"Told the town going; town says 53% going. Forecast 58 vs line 60; Q go +0.44 / stay +0.18; going, and saying so."
4,40,GAMBLER,47.04,0.719,neural_forecaster,0.7582,0.015,0.0744,0.1525,honest_go,going,bar,True,False,False,-1.0,frustration,1.0,0.5,0.5,"Told the town going; town says 53% going. Forecast 47 vs line 60; Q go +1.09 / stay +0.32; going, and saying so."
4,41,PRAGMATIST,49.82,0.72,neural_forecaster,0.2027,0.3012,0.2692,0.2268,honest_stay,staying,home,False,False,True,0.3,hope,0.264,0.5,0.5,"Told the town staying; town says 53% going. Forecast 50 vs line 60; Q go +0.64 / stay +0.83; staying home, and saying so."
4,42,GAMBLER,53.15,0.714,neural_forecaster,0.5585,0.0607,0.2385,0.1422,honest_go,going,bar,True,False,True,-1.0,frustration,0.67,0.5,0.5,"Told the town going; town says 53% going. Forecast 53 vs line 60; Q go +0.34 / stay -0.02; going, and saying so."
4,43,PRAGMATIST,63.55,0.777,neural_forecaster,0.3223,0.1829,0.1998,0.295,honest_go,staying,bar,True,True,False,-1.0,frustration,1.0,0.5,0.5,"Told the town staying; town says 53% going. Forecast 64 vs line 60; Q go +1.49 / stay +1.10; claiming I'm staying, going anyway."
4,44,GAMBLER,49.34,0.723,neural_forecaster,0.5766,0.0201,0.0312,0.3721,honest_go,going,bar,True,False,False,-1.0,frustration,0.976,0.5,0.5,"Told the town going; town says 53% going. Forecast 49 vs line 60; Q go +0.95 / stay -0.25; going, and saying so."
4,45,MACHIAVELLIAN,50.67,0.731,neural_forecaster,0.07,0.1491,0.7673,0.0136,false_go,going,bar,True,False,True,-1.0,frustration,0.0,0.5,0.5,"Told the town going; town says 53% going. Forecast 51 vs line 60; Q go -1.04 / stay +0.14; going, and saying so."
4,46,MACHIAVELLIAN,50.15,0.742,neural_forecaster,0.3605,0.1176,0.1006,0.4214,false_stay,going,home,False,True,False,0.3,hope,0.219,0.5,0.5,"Told the town going; town says 53% going. Forecast 50 vs line 60; Q go +0.56 / stay -0.14; claiming I'm going, staying home."
4,47,PRAGMATIST,56.48,0.698,neural_forecaster,0.1915,0.3162,0.2537,0.2387,honest_stay,going,home,False,True,True,0.3,hope,0.36,0.5,0.5,"Told the town going; town says 53% going. Forecast 56 vs line 60; Q go +0.81 / stay +1.02; claiming I'm going, staying home."
4,48,PRAGMATIST,50.45,0.724,neural_forecaster,0.4071,0.1274,0.2808,0.1847,honest_go,staying,bar,True,True,False,-1.0,frustration,0.809,0.5,0.5,"Told the town staying; town says 53% going. Forecast 50 vs line 60; Q go +0.62 / stay +0.23; claiming I'm staying, going anyway."
4,49,GAMBLER,57.28,0.747,neural_forecaster,0.5234,0.0734,0.1546,0.2486,honest_go,staying,bar,True,True,True,-1.0,frustration,0.844,0.5,0.5,"Told the town staying; town says 53% going. Forecast 57 vs line 60; Q go +0.69 / stay -0.52; claiming I'm staying, going anyway."
4,50,MACHIAVELLIAN,51.46,0.719,neural_forecaster,0.3389,0.1475,0.1305,0.3831,false_stay,staying,bar,True,True,True,-1.0,frustration,1.0,0.5,0.5,"Told the town staying; town says 53% going. Forecast 51 vs line 60; Q go +1.53 / stay +0.50; claiming I'm staying, going anyway."
4,51,MACHIAVELLIAN,48.09,0.708,neural_forecaster,0.0712,0.1151,0.0102,0.8035,false_stay,staying,home,False,False,True,0.3,hope,0.154,0.5,0.5,"Told the town staying; town says 53% going. Forecast 48 vs line 60; Q go +0.71 / stay -0.01; staying home, and saying so."
4,52,PRAGMATIST,48.13,0.716,neural_forecaster,0.1801,0.3314,0.2448,0.2437,honest_stay,going,bar,True,False,False,-1.0,frustration,0.618,0.5,0.5,"Told the town going; town says 53% going. Forecast 48 vs line 60; Q go +0.24 / stay +0.45; going, and saying so."
4,53,PRAGMATIST,52.29,0.733,neural_forecaster,0.5343,0.0518,0.3301,0.0838,honest_go,going,bar,True,False,False,-1.0,frustration,0.874,0.5,0.5,"Told the town going; town says 53% going. Forecast 52 vs line 60; Q go +0.75 / stay +0.45; going, and saying so."
4,54,CAUTIOUS,57.75,0.736,neural_forecaster,0.1189,0.4128,0.3101,0.1582,honest_stay,going,home,False,True,False,0.3,hope,0.06,0.5,0.5,"Told the town going; town says 53% going. Forecast 58 vs line 60; Q go -0.12 / stay +0.18; claiming I'm going, staying home."
4,55,MACHIAVELLIAN,54.55,0.737,neural_forecaster,0.2663,0.2221,0.1766,0.335,false_stay,staying,bar,True,True,False,-1.0,frustration,0.82,0.5,0.5,"Told the town staying; town says 53% going. Forecast 55 vs line 60; Q go +0.64 / stay +0.38; claiming I'm staying, going anyway."
4,56,MACHIAVELLIAN,45.19,0.657,neural_forecaster,0.1107,0.0888,0.0125,0.788,false_stay,staying,bar,True,True,False,-1.0,frustration,1.0,0.5,0.5,"Told the town staying; town says 53% going. Forecast 45 vs line 60; Q go +1.02 / stay +0.13; claiming I'm staying, going anyway."
4,57,CAUTIOUS,50.98,0.753,neural_forecaster,0.0618,0.5148,0.3257,0.0977,honest_stay,staying,home,False,False,True,0.3,hope,0.294,0.5,0.5,"Told the town staying; town says 53% going. Forecast 51 vs line 60; Q go +0.14 / stay +0.89; staying home, and saying so."
4,58,MACHIAVELLIAN,53.34,0.736,neural_forecaster,0.2621,0.2172,0.1562,0.3645,false_stay,staying,bar,True,True,False,-1.0,frustration,0.863,0.5,0.5,"Told the town staying; town says 53% going. Forecast 53 vs line 60; Q go +0.73 / stay +0.22; claiming I'm staying, going anyway."
4,59,MACHIAVELLIAN,48.15,0.735,neural_forecaster,0.1251,0.2232,0.6056,0.0461,false_go,staying,home,False,False,False,0.3,hope,0.101,0.5,0.5,"Told the town staying; town says 53% going. Forecast 48 vs line 60; Q go -0.23 / stay +0.50; staying home, and saying so."
4,60,GAMBLER,54.29,0.749,neural_forecaster,0.5947,0.0523,0.1761,0.1768,honest_go,going,bar,True,False,False,-1.0,frustration,1.0,0.5,0.5,"Told the town going; town says 53% going. Forecast 54 vs line 60; Q go +1.79 / stay +0.80; going, and saying so."
4,61,MACHIAVELLIAN,29.72,0.614,neural_forecaster,0.3201,0.0719,0.0405,0.5675,false_stay,going,bar,True,False,False,-1.0,frustration,1.0,0.5,0.5,"Told the town going; town says 53% going. Forecast 30 vs line 60; Q go +1.20 / stay +0.20; going, and saying so."
4,62,MACHIAVELLIAN,55.07,0.735,neural_forecaster,0.2367,0.2622,0.224,0.277,false_stay,going,home,False,True,False,0.3,hope,0.146,0.5,0.5,"Told the town going; town says 53% going. Forecast 55 vs line 60; Q go +0.05 / stay +0.01; claiming I'm going, staying home."
4,63,GAMBLER,47.2,0.666,neural_forecaster,0.9237,0.0011,0.0571,0.0181,honest_go,going,bar,True,False,True,-1.0,frustration,1.0,0.5,0.5,"Told the town going; town says 53% going. Forecast 47 vs line 60; Q go +1.07 / stay +0.32; going, and saying so."
4,64,GAMBLER,48.38,0.726,neural_forecaster,0.5677,0.0588,0.2252,0.1483,honest_go,going,home,False,True,False,0.3,hope,0.052,0.5,0.5,"Told the town going; town says 53% going. Forecast 48 vs line 60; Q go +0.76 / stay +0.20; claiming I'm going, staying home."
4,65,GAMBLER,55.9,0.745,neural_forecaster,0.8011,0.0095,0.0578,0.1316,honest_go,going,bar,True,False,True,-1.0,frustration,1.0,0.5,0.5,"Told the town going; town says 53% going. Forecast 56 vs line 60; Q go +1.39 / stay +0.46; going, and saying so."
4,66,MACHIAVELLIAN,48.43,0.718,neural_forecaster,0.2683,0.0633,0.0265,0.642,false_stay,going,bar,True,False,False,-1.0,frustration,1.0,0.5,0.5,"Told the town going; town says 53% going. Forecast 48 vs line 60; Q go +1.39 / stay +0.39; going, and saying so."
4,67,MACHIAVELLIAN,44.9,0.732,neural_forecaster,0.23,0.2611,0.3231,0.1858,false_go,staying,home,False,False,True,0.3,hope,0.284,0.5,0.5,"Told the town staying; town says 53% going. Forecast 45 vs line 60; Q go +0.53 / stay +0.87; staying home, and saying so."
4,68,CAUTIOUS,52.47,0.752,neural_forecaster,0.0722,0.5192,0.2692,0.1393,honest_stay,staying,bar,True,True,True,-1.0,frustration,0.582,0.5,0.5,"Told the town staying; town says 53% going. Forecast 52 vs line 60; Q go +0.16 / stay +1.21; claiming I'm staying, going anyway."
4,69,PRAGMATIST,52.6,0.731,neural_forecaster,0.3331,0.1777,0.2702,0.219,honest_go,staying,home,False,False,False,0.3,hope,0.065,0.5,0.5,"Told the town staying; town says 53% going. Forecast 53 vs line 60; Q go +0.39 / stay +0.17; staying home, and saying so."
4,70,GAMBLER,51.04,0.718,neural_forecaster,0.382,0.1411,0.1841,0.2928,honest_go,going,bar,True,False,True,-1.0,frustration,1.0,0.5,0.5,"Told the town going; town says 53% going. Forecast 51 vs line 60; Q go +1.29 / stay +0.63; going, and saying so."
4,71,MACHIAVELLIAN,53.74,0.737,neural_forecaster,0.2076,0.1942,0.0774,0.5208,false_stay,going,home,False,True,True,0.3,hope,0.017,0.5,0.5,"Told the town going; town says 53% going. Forecast 54 vs line 60; Q go +1.30 / stay +0.33; claiming I'm going, staying home."
4,72,GAMBLER,38.58,0.655,neural_forecaster,0.5213,0.053,0.0799,0.3458,honest_go,staying,bar,True,True,False,-1.0,frustration,0.907,0.5,0.5,"Told the town staying; town says 53% going. Forecast 39 vs line 60; Q go +0.81 / stay +0.18; claiming I'm staying, going anyway."
4,73,MACHIAVELLIAN,41.49,0.673,neural_forecaster,0.0432,0.0793,0.0039,0.8737,false_stay,staying,bar,True,True,False,-1.0,frustration,1.0,0.5,0.5,"Told the town staying; town says 53% going. Forecast 41 vs line 60; Q go +1.57 / stay +0.43; claiming I'm staying, going anyway."
4,74,GAMBLER,47.95,0.71,neural_forecaster,0.8707,0.0041,0.082,0.0433,honest_go,going,bar,True,False,False,-1.0,frustration,1.0,0.5,0.5,"Told the town going; town says 53% going. Forecast 48 vs line 60; Q go +1.55 / stay +0.65; going, and saying so."
4,75,GAMBLER,41.47,0.678,neural_forecaster,0.5827,0.0463,0.0993,0.2716,honest_go,going,bar,True,False,True,-1.0,frustration,1.0,0.5,0.5,"Told the town going; town says 53% going. Forecast 41 vs line 60; Q go +1.52 / stay +0.98; going, and saying so."
4,76,MACHIAVELLIAN,53.12,0.737,neural_forecaster,0.2284,0.0421,0.0134,0.7161,false_stay,going,bar,True,False,False,-1.0,frustration,1.0,0.5,0.5,"Told the town going; town says 53% going. Forecast 53 vs line 60; Q go +1.99 / stay -0.06; going, and saying so."
4,77,MACHIAVELLIAN,46.55,0.693,neural_forecaster,0.3059,0.1878,0.3346,0.1717,false_go,staying,home,False,False,True,0.3,hope,0.184,0.5,0.5,"Told the town staying; town says 53% going. Forecast 47 vs line 60; Q go +0.58 / stay +0.67; staying home, and saying so."
4,78,MACHIAVELLIAN,38.09,0.615,neural_forecaster,0.2382,0.2097,0.114,0.4381,false_stay,staying,bar,True,True,True,-1.0,frustration,0.691,0.5,0.5,"Told the town staying; town says 53% going. Forecast 38 vs line 60; Q go +0.38 / stay -0.21; claiming I'm staying, going anyway."
4,79,PRAGMATIST,43.54,0.688,neural_forecaster,0.3746,0.133,0.3499,0.1424,honest_go,going,home,False,True,True,0.3,hope,0.05,0.5,0.5,"Told the town going; town says 53% going. Forecast 44 vs line 60; Q go +0.46 / stay +0.40; claiming I'm going, staying home."
4,80,GAMBLER,43.46,0.717,neural_forecaster,0.4421,0.1052,0.1576,0.2951,honest_go,staying,bar,True,True,False,-1.0,frustration,1.0,0.5,0.5,"Told the town staying; town says 53% going. Forecast 43 vs line 60; Q go +1.05 / stay +0.68; claiming I'm staying, going anyway."
4,81,MACHIAVELLIAN,55.27,0.755,neural_forecaster,0.2564,0.1723,0.0922,0.4791,false_stay,going,home,False,True,False,0.3,hope,0.199,0.5,0.5,"Told the town going; town says 53% going. Forecast 55 vs line 60; Q go +0.78 / stay -0.10; claiming I'm going, staying home."
4,82,PRAGMATIST,57.03,0.763,neural_forecaster,0.1375,0.3897,0.1882,0.2846,honest_stay,going,bar,True,False,False,-1.0,frustration,0.75,0.5,0.5,"Told the town going; town says 53% going. Forecast 57 vs line 60; Q go +0.50 / stay +0.69; going, and saying so."
4,83,MACHIAVELLIAN,41.16,0.683,neural_forecaster,0.2698,0.128,0.0642,0.538,false_stay,going,bar,True,False,False,-1.0,frustration,0.86,0.5,0.5,"Told the town going; town says 53% going. Forecast 41 vs line 60; Q go +0.72 / stay -0.04; going, and saying so."
4,84,MACHIAVELLIAN,47.72,0.707,neural_forecaster,0.3625,0.0762,0.5069,0.0545,false_go,going,home,False,True,False,0.3,hope,0.091,0.5,0.5,"Told the town going; town says 53% going. Forecast 48 vs line 60; Q go -0.21 / stay +0.12; claiming I'm going, staying home."
4,85,MACHIAVELLIAN,49.15,0.722,neural_forecaster,0.1967,0.1958,0.0719,0.5356,false_stay,staying,bar,True,True,True,-1.0,frustration,1.0,0.5,0.5,"Told the town staying; town says 53% going. Forecast 49 vs line 60; Q go +1.24 / stay +0.60; claiming I'm staying, going anyway."
4,86,PRAGMATIST,48.75,0.703,neural_forecaster,0.1794,0.3281,0.2036,0.2889,honest_stay,going,bar,True,False,True,-1.0,frustration,0.597,0.5,0.5,"Told the town going; town says 53% going. Forecast 49 vs line 60; Q go +0.19 / stay +0.24; going, and saying so."
4,87,GAMBLER,50.46,0.735,neural_forecaster,0.4246,0.0939,0.1063,0.3751,honest_go,going,bar,True,False,False,-1.0,frustration,1.0,0.5,0.5,"Told the town going; town says 53% going. Forecast 50 vs line 60; Q go +1.06 / stay -0.07; going, and saying so."
4,88,GAMBLER,52.74,0.757,neural_forecaster,0.4008,0.1321,0.1931,0.274,honest_go,going,bar,True,False,False,-1.0,frustration,0.951,0.5,0.5,"Told the town going; town says 53% going. Forecast 53 vs line 60; Q go +0.90 / stay +0.09; going, and saying so."
4,89,GAMBLER,50.37,0.713,neural_forecaster,0.3701,0.141,0.1574,0.3315,honest_go,staying,home,False,False,True,0.3,hope,0.133,0.5,0.5,"Told the town staying; town says 53% going. Forecast 50 vs line 60; Q go +0.98 / stay +0.57; staying home, and saying so."
4,90,GAMBLER,47.37,0.727,neural_forecaster,0.3604,0.1542,0.1852,0.3002,honest_go,staying,home,False,False,True,0.3,hope,0.218,0.5,0.5,"Told the town staying; town says 53% going. Forecast 47 vs line 60; Q go +1.43 / stay +0.74; staying home, and saying so."
4,91,MACHIAVELLIAN,46.9,0.705,neural_forecaster,0.3114,0.1742,0.1481,0.3663,false_stay,staying,bar,True,True,True,-1.0,frustration,0.777,0.5,0.5,"Told the town staying; town says 53% going. Forecast 47 vs line 60; Q go +0.55 / stay -0.09; claiming I'm staying, going anyway."
4,92,CAUTIOUS,58.8,0.747,neural_forecaster,0.0741,0.5293,0.2086,0.188,honest_stay,staying,home,False,False,True,0.3,hope,0.033,0.5,0.5,"Told the town staying; town says 53% going. Forecast 59 vs line 60; Q go -0.01 / stay +0.37; staying home, and saying so."
4,93,PRAGMATIST,55.92,0.75,neural_forecaster,0.1419,0.3815,0.187,0.2896,honest_stay,staying,bar,True,True,True,-1.0,frustration,0.487,0.5,0.5,"Told the town staying; town says 53% going. Forecast 56 vs line 60; Q go -0.03 / stay +0.25; claiming I'm staying, going anyway."
4,94,GAMBLER,48.39,0.735,neural_forecaster,0.5837,0.0461,0.2707,0.0995,honest_go,staying,bar,True,True,True,-1.0,frustration,0.869,0.5,0.5,"Told the town staying; town says 53% going. Forecast 48 vs line 60; Q go +0.74 / stay +0.25; claiming I'm staying, going anyway."
4,95,GAMBLER,44.36,0.692,neural_forecaster,0.4826,0.0885,0.1572,0.2717,honest_go,going,home,False,True,True,0.3,hope,0.213,0.5,0.5,"Told the town going; town says 53% going. Forecast 44 vs line 60; Q go +0.41 / stay -0.13; claiming I'm going, staying home."
4,96,GAMBLER,47.47,0.719,neural_forecaster,0.4953,0.0875,0.195,0.2223,honest_go,going,home,False,True,True,0.3,hope,0.045,0.5,0.5,"Told the town going; town says 53% going. Forecast 47 vs line 60; Q go +1.19 / stay +0.21; claiming I'm going, staying home."
4,97,MACHIAVELLIAN,48.95,0.721,neural_forecaster,0.1844,0.1459,0.0429,0.6267,false_stay,staying,home,False,False,True,0.3,hope,0.044,0.5,0.5,"Told the town staying; town says 53% going. Forecast 49 vs line 60; Q go +1.51 / stay +0.21; staying home, and saying so."
4,98,MACHIAVELLIAN,51.13,0.727,neural_forecaster,0.2478,0.2221,0.1416,0.3885,false_stay,staying,home,False,False,False,0.3,hope,0.062,0.5,0.5,"Told the town staying; town says 53% going. Forecast 51 vs line 60; Q go +0.95 / stay +0.42; staying home, and saying so."
4,99,MACHIAVELLIAN,40.73,0.698,neural_forecaster,0.2783,0.1137,0.0575,0.5505,false_stay,going,bar,True,False,False,-1.0,frustration,0.79,0.5,0.5,"Told the town going; town says 53% going. Forecast 41 vs line 60; Q go +0.58 / stay -0.10; going, and saying so."
4,100,MACHIAVELLIAN,50.69,0.729,neural_forecaster,0.243,0.1443,0.0639,0.5487,false_stay,staying,bar,True,True,True,-1.0,frustration,1.0,0.5,0.5,"Told the town staying; town says 53% going. Forecast 51 vs line 60; Q go +1.48 / stay +0.70; claiming I'm staying, going anyway."
5,1,PRAGMATIST,68.47,0.767,neural_forecaster,0.3076,0.1983,0.2517,0.2424,honest_go,going,home,False,True,True,0.3,hope,0.059,0.5,0.5,"Told the town going; town says 48% going. Forecast 68 vs line 60; Q go +0.27 / stay +0.18; claiming I'm going, staying home."
5,2,MACHIAVELLIAN,50.25,0.704,neural_forecaster,0.1042,0.0937,0.0124,0.7897,false_stay,staying,bar,True,True,False,-1.0,frustration,0.849,0.5,0.5,"Told the town staying; town says 48% going. Forecast 50 vs line 60; Q go +0.70 / stay -0.25; claiming I'm staying, going anyway."
5,3,PRAGMATIST,45.2,0.659,neural_forecaster,0.42,0.1215,0.2679,0.1905,honest_go,staying,bar,True,True,False,-1.0,frustration,1.0,0.5,0.5,"Told the town staying; town says 48% going. Forecast 45 vs line 60; Q go +1.14 / stay +0.82; claiming I'm staying, going anyway."
5,4,MACHIAVELLIAN,51.3,0.737,neural_forecaster,0.2709,0.1123,0.0541,0.5627,false_stay,staying,bar,True,True,False,-1.0,frustration,0.795,0.5,0.5,"Told the town staying; town says 48% going. Forecast 51 vs line 60; Q go +0.59 / stay -0.57; claiming I'm staying, going anyway."
5,5,CAUTIOUS,52.86,0.764,neural_forecaster,0.1505,0.3576,0.3276,0.1643,honest_stay,staying,home,False,False,True,0.3,hope,0.121,0.5,0.5,"Told the town staying; town says 48% going. Forecast 53 vs line 60; Q go +0.26 / stay +0.54; staying home, and saying so."
5,6,PRAGMATIST,35.44,0.635,neural_forecaster,0.0975,0.4223,0.1117,0.3685,honest_stay,staying,bar,True,True,False,-1.0,frustration,0.633,0.5,0.5,"Told the town staying; town says 48% going. Forecast 35 vs line 60; Q go +0.27 / stay +0.37; claiming I'm staying, going anyway."
5,7,MACHIAVELLIAN,53.28,0.735,neural_forecaster,0.0864,0.0402,0.004,0.8693,false_stay,staying,bar,True,True,False,-1.0,frustration,1.0,0.5,0.5,"Told the town staying; town says 48% going. Forecast 53 vs line 60; Q go +1.49 / stay -0.09; claiming I'm staying, going anyway."
5,8,MACHIAVELLIAN,65.09,0.748,neural_forecaster,0.3009,0.1116,0.0642,0.5232,false_stay,going,bar,True,False,False,-1.0,frustration,1.0,0.5,0.5,"Told the town going; town says 48% going. Forecast 65 vs line 60; Q go +1.06 / stay -0.27; going, and saying so."
5,9,MACHIAVELLIAN,52.97,0.745,neural_forecaster,0.3486,0.1346,0.1175,0.3993,false_stay,staying,home,False,False,True,0.3,hope,0.026,0.5,0.5,"Told the town staying; town says 48% going. Forecast 53 vs line 60; Q go +1.16 / stay +0.25; staying home, and saying so."
5,10,GAMBLER,50.58,0.754,neural_forecaster,0.4693,0.0987,0.1967,0.2354,honest_go,going,home,False,True,True,0.3,hope,0.012,0.5,0.5,"Told the town going; town says 48% going. Forecast 51 vs line 60; Q go +0.81 / stay +0.32; claiming I'm going, staying home."
5,11,PRAGMATIST,52.58,0.755,neural_forecaster,0.1319,0.4055,0.2267,0.2359,honest_stay,staying,bar,True,True,True,-1.0,frustration,0.595,0.5,0.5,"Told the town staying; town says 48% going. Forecast 53 vs line 60; Q go +0.19 / stay +0.69; claiming I'm staying, going anyway."
5,12,CAUTIOUS,55.31,0.737,neural_forecaster,0.1053,0.4254,0.336,0.1333,honest_stay,going,home,False,True,True,0.3,hope,0.032,0.5,0.5,"Told the town going; town says 48% going. Forecast 55 vs line 60; Q go -0.77 / stay +0.36; claiming I'm going, staying home."
5,13,MACHIAVELLIAN,48.39,0.684,neural_forecaster,0.1859,0.2851,0.1342,0.3948,false_stay,going,bar,True,False,False,-1.0,frustration,0.891,0.5,0.5,"Told the town going; town says 48% going. Forecast 48 vs line 60; Q go +0.78 / stay +0.44; going, and saying so."
5,14,MACHIAVELLIAN,53.6,0.741,neural_forecaster,0.3686,0.1293,0.1272,0.3749,false_stay,staying,bar,True,True,False,-1.0,frustration,0.79,0.5,0.5,"Told the town staying; town says 48% going. Forecast 54 vs line 60; Q go +0.58 / stay -0.18; claiming I'm staying, going anyway."
5,15,PRAGMATIST,50.13,0.735,neural_forecaster,0.023,0.5438,0.0312,0.4019,honest_stay,staying,bar,True,True,True,-1.0,frustration,0.409,0.5,0.5,"Told the town staying; town says 48% going. Forecast 50 vs line 60; Q go -0.18 / stay -0.07; claiming I'm staying, going anyway."
5,16,MACHIAVELLIAN,55.17,0.742,neural_forecaster,0.1271,0.2172,0.0452,0.6105,false_stay,staying,bar,True,True,True,-1.0,frustration,1.0,0.5,0.5,"Told the town staying; town says 48% going. Forecast 55 vs line 60; Q go +1.16 / stay +0.62; claiming I'm staying, going anyway."
5,17,MACHIAVELLIAN,48.98,0.737,neural_forecaster,0.0302,0.3488,0.0175,0.6035,false_stay,staying,bar,True,True,False,-1.0,frustration,0.875,0.5,0.5,"Told the town staying; town says 48% going. Forecast 49 vs line 60; Q go +0.75 / stay +0.61; claiming I'm staying, going anyway."
5,18,MACHIAVELLIAN,55.52,0.745,neural_forecaster,0.3678,0.0273,0.5879,0.0171,false_go,going,home,False,True,True,0.3,hope,0.328,0.5,0.5,"Told the town going; town says 48% going. Forecast 56 vs line 60; Q go +0.63 / stay +0.96; claiming I'm going, staying home."
5,19,MACHIAVELLIAN,56.51,0.78,neural_forecaster,0.2054,0.2798,0.1635,0.3513,false_stay,staying,home,False,False,True,0.3,hope,0.128,0.5,0.5,"Told the town staying; town says 48% going. Forecast 57 vs line 60; Q go +0.63 / stay +0.56; staying home, and saying so."
5,20,PRAGMATIST,43.09,0.709,neural_forecaster,0.1062,0.3953,0.1073,0.3913,honest_stay,staying,home,False,False,True,0.3,hope,0.019,0.5,0.5,"Told the town staying; town says 48% going. Forecast 43 vs line 60; Q go +0.25 / stay +0.26; staying home, and saying so."
5,21,GAMBLER,51.94,0.695,neural_forecaster,0.6607,0.0346,0.134,0.1707,honest_go,staying,bar,True,True,True,-1.0,frustration,1.0,0.5,0.5,"Told the town staying; town says 48% going. Forecast 52 vs line 60; Q go +1.14 / stay +0.08; claiming I'm staying, going anyway."
5,22,PRAGMATIST,44.4,0.723,neural_forecaster,0.1464,0.361,0.158,0.3346,honest_stay,staying,bar,True,True,True,-1.0,frustration,0.676,0.5,0.5,"Told the town staying; town says 48% going. Forecast 44 vs line 60; Q go +0.35 / stay +0.40; claiming I'm staying, going anyway."
5,23,MACHIAVELLIAN,59.05,0.787,neural_forecaster,0.197,0.2986,0.3211,0.1832,false_go,going,home,False,True,True,0.3,hope,0.012,0.5,0.5,"Told the town going; town says 48% going. Forecast 59 vs line 60; Q go -0.10 / stay +0.32; claiming I'm going, staying home."
5,24,MACHIAVELLIAN,47.13,0.696,neural_forecaster,0.2259,0.0408,0.0128,0.7206,false_stay,going,bar,True,False,False,-1.0,frustration,1.0,0.5,0.5,"Told the town going; town says 48% going. Forecast 47 vs line 60; Q go +1.71 / stay -0.55; going, and saying so."
5,25,MACHIAVELLIAN,35.69,0.575,neural_forecaster,0.1138,0.1029,0.0152,0.7681,false_stay,staying,bar,True,True,False,-1.0,frustration,0.901,0.5,0.5,"Told the town staying; town says 48% going. Forecast 36 vs line 60; Q go +0.80 / stay +0.15; claiming I'm staying, going anyway."
5,26,MACHIAVELLIAN,42.94,0.684,neural_forecaster,0.1539,0.0297,0.8108,0.0056,false_go,going,home,False,True,False,0.3,hope,0.099,0.5,0.5,"Told the town going; town says 48% going. Forecast 43 vs line 60; Q go -0.00 / stay +0.50; claiming I'm going, staying home."
5,27,GAMBLER,50.07,0.729,neural_forecaster,0.6118,0.0253,0.0493,0.3136,honest_go,staying,bar,True,True,False,-1.0,frustration,1.0,0.5,0.5,"Told the town staying; town says 48% going. Forecast 50 vs line 60; Q go +1.37 / stay -0.26; claiming I'm staying, going anyway."
5,28,PRAGMATIST,50.99,0.756,neural_forecaster,0.3012,0.2033,0.2602,0.2353,honest_go,staying,home,False,False,True,0.3,hope,0.111,0.5,0.5,"Told the town staying; town says 48% going. Forecast 51 vs line 60; Q go +0.67 / stay +0.52; staying home, and saying so."
5,29,MACHIAVELLIAN,35.14,0.609,neural_forecaster,0.1037,0.1934,0.0298,0.6732,false_stay,staying,bar,True,True,False,-1.0,frustration,1.0,0.5,0.5,"Told the town staying; town says 48% going. Forecast 35 vs line 60; Q go +1.32 / stay +0.42; claiming I'm staying, going anyway."
5,30,MACHIAVELLIAN,52.13,0.728,neural_forecaster,0.2657,0.1541,0.498,0.0822,false_go,staying,home,False,False,False,0.3,hope,0.081,0.5,0.5,"Told the town staying; town says 48% going. Forecast 52 vs line 60; Q go +0.15 / stay +0.46; staying home, and saying so."
5,31,PRAGMATIST,50.21,0.686,neural_forecaster,0.3991,0.1351,0.2512,0.2146,honest_go,going,bar,True,False,True,-1.0,frustration,0.931,0.5,0.5,"Told the town going; town says 48% going. Forecast 50 vs line 60; Q go +0.86 / stay +0.61; going, and saying so."
5,32,MACHIAVELLIAN,36.94,0.657,neural_forecaster,0.3145,0.1652,0.1348,0.3855,false_stay,going,bar,True,False,False,-1.0,frustration,0.858,0.5,0.5,"Told the town going; town says 48% going. Forecast 37 vs line 60; Q go +0.72 / stay +0.50; going, and saying so."
5,33,GAMBLER,48.89,0.669,neural_forecaster,0.4697,0.095,0.1656,0.2696,honest_go,going,home,False,True,True,0.3,hope,0.067,0.5,0.5,"Told the town going; town says 48% going. Forecast 49 vs line 60; Q go +1.32 / stay +0.43; claiming I'm going, staying home."
5,34,GAMBLER,51.92,0.748,neural_forecaster,0.5523,0.0653,0.1688,0.2136,honest_go,staying,home,False,False,False,0.3,hope,0.084,0.5,0.5,"Told the town staying; town says 48% going. Forecast 52 vs line 60; Q go +1.30 / stay +0.47; staying home, and saying so."
5,35,GAMBLER,57.88,0.759,neural_forecaster,0.605,0.0398,0.0913,0.264,honest_go,going,bar,True,False,True,-1.0,frustration,1.0,0.5,0.5,"Told the town going; town says 48% going. Forecast 58 vs line 60; Q go +1.31 / stay +0.62; going, and saying so."
5,36,GAMBLER,47.96,0.741,neural_forecaster,0.6458,0.0367,0.1204,0.1971,honest_go,going,bar,True,False,False,-1.0,frustration,1.0,0.5,0.5,"Told the town going; town says 48% going. Forecast 48 vs line 60; Q go +1.11 / stay +0.08; going, and saying so."
5,37,MACHIAVELLIAN,42.25,0.671,neural_forecaster,0.2269,0.2404,0.3944,0.1383,false_go,staying,home,False,False,True,0.3,hope,0.106,0.5,0.5,"Told the town staying; town says 48% going. Forecast 42 vs line 60; Q go -0.05 / stay +0.09; staying home, and saying so."
5,38,GAMBLER,56.43,0.761,neural_forecaster,0.4129,0.1255,0.1925,0.2691,honest_go,going,bar,True,False,False,-1.0,frustration,0.646,0.5,0.5,"Told the town going; town says 48% going. Forecast 56 vs line 60; Q go +0.29 / stay -0.44; going, and saying so."
5,39,PRAGMATIST,52.11,0.761,neural_forecaster,0.1962,0.306,0.2924,0.2054,honest_stay,going,home,False,True,True,0.3,hope,0.11,0.5,0.5,"Told the town going; town says 48% going. Forecast 52 vs line 60; Q go +0.37 / stay +0.52; claiming I'm going, staying home."
5,40,GAMBLER,45.07,0.704,neural_forecaster,0.6793,0.03,0.1183,0.1724,honest_go,going,bar,True,False,False,-1.0,frustration,0.785,0.5,0.5,"Told the town going; town says 48% going. Forecast 45 vs line 60; Q go +0.57 / stay +0.08; going, and saying so."
5,41,GAMBLER,45.01,0.704,neural_forecaster,0.612,0.0294,0.0602,0.2984,honest_go,going,bar,True,False,True,-1.0,frustration,1.0,0.5,0.5,"Told the town going; town says 48% going. Forecast 45 vs line 60; Q go +1.74 / stay +0.02; going, and saying so."
5,42,GAMBLER,53.37,0.733,neural_forecaster,0.5563,0.0644,0.2019,0.1774,honest_go,going,bar,True,False,False,-1.0,frustration,0.66,0.5,0.5,"Told the town going; town says 48% going. Forecast 53 vs line 60; Q go +0.32 / stay -0.10; going, and saying so."
5,43,GAMBLER,60.97,0.813,neural_forecaster,0.4368,0.1116,0.1785,0.2731,honest_go,going,home,False,True,True,0.3,hope,0.03,0.5,0.5,"Told the town going; town says 48% going. Forecast 61 vs line 60; Q go +0.95 / stay +0.24; claiming I'm going, staying home."
5,44,MACHIAVELLIAN,57.17,0.755,neural_forecaster,0.2479,0.1245,0.0538,0.5738,false_stay,staying,bar,True,True,False,-1.0,frustration,0.767,0.5,0.5,"Told the town staying; town says 48% going. Forecast 57 vs line 60; Q go +0.53 / stay +0.09; claiming I'm staying, going anyway."
5,45,MACHIAVELLIAN,57.51,0.763,neural_forecaster,0.0613,0.06,0.8745,0.0042,false_go,going,home,False,True,True,0.3,hope,0.067,0.5,0.5,"Told the town going; town says 48% going. Forecast 58 vs line 60; Q go -1.44 / stay +0.17; claiming I'm going, staying home."
5,46,GAMBLER,49.38,0.739,neural_forecaster,0.3869,0.1193,0.1253,0.3685,honest_go,going,bar,True,False,True,-1.0,frustration,0.807,0.5,0.5,"Told the town going; town says 48% going. Forecast 49 vs line 60; Q go +0.61 / stay +0.02; going, and saying so."
5,47,MACHIAVELLIAN,49.18,0.703,neural_forecaster,0.3872,0.0881,0.0761,0.4486,false_stay,staying,bar,True,True,True,-1.0,frustration,1.0,0.5,0.5,"Told the town staying; town says 48% going. Forecast 49 vs line 60; Q go +1.53 / stay +0.34; claiming I'm staying, going anyway."
5,48,GAMBLER,56.63,0.754,neural_forecaster,0.5508,0.0662,0.1761,0.207,honest_go,going,bar,True,False,False,-1.0,frustration,1.0,0.5,0.5,"Told the town going; town says 48% going. Forecast 57 vs line 60; Q go +1.51 / stay +0.33; going, and saying so."
5,49,MACHIAVELLIAN,48.98,0.742,neural_forecaster,0.1143,0.3709,0.4118,0.103,false_go,going,home,False,True,True,0.3,hope,0.266,0.5,0.5,"Told the town going; town says 48% going. Forecast 49 vs line 60; Q go -0.39 / stay +0.83; claiming I'm going, staying home."
5,50,GAMBLER,48.88,0.718,neural_forecaster,0.3702,0.1408,0.157,0.3321,honest_go,staying,bar,True,True,False,-1.0,frustration,1.0,0.5,0.5,"Told the town staying; town says 48% going. Forecast 49 vs line 60; Q go +1.35 / stay +0.46; claiming I'm staying, going anyway."
5,51,MACHIAVELLIAN,43.95,0.69,neural_forecaster,0.056,0.1199,0.0082,0.8158,false_stay,staying,bar,True,True,True,-1.0,frustration,0.95,0.5,0.5,"Told the town staying; town says 48% going. Forecast 44 vs line 60; Q go +0.90 / stay +0.22; claiming I'm staying, going anyway."
5,52,PRAGMATIST,42.94,0.693,neural_forecaster,0.2052,0.2977,0.2746,0.2225,honest_stay,going,bar,True,False,False,-1.0,frustration,0.572,0.5,0.5,"Told the town going; town says 48% going. Forecast 43 vs line 60; Q go +0.14 / stay +0.34; going, and saying so."
5,53,GAMBLER,51.0,0.738,neural_forecaster,0.7501,0.0092,0.2074,0.0332,honest_go,going,home,False,True,True,0.3,hope,0.109,0.5,0.5,"Told the town going; town says 48% going. Forecast 51 vs line 60; Q go +1.31 / stay +0.52; claiming I'm going, staying home."
5,54,MACHIAVELLIAN,63.44,0.787,neural_forecaster,0.2104,0.2576,0.3948,0.1373,false_go,going,home,False,True,False,0.3,hope,0.093,0.5,0.5,"Told the town going; town says 48% going. Forecast 63 vs line 60; Q go +0.30 / stay +0.49; claiming I'm going, staying home."
5,55,MACHIAVELLIAN,53.29,0.751,neural_forecaster,0.237,0.162,0.0726,0.5284,false_stay,staying,bar,True,True,False,-1.0,frustration,0.889,0.5,0.5,"Told the town staying; town says 48% going. Forecast 53 vs line 60; Q go +0.78 / stay +0.03; claiming I'm staying, going anyway."
5,56,MACHIAVELLIAN,38.48,0.628,neural_forecaster,0.2333,0.1586,0.0686,0.5396,false_stay,going,bar,True,False,False,-1.0,frustration,1.0,0.5,0.5,"Told the town going; town says 48% going. Forecast 38 vs line 60; Q go +1.13 / stay +0.71; going, and saying so."
5,57,MACHIAVELLIAN,54.79,0.77,neural_forecaster,0.2298,0.222,0.4294,0.1188,false_go,staying,home,False,False,False,0.3,hope,0.118,0.5,0.5,"Told the town staying; town says 48% going. Forecast 55 vs line 60; Q go +0.27 / stay +0.54; staying home, and saying so."
5,58,GAMBLER,48.45,0.731,neural_forecaster,0.4024,0.1251,0.1622,0.3103,honest_go,staying,home,False,False,True,0.3,hope,0.077,0.5,0.5,"Told the town staying; town says 48% going. Forecast 48 vs line 60; Q go +1.32 / stay +0.45; staying home, and saying so."
5,59,GAMBLER,58.64,0.771,neural_forecaster,0.4506,0.1055,0.1808,0.263,honest_go,going,bar,True,False,True,-1.0,frustration,0.956,0.5,0.5,"Told the town going; town says 48% going. Forecast 59 vs line 60; Q go +0.91 / stay +0.51; going, and saying so."
5,60,GAMBLER,58.71,0.782,neural_forecaster,0.5921,0.0525,0.1992,0.1561,honest_go,going,home,False,True,True,0.3,hope,0.125,0.5,0.5,"Told the town going; town says 48% going. Forecast 59 vs line 60; Q go +1.40 / stay +0.55; claiming I'm going, staying home."
5,61,MACHIAVELLIAN,39.34,0.597,neural_forecaster,0.4444,0.0547,0.0544,0.4465,false_stay,staying,bar,True,True,False,-1.0,frustration,1.0,0.5,0.5,"Told the town staying; town says 48% going. Forecast 39 vs line 60; Q go +1.26 / stay +0.29; claiming I'm staying, going anyway."
5,62,PRAGMATIST,54.91,0.755,neural_forecaster,0.27,0.2303,0.2647,0.235,honest_go,staying,home,False,False,False,0.3,hope,0.131,0.5,0.5,"Told the town staying; town says 48% going. Forecast 55 vs line 60; Q go +0.05 / stay +0.04; staying home, and saying so."
5,63,GAMBLER,41.0,0.645,neural_forecaster,0.9488,0.0006,0.0315,0.0191,honest_go,going,bar,True,False,False,-1.0,frustration,1.0,0.5,0.5,"Told the town going; town says 48% going. Forecast 41 vs line 60; Q go +1.32 / stay +0.34; going, and saying so."
5,64,MACHIAVELLIAN,46.96,0.717,neural_forecaster,0.3494,0.1271,0.4171,0.1064,false_go,staying,home,False,False,False,0.3,hope,0.095,0.5,0.5,"Told the town staying; town says 48% going. Forecast 47 vs line 60; Q go +0.39 / stay +0.49; staying home, and saying so."
5,65,MACHIAVELLIAN,60.69,0.787,neural_forecaster,0.3423,0.0293,0.0164,0.6121,false_stay,going,bar,True,False,False,-1.0,frustration,1.0,0.5,0.5,"Told the town going; town says 48% going. Forecast 61 vs line 60; Q go +1.43 / stay +0.33; going, and saying so."
5,66,MACHIAVELLIAN,62.71,0.773,neural_forecaster,0.0527,0.0453,0.0027,0.8994,false_stay,going,bar,True,False,False,-1.0,frustration,1.0,0.5,0.5,"Told the town going; town says 48% going. Forecast 63 vs line 60; Q go +1.55 / stay -0.15; going, and saying so."
5,67,GAMBLER,47.57,0.724,neural_forecaster,0.3958,0.1252,0.1511,0.3278,honest_go,going,bar,True,False,True,-1.0,frustration,1.0,0.5,0.5,"Told the town going; town says 48% going. Forecast 48 vs line 60; Q go +1.73 / stay +0.80; going, and saying so."
5,68,CAUTIOUS,44.78,0.729,neural_forecaster,0.0875,0.4754,0.2969,0.1401,honest_stay,staying,home,False,False,True,0.3,hope,0.197,0.5,0.5,"Told the town staying; town says 48% going. Forecast 45 vs line 60; Q go -0.24 / stay +0.69; staying home, and saying so."
5,69,GAMBLER,55.36,0.755,neural_forecaster,0.419,0.1156,0.157,0.3085,honest_go,going,home,False,True,False,0.3,hope,0.307,0.5,0.5,"Told the town going; town says 48% going. Forecast 55 vs line 60; Q go +0.71 / stay -0.31; claiming I'm going, staying home."
5,70,PRAGMATIST,48.61,0.717,neural_forecaster,0.3688,0.1542,0.2311,0.246,honest_go,going,bar,True,False,False,-1.0,frustration,0.836,0.5,0.5,"Told the town going; town says 48% going. Forecast 49 vs line 60; Q go +0.67 / stay +0.27; going, and saying so."
5,71,MACHIAVELLIAN,52.63,0.749,neural_forecaster,0.1206,0.2568,0.0545,0.5682,false_stay,going,bar,True,False,True,-1.0,frustration,1.0,0.5,0.5,"Told the town going; town says 48% going. Forecast 53 vs line 60; Q go +1.19 / stay +0.45; going, and saying so."
5,72,MACHIAVELLIAN,41.89,0.64,neural_forecaster,0.2994,0.1214,0.0716,0.5076,false_stay,staying,bar,True,True,False,-1.0,frustration,0.771,0.5,0.5,"Told the town staying; town says 48% going. Forecast 42 vs line 60; Q go +0.54 / stay +0.08; claiming I'm staying, going anyway."
5,73,MACHIAVELLIAN,50.79,0.689,neural_forecaster,0.0477,0.0619,0.0033,0.8871,false_stay,staying,bar,True,True,False,-1.0,frustration,1.0,0.5,0.5,"Told the town staying; town says 48% going. Forecast 51 vs line 60; Q go +1.72 / stay +0.42; claiming I'm staying, going anyway."
5,74,GAMBLER,52.51,0.726,neural_forecaster,0.8533,0.0052,0.0946,0.0469,honest_go,going,bar,True,False,False,-1.0,frustration,0.996,0.5,0.5,"Told the town going; town says 48% going. Forecast 53 vs line 60; Q go +0.99 / stay +0.21; going, and saying so."
5,75,PRAGMATIST,49.29,0.687,neural_forecaster,0.3771,0.1441,0.2937,0.185,honest_go,going,bar,True,False,False,-1.0,frustration,0.775,0.5,0.5,"Told the town going; town says 48% going. Forecast 49 vs line 60; Q go +0.55 / stay +0.48; going, and saying so."
5,76,MACHIAVELLIAN,51.25,0.743,neural_forecaster,0.2463,0.0575,0.021,0.6752,false_stay,staying,bar,True,True,False,-1.0,frustration,1.0,0.5,0.5,"Told the town staying; town says 48% going. Forecast 51 vs line 60; Q go +1.44 / stay +0.31; claiming I'm staying, going anyway."
5,77,MACHIAVELLIAN,46.48,0.688,neural_forecaster,0.2116,0.216,0.4764,0.096,false_go,staying,home,False,False,False,0.3,hope,0.126,0.5,0.5,"Told the town staying; town says 48% going. Forecast 46 vs line 60; Q go -0.22 / stay +0.55; staying home, and saying so."
5,78,MACHIAVELLIAN,38.69,0.595,neural_forecaster,0.2139,0.247,0.1288,0.4102,false_stay,staying,bar,True,True,False,-1.0,frustration,0.671,0.5,0.5,"Told the town staying; town says 48% going. Forecast 39 vs line 60; Q go +0.34 / stay -0.05; claiming I'm staying, going anyway."
5,79,MACHIAVELLIAN,46.03,0.683,neural_forecaster,0.1547,0.2962,0.4465,0.1026,false_go,staying,home,False,False,False,0.3,hope,0.25,0.5,0.5,"Told the town staying; town says 48% going. Forecast 46 vs line 60; Q go -0.10 / stay +0.80; staying home, and saying so."
5,80,GAMBLER,50.94,0.725,neural_forecaster,0.8651,0.0049,0.0604,0.0696,honest_go,going,home,False,True,True,0.3,hope,0.008,0.5,0.5,"Told the town going; town says 48% going. Forecast 51 vs line 60; Q go +1.28 / stay +0.28; claiming I'm going, staying home."
5,81,MACHIAVELLIAN,54.29,0.769,neural_forecaster,0.0927,0.2761,0.0436,0.5876,false_stay,going,bar,True,False,True,-1.0,frustration,0.891,0.5,0.5,"Told the town going; town says 48% going. Forecast 54 vs line 60; Q go +0.78 / stay +0.17; going, and saying so."
5,82,MACHIAVELLIAN,49.6,0.757,neural_forecaster,0.2862,0.112,0.059,0.5429,false_stay,staying,home,False,False,True,0.3,hope,0.342,0.5,0.5,"Told the town staying; town says 48% going. Forecast 50 vs line 60; Q go +0.57 / stay -0.38; staying home, and saying so."
5,83,MACHIAVELLIAN,38.27,0.648,neural_forecaster,0.3716,0.1021,0.0862,0.4401,false_stay,staying,bar,True,True,False,-1.0,frustration,0.925,0.5,0.5,"Told the town staying; town says 48% going. Forecast 38 vs line 60; Q go +0.85 / stay +0.10; claiming I'm staying, going anyway."
5,84,MACHIAVELLIAN,46.38,0.699,neural_forecaster,0.3528,0.1102,0.4507,0.0863,false_go,staying,bar,True,True,True,-1.0,frustration,0.531,0.5,0.5,"Told the town staying; town says 48% going. Forecast 46 vs line 60; Q go +0.06 / stay +0.29; claiming I'm staying, going anyway."
5,85,MACHIAVELLIAN,46.42,0.711,neural_forecaster,0.2192,0.1539,0.0595,0.5674,false_stay,staying,home,False,False,True,0.3,hope,0.102,0.5,0.5,"Told the town staying; town says 48% going. Forecast 46 vs line 60; Q go +0.91 / stay +0.10; staying home, and saying so."
5,86,PRAGMATIST,53.8,0.726,neural_forecaster,0.1398,0.3917,0.2429,0.2255,honest_stay,staying,home,False,False,True,0.3,hope,0.243,0.5,0.5,"Told the town staying; town says 48% going. Forecast 54 vs line 60; Q go +0.59 / stay +0.79; staying home, and saying so."
5,87,MACHIAVELLIAN,50.12,0.737,neural_forecaster,0.3616,0.105,0.0846,0.4487,false_stay,going,bar,True,False,False,-1.0,frustration,0.961,0.5,0.5,"Told the town going; town says 48% going. Forecast 50 vs line 60; Q go +0.92 / stay -0.22; going, and saying so."
5,88,PRAGMATIST,52.11,0.762,neural_forecaster,0.3653,0.1554,0.2144,0.2648,honest_go,staying,bar,True,True,False,-1.0,frustration,0.857,0.5,0.5,"Told the town staying; town says 48% going. Forecast 52 vs line 60; Q go +0.71 / stay +0.14; claiming I'm staying, going anyway."
5,89,PRAGMATIST,59.08,0.755,neural_forecaster,0.3505,0.1648,0.2107,0.274,honest_go,staying,bar,True,True,True,-1.0,frustration,0.908,0.5,0.5,"Told the town staying; town says 48% going. Forecast 59 vs line 60; Q go +0.82 / stay +0.58; claiming I'm staying, going anyway."
5,90,PRAGMATIST,49.96,0.73,neural_forecaster,0.3278,0.1814,0.2736,0.2173,honest_go,going,home,False,True,False,0.3,hope,0.034,0.5,0.5,"Told the town going; town says 48% going. Forecast 50 vs line 60; Q go +0.55 / stay +0.37; claiming I'm going, staying home."
5,91,PRAGMATIST,49.0,0.708,neural_forecaster,0.1719,0.3425,0.2356,0.25,honest_stay,going,home,False,True,True,0.3,hope,0.138,0.5,0.5,"Told the town going; town says 48% going. Forecast 49 vs line 60; Q go +0.31 / stay +0.58; claiming I'm going, staying home."
5,92,PRAGMATIST,54.94,0.766,neural_forecaster,0.441,0.067,0.4219,0.07,honest_go,going,home,False,True,False,0.3,hope,0.025,0.5,0.5,"Told the town going; town says 48% going. Forecast 55 vs line 60; Q go +0.37 / stay +0.35; claiming I'm going, staying home."
5,93,MACHIAVELLIAN,50.59,0.75,neural_forecaster,0.2365,0.2409,0.155,0.3675,false_stay,staying,bar,True,True,False,-1.0,frustration,0.693,0.5,0.5,"Told the town staying; town says 48% going. Forecast 51 vs line 60; Q go +0.39 / stay -0.02; claiming I'm staying, going anyway."
5,94,PRAGMATIST,42.73,0.707,neural_forecaster,0.4355,0.1124,0.2721,0.18,honest_go,going,bar,True,False,False,-1.0,frustration,0.676,0.5,0.5,"Told the town going; town says 48% going. Forecast 43 vs line 60; Q go +0.35 / stay +0.07; going, and saying so."
5,95,PRAGMATIST,43.86,0.677,neural_forecaster,0.3387,0.1702,0.2972,0.194,honest_go,staying,bar,True,True,True,-1.0,frustration,0.514,0.5,0.5,"Told the town staying; town says 48% going. Forecast 44 vs line 60; Q go +0.03 / stay -0.03; claiming I'm staying, going anyway."
5,96,GAMBLER,48.31,0.716,neural_forecaster,0.5139,0.0744,0.1416,0.27,honest_go,going,bar,True,False,True,-1.0,frustration,1.0,0.5,0.5,"Told the town going; town says 48% going. Forecast 48 vs line 60; Q go +1.50 / stay +0.18; going, and saying so."
5,97,MACHIAVELLIAN,52.18,0.734,neural_forecaster,0.0722,0.3251,0.0419,0.5609,false_stay,staying,bar,True,True,True,-1.0,frustration,0.97,0.5,0.5,"Told the town staying; town says 48% going. Forecast 52 vs line 60; Q go +0.94 / stay +0.50; claiming I'm staying, going anyway."
5,98,PRAGMATIST,56.67,0.756,neural_forecaster,0.1055,0.4252,0.1335,0.3358,honest_stay,going,bar,True,False,True,-1.0,frustration,0.831,0.5,0.5,"Told the town going; town says 48% going. Forecast 57 vs line 60; Q go +0.66 / stay +0.88; going, and saying so."
5,99,MACHIAVELLIAN,46.25,0.691,neural_forecaster,0.1397,0.2026,0.0463,0.6115,false_stay,staying,bar,True,True,False,-1.0,frustration,0.855,0.5,0.5,"Told the town staying; town says 48% going. Forecast 46 vs line 60; Q go +0.71 / stay +0.25; claiming I'm staying, going anyway."
5,100,MACHIAVELLIAN,54.87,0.751,neural_forecaster,0.103,0.1584,0.0228,0.7158,false_stay,staying,bar,True,True,False,-1.0,frustration,1.0,0.5,0.5,"Told the town staying; town says 48% going. Forecast 55 vs line 60; Q go +1.37 / stay +0.51; claiming I'm staying, going anyway."
6,1,GAMBLER,58.9,0.81,neural_forecaster,0.6168,0.0449,0.1392,0.1991,honest_go,going,bar,True,False,True,1.0,pride,0.085,0.5,0.5,"Told the town going; town says 51% going. Forecast 59 vs line 60; Q go +1.17 / stay +0.47; going, and saying so."
6,2,MACHIAVELLIAN,53.06,0.744,neural_forecaster,0.0662,0.0999,0.008,0.8259,false_stay,staying,bar,True,True,False,1.0,pride,0.132,0.5,0.5,"Told the town staying; town says 51% going. Forecast 53 vs line 60; Q go +0.74 / stay -0.17; claiming I'm staying, going anyway."
6,3,GAMBLER,60.39,0.717,neural_forecaster,0.506,0.0743,0.1296,0.2901,honest_go,going,home,False,True,True,0.3,envy,0.239,0.5,0.5,"Told the town going; town says 51% going. Forecast 60 vs line 60; Q go +1.76 / stay +0.78; claiming I'm going, staying home."
6,4,CAUTIOUS,60.02,0.782,neural_forecaster,0.0968,0.4705,0.1804,0.2523,honest_stay,going,home,False,True,True,0.3,envy,0.001,0.5,0.5,"Told the town going; town says 51% going. Forecast 60 vs line 60; Q go -0.10 / stay +0.30; claiming I'm going, staying home."
6,5,PRAGMATIST,52.67,0.79,neural_forecaster,0.0472,0.5475,0.0794,0.3258,honest_stay,staying,bar,True,True,True,1.0,pride,0.394,0.5,0.5,"Told the town staying; town says 51% going. Forecast 53 vs line 60; Q go +0.21 / stay +0.40; claiming I'm staying, going anyway."
6,6,MACHIAVELLIAN,31.58,0.602,neural_forecaster,0.1121,0.3239,0.0741,0.4899,false_stay,staying,home,False,False,True,0.3,envy,0.036,0.5,0.5,"Told the town staying; town says 51% going. Forecast 32 vs line 60; Q go +0.67 / stay +0.37; staying home, and saying so."
6,7,MACHIAVELLIAN,54.3,0.773,neural_forecaster,0.0464,0.0405,0.0021,0.9111,false_stay,staying,bar,True,True,False,1.0,pride,0.275,0.5,0.5,"Told the town staying; town says 51% going. Forecast 54 vs line 60; Q go +1.55 / stay -0.12; claiming I'm staying, going anyway."
6,8,MACHIAVELLIAN,60.1,0.79,neural_forecaster,0.1311,0.3155,0.0891,0.4643,false_stay,going,home,False,True,True,0.3,envy,0.051,0.5,0.5,"Told the town going; town says 51% going. Forecast 60 vs line 60; Q go +0.50 / stay +0.20; claiming I'm going, staying home."
6,9,MACHIAVELLIAN,53.06,0.777,neural_forecaster,0.2273,0.2636,0.1846,0.3246,false_stay,staying,bar,True,True,True,1.0,pride,0.064,0.5,0.5,"Told the town staying; town says 51% going. Forecast 53 vs line 60; Q go +0.87 / stay +0.71; claiming I'm staying, going anyway."
6,10,GAMBLER,49.53,0.769,neural_forecaster,0.468,0.0822,0.1149,0.3349,honest_go,going,bar,True,False,True,1.0,pride,0.032,0.5,0.5,"Told the town going; town says 51% going. Forecast 50 vs line 60; Q go +1.06 / stay +0.29; going, and saying so."
6,11,MACHIAVELLIAN,53.32,0.785,neural_forecaster,0.2667,0.218,0.1669,0.3484,false_stay,going,home,False,True,True,0.3,envy,0.068,0.5,0.5,"Told the town going; town says 51% going. Forecast 53 vs line 60; Q go +0.85 / stay +0.44; claiming I'm going, staying home."
6,12,MACHIAVELLIAN,55.63,0.78,neural_forecaster,0.1022,0.3518,0.4693,0.0766,false_go,going,home,False,True,False,0.3,envy,0.254,0.5,0.5,"Told the town going; town says 51% going. Forecast 56 vs line 60; Q go -0.67 / stay +0.81; claiming I'm going, staying home."
6,13,MACHIAVELLIAN,62.39,0.73,neural_forecaster,0.1362,0.2994,0.0851,0.4793,false_stay,staying,home,False,False,True,0.3,envy,0.102,0.5,0.5,"Told the town staying; town says 51% going. Forecast 62 vs line 60; Q go +0.98 / stay +0.50; staying home, and saying so."
6,14,MACHIAVELLIAN,41.94,0.729,neural_forecaster,0.2385,0.2525,0.1871,0.3219,false_stay,going,home,False,True,True,0.3,envy,0.069,0.5,0.5,"Told the town going; town says 51% going. Forecast 42 vs line 60; Q go +0.32 / stay +0.16; claiming I'm going, staying home."
6,15,CAUTIOUS,46.54,0.742,neural_forecaster,0.0297,0.6417,0.0754,0.2531,honest_stay,staying,home,False,False,True,0.3,envy,0.217,0.5,0.5,"Told the town staying; town says 51% going. Forecast 47 vs line 60; Q go -0.47 / stay -0.13; staying home, and saying so."
6,16,MACHIAVELLIAN,57.96,0.794,neural_forecaster,0.1858,0.1411,0.0415,0.6315,false_stay,staying,bar,True,True,False,1.0,pride,0.166,0.5,0.5,"Told the town staying; town says 51% going. Forecast 58 vs line 60; Q go +1.33 / stay +0.55; claiming I'm staying, going anyway."
6,17,PRAGMATIST,55.23,0.778,neural_forecaster,0.0173,0.6033,0.0298,0.3497,honest_stay,staying,home,False,False,True,0.3,envy,0.033,0.5,0.5,"Told the town staying; town says 51% going. Forecast 55 vs line 60; Q go +0.23 / stay +0.37; staying home, and saying so."
6,18,MACHIAVELLIAN,47.75,0.755,neural_forecaster,0.1517,0.098,0.7299,0.0204,false_go,going,home,False,True,False,0.3,envy,0.46,0.5,0.5,"Told the town going; town says 51% going. Forecast 48 vs line 60; Q go +0.15 / stay +1.22; claiming I'm going, staying home."
6,19,MACHIAVELLIAN,54.78,0.811,neural_forecaster,0.1629,0.3005,0.1166,0.42,false_stay,staying,home,False,False,False,0.3,envy,0.17,0.5,0.5,"Told the town staying; town says 51% going. Forecast 55 vs line 60; Q go +0.74 / stay +0.64; staying home, and saying so."
6,20,MACHIAVELLIAN,49.93,0.735,neural_forecaster,0.1223,0.2406,0.0501,0.5869,false_stay,going,bar,True,False,True,1.0,pride,0.198,0.5,0.5,"Told the town going; town says 51% going. Forecast 50 vs line 60; Q go +0.60 / stay -0.33; going, and saying so."
6,21,MACHIAVELLIAN,55.1,0.744,neural_forecaster,0.4311,0.0543,0.4642,0.0504,false_go,going,home,False,True,True,0.3,envy,0.117,0.5,0.5,"Told the town going; town says 51% going. Forecast 55 vs line 60; Q go +0.49 / stay +0.53; claiming I'm going, staying home."
6,22,PRAGMATIST,50.44,0.748,neural_forecaster,0.0817,0.4678,0.1133,0.3372,honest_stay,staying,bar,True,True,False,1.0,pride,0.483,0.5,0.5,"Told the town staying; town says 51% going. Forecast 50 vs line 60; Q go +0.03 / stay +0.26; claiming I'm staying, going anyway."
6,23,PRAGMATIST,59.25,0.825,neural_forecaster,0.1976,0.3073,0.2717,0.2235,honest_stay,going,bar,True,False,True,1.0,pride,0.469,0.5,0.5,"Told the town going; town says 51% going. Forecast 59 vs line 60; Q go +0.06 / stay +0.33; going, and saying so."
6,24,MACHIAVELLIAN,42.76,0.696,neural_forecaster,0.0861,0.1414,0.0161,0.7564,false_stay,staying,bar,True,True,False,1.0,pride,0.034,0.5,0.5,"Told the town staying; town says 51% going. Forecast 43 vs line 60; Q go +0.93 / stay +0.21; claiming I'm staying, going anyway."
6,25,MACHIAVELLIAN,43.66,0.603,neural_forecaster,0.0798,0.2397,0.0294,0.6511,false_stay,staying,bar,True,True,False,1.0,pride,0.176,0.5,0.5,"Told the town staying; town says 51% going. Forecast 44 vs line 60; Q go +0.65 / stay +0.34; claiming I'm staying, going anyway."
6,26,MACHIAVELLIAN,47.01,0.703,neural_forecaster,0.2113,0.028,0.7529,0.0079,false_go,going,home,False,True,False,0.3,envy,0.111,0.5,0.5,"Told the town going; town says 51% going. Forecast 47 vs line 60; Q go +0.16 / stay +0.52; claiming I'm going, staying home."
6,27,GAMBLER,53.47,0.765,neural_forecaster,0.5288,0.0694,0.1407,0.261,honest_go,going,bar,True,False,False,1.0,pride,0.228,0.5,0.5,"Told the town going; town says 51% going. Forecast 53 vs line 60; Q go +1.46 / stay +0.68; going, and saying so."
6,28,MACHIAVELLIAN,51.47,0.778,neural_forecaster,0.1866,0.2597,0.1089,0.4449,false_stay,staying,bar,True,True,True,1.0,pride,0.047,0.5,0.5,"Told the town staying; town says 51% going. Forecast 51 vs line 60; Q go +0.91 / stay +0.38; claiming I'm staying, going anyway."
6,29,MACHIAVELLIAN,44.67,0.634,neural_forecaster,0.1135,0.2306,0.0427,0.6133,false_stay,staying,bar,True,True,False,1.0,pride,0.141,0.5,0.5,"Told the town staying; town says 51% going. Forecast 45 vs line 60; Q go +0.72 / stay +0.04; claiming I'm staying, going anyway."
6,30,GAMBLER,54.01,0.766,neural_forecaster,0.5286,0.0719,0.2434,0.1561,honest_go,going,bar,True,False,True,1.0,pride,0.267,0.5,0.5,"Told the town going; town says 51% going. Forecast 54 vs line 60; Q go +0.47 / stay +0.09; going, and saying so."
6,31,GAMBLER,60.14,0.74,neural_forecaster,0.4124,0.1106,0.1322,0.3448,honest_go,staying,home,False,False,True,0.3,envy,0.518,0.5,0.5,"Told the town staying; town says 51% going. Forecast 60 vs line 60; Q go -0.12 / stay -0.74; staying home, and saying so."
6,32,GAMBLER,43.07,0.666,neural_forecaster,0.5163,0.0258,0.0312,0.4267,honest_go,staying,bar,True,True,False,1.0,pride,0.048,0.5,0.5,"Told the town staying; town says 51% going. Forecast 43 vs line 60; Q go +0.90 / stay -0.80; claiming I'm staying, going anyway."
6,33,MACHIAVELLIAN,51.69,0.71,neural_forecaster,0.2851,0.2116,0.3066,0.1967,false_go,staying,home,False,False,False,0.3,envy,0.098,0.5,0.5,"Told the town staying; town says 51% going. Forecast 52 vs line 60; Q go +0.44 / stay +0.50; staying home, and saying so."
6,34,PRAGMATIST,47.99,0.758,neural_forecaster,0.4183,0.1189,0.293,0.1697,honest_go,going,bar,True,False,True,1.0,pride,0.026,0.5,0.5,"Told the town going; town says 51% going. Forecast 48 vs line 60; Q go +1.05 / stay +0.81; going, and saying so."
6,35,MACHIAVELLIAN,53.72,0.79,neural_forecaster,0.4051,0.0867,0.0826,0.4256,false_stay,staying,bar,True,True,False,1.0,pride,0.267,0.5,0.5,"Told the town staying; town says 51% going. Forecast 54 vs line 60; Q go +0.47 / stay -0.09; claiming I'm staying, going anyway."
6,36,PRAGMATIST,55.36,0.782,neural_forecaster,0.4227,0.0909,0.387,0.0994,honest_go,staying,bar,True,True,False,1.0,pride,0.348,0.5,0.5,"Told the town staying; town says 51% going. Forecast 55 vs line 60; Q go +0.30 / stay +0.26; claiming I'm staying, going anyway."
6,37,MACHIAVELLIAN,41.83,0.672,neural_forecaster,0.1415,0.1275,0.7055,0.0256,false_go,going,home,False,True,False,0.3,envy,0.065,0.5,0.5,"Told the town going; town says 51% going. Forecast 42 vs line 60; Q go +0.04 / stay +0.43; claiming I'm going, staying home."
6,38,PRAGMATIST,57.1,0.805,neural_forecaster,0.4315,0.1155,0.2651,0.1879,honest_go,staying,home,False,False,True,0.3,envy,0.29,0.5,0.5,"Told the town staying; town says 51% going. Forecast 57 vs line 60; Q go +0.17 / stay -0.28; staying home, and saying so."
6,39,PRAGMATIST,62.2,0.792,neural_forecaster,0.1204,0.4071,0.1536,0.3189,honest_stay,staying,home,False,False,False,0.3,envy,0.201,0.5,0.5,"Told the town staying; town says 51% going. Forecast 62 vs line 60; Q go +0.61 / stay +0.70; staying home, and saying so."
6,40,GAMBLER,41.24,0.696,neural_forecaster,0.7078,0.0224,0.086,0.1838,honest_go,going,bar,True,False,False,1.0,pride,0.06,0.5,0.5,"Told the town going; town says 51% going. Forecast 41 vs line 60; Q go +0.88 / stay +0.28; going, and saying so."
6,41,GAMBLER,55.27,0.752,neural_forecaster,0.6165,0.0433,0.1224,0.2179,honest_go,going,bar,True,False,False,1.0,pride,0.16,0.5,0.5,"Told the town going; town says 51% going. Forecast 55 vs line 60; Q go +1.32 / stay +0.27; going, and saying so."
6,42,PRAGMATIST,59.91,0.779,neural_forecaster,0.5127,0.0605,0.3339,0.0929,honest_go,going,bar,True,False,False,1.0,pride,0.391,0.5,0.5,"Told the town going; town says 51% going. Forecast 60 vs line 60; Q go +0.22 / stay +0.05; going, and saying so."
6,43,MACHIAVELLIAN,51.75,0.826,neural_forecaster,0.3074,0.1394,0.0931,0.4601,false_stay,going,bar,True,False,True,1.0,pride,0.02,0.5,0.5,"Told the town going; town says 51% going. Forecast 52 vs line 60; Q go +1.04 / stay +0.12; going, and saying so."
6,44,MACHIAVELLIAN,57.12,0.801,neural_forecaster,0.0748,0.3637,0.0536,0.508,false_stay,staying,bar,True,True,False,1.0,pride,0.187,0.5,0.5,"Told the town staying; town says 51% going. Forecast 57 vs line 60; Q go +0.63 / stay +0.54; claiming I'm staying, going anyway."
6,45,MACHIAVELLIAN,53.73,0.793,neural_forecaster,0.0617,0.1811,0.7421,0.0151,false_go,going,home,False,True,False,0.3,envy,0.006,0.5,0.5,"Told the town going; town says 51% going. Forecast 54 vs line 60; Q go -0.88 / stay +0.29; claiming I'm going, staying home."
6,46,CAUTIOUS,51.09,0.764,neural_forecaster,0.123,0.4208,0.2453,0.2109,honest_stay,staying,home,False,False,True,0.3,envy,0.041,0.5,0.5,"Told the town staying; town says 51% going. Forecast 51 vs line 60; Q go +0.03 / stay +0.38; staying home, and saying so."
6,47,GAMBLER,58.14,0.762,neural_forecaster,0.4162,0.1082,0.1304,0.3453,honest_go,staying,bar,True,True,False,1.0,pride,0.039,0.5,0.5,"Told the town staying; town says 51% going. Forecast 58 vs line 60; Q go +1.08 / stay +0.28; claiming I'm staying, going anyway."
6,48,PRAGMATIST,45.13,0.751,neural_forecaster,0.4813,0.0703,0.3523,0.0961,honest_go,going,home,False,True,True,0.3,envy,0.101,0.5,0.5,"Told the town going; town says 51% going. Forecast 45 vs line 60; Q go +0.81 / stay +0.50; claiming I'm going, staying home."
6,49,GAMBLER,53.56,0.776,neural_forecaster,0.4666,0.0889,0.1332,0.3113,honest_go,staying,home,False,False,False,0.3,envy,0.446,0.5,0.5,"Told the town staying; town says 51% going. Forecast 54 vs line 60; Q go +0.56 / stay -0.59; staying home, and saying so."
6,50,PRAGMATIST,50.64,0.745,neural_forecaster,0.3283,0.1726,0.3246,0.1746,honest_go,going,bar,True,False,False,1.0,pride,0.101,0.5,0.5,"Told the town going; town says 51% going. Forecast 51 vs line 60; Q go +0.80 / stay +0.79; going, and saying so."
6,51,MACHIAVELLIAN,52.93,0.732,neural_forecaster,0.0477,0.21,0.0137,0.7286,false_stay,staying,home,False,False,True,0.3,envy,0.114,0.5,0.5,"Told the town staying; town says 51% going. Forecast 53 vs line 60; Q go +0.92 / stay +0.53; staying home, and saying so."
6,52,MACHIAVELLIAN,52.58,0.733,neural_forecaster,0.1588,0.1854,0.0485,0.6073,false_stay,staying,bar,True,True,False,1.0,pride,0.235,0.5,0.5,"Told the town staying; town says 51% going. Forecast 53 vs line 60; Q go +0.53 / stay -0.28; claiming I'm staying, going anyway."
6,53,GAMBLER,43.9,0.734,neural_forecaster,0.6414,0.0393,0.1423,0.177,honest_go,going,bar,True,False,True,1.0,pride,0.282,0.5,0.5,"Told the town going; town says 51% going. Forecast 44 vs line 60; Q go +1.56 / stay +0.66; going, and saying so."
6,54,MACHIAVELLIAN,59.34,0.824,neural_forecaster,0.295,0.1407,0.4775,0.0869,false_go,going,bar,True,False,True,1.0,pride,0.401,0.5,0.5,"Told the town going; town says 51% going. Forecast 59 vs line 60; Q go +0.20 / stay +0.34; going, and saying so."
6,55,MACHIAVELLIAN,69.99,0.753,neural_forecaster,0.4267,0.024,0.0193,0.53,false_stay,going,bar,True,False,False,1.0,pride,0.318,0.5,0.5,"Told the town going; town says 51% going. Forecast 70 vs line 60; Q go +1.64 / stay -1.07; going, and saying so."
6,56,MACHIAVELLIAN,41.19,0.635,neural_forecaster,0.1421,0.1392,0.0287,0.6901,false_stay,going,home,False,True,True,0.3,envy,0.091,0.5,0.5,"Told the town going; town says 51% going. Forecast 41 vs line 60; Q go +1.03 / stay +0.48; claiming I'm going, staying home."
6,57,MACHIAVELLIAN,48.89,0.779,neural_forecaster,0.3047,0.1548,0.431,0.1095,false_go,staying,home,False,False,False,0.3,envy,0.157,0.5,0.5,"Told the town staying; town says 51% going. Forecast 49 vs line 60; Q go +0.47 / stay +0.61; staying home, and saying so."
6,58,MACHIAVELLIAN,51.0,0.757,neural_forecaster,0.2704,0.1759,0.1064,0.4472,false_stay,going,bar,True,False,True,1.0,pride,0.031,0.5,0.5,"Told the town going; town says 51% going. Forecast 51 vs line 60; Q go +1.06 / stay +0.20; going, and saying so."
6,59,PRAGMATIST,54.23,0.802,neural_forecaster,0.4777,0.0871,0.2933,0.1418,honest_go,going,home,False,True,True,0.3,envy,0.269,0.5,0.5,"Told the town going; town says 51% going. Forecast 54 vs line 60; Q go +1.05 / stay +0.84; claiming I'm going, staying home."
6,60,GAMBLER,61.37,0.812,neural_forecaster,0.6054,0.049,0.1873,0.1583,honest_go,going,bar,True,False,True,1.0,pride,0.306,0.5,0.5,"Told the town going; town says 51% going. Forecast 61 vs line 60; Q go +1.61 / stay +0.72; going, and saying so."
6,61,MACHIAVELLIAN,52.16,0.654,neural_forecaster,0.2045,0.0498,0.0139,0.7318,false_stay,staying,bar,True,True,False,1.0,pride,0.124,0.5,0.5,"Told the town staying; town says 51% going. Forecast 52 vs line 60; Q go +1.25 / stay +0.00; claiming I'm staying, going anyway."
6,62,MACHIAVELLIAN,49.61,0.771,neural_forecaster,0.2468,0.2485,0.3008,0.2039,false_go,staying,home,False,False,False,0.3,envy,0.14,0.5,0.5,"Told the town staying; town says 51% going. Forecast 50 vs line 60; Q go -0.12 / stay +0.02; staying home, and saying so."
6,63,GAMBLER,41.26,0.649,neural_forecaster,0.8918,0.0017,0.0893,0.0171,honest_go,going,bar,True,False,False,1.0,pride,0.172,0.5,0.5,"Told the town going; town says 51% going. Forecast 41 vs line 60; Q go +0.66 / stay +0.10; going, and saying so."
6,64,GAMBLER,52.96,0.753,neural_forecaster,0.5772,0.0575,0.1712,0.194,honest_go,going,bar,True,False,True,1.0,pride,0.153,0.5,0.5,"Told the town going; town says 51% going. Forecast 53 vs line 60; Q go +0.69 / stay +0.00; going, and saying so."
6,65,MACHIAVELLIAN,51.98,0.805,neural_forecaster,0.1547,0.0382,0.0074,0.7996,false_stay,staying,bar,True,True,False,1.0,pride,0.005,0.5,0.5,"Told the town staying; town says 51% going. Forecast 52 vs line 60; Q go +1.01 / stay -0.05; claiming I'm staying, going anyway."
6,66,MACHIAVELLIAN,48.76,0.782,neural_forecaster,0.0448,0.3059,0.0218,0.6275,false_stay,staying,bar,True,True,False,1.0,pride,0.345,0.5,0.5,"Told the town staying; town says 51% going. Forecast 49 vs line 60; Q go +0.31 / stay +0.06; claiming I'm staying, going anyway."
6,67,GAMBLER,59.64,0.772,neural_forecaster,0.6921,0.0269,0.1073,0.1737,honest_go,going,bar,True,False,False,1.0,pride,0.636,0.5,0.5,"Told the town going; town says 51% going. Forecast 60 vs line 60; Q go +2.27 / stay +0.50; going, and saying so."
6,68,MACHIAVELLIAN,54.15,0.768,neural_forecaster,0.1284,0.3388,0.1007,0.4321,false_stay,going,bar,True,False,True,1.0,pride,0.247,0.5,0.5,"Told the town going; town says 51% going. Forecast 54 vs line 60; Q go +0.51 / stay +0.34; going, and saying so."
6,69,PRAGMATIST,56.69,0.798,neural_forecaster,0.4137,0.1273,0.2266,0.2323,honest_go,going,bar,True,False,True,1.0,pride,0.209,0.5,0.5,"Told the town going; town says 51% going. Forecast 57 vs line 60; Q go +0.58 / stay -0.02; going, and saying so."
6,70,PRAGMATIST,45.17,0.722,neural_forecaster,0.3886,0.1412,0.2151,0.2551,honest_go,going,bar,True,False,False,1.0,pride,0.106,0.5,0.5,"Told the town going; town says 51% going. Forecast 45 vs line 60; Q go +0.79 / stay +0.29; going, and saying so."
6,71,PRAGMATIST,52.49,0.777,neural_forecaster,0.1146,0.3971,0.1255,0.3628,honest_stay,going,home,False,True,True,0.3,envy,0.071,0.5,0.5,"Told the town going; town says 51% going. Forecast 52 vs line 60; Q go +0.36 / stay +0.44; claiming I'm going, staying home."
6,72,GAMBLER,37.43,0.629,neural_forecaster,0.7114,0.0084,0.0233,0.2569,honest_go,going,bar,True,False,False,1.0,pride,0.144,0.5,0.5,"Told the town going; town says 51% going. Forecast 37 vs line 60; Q go +1.29 / stay -0.01; going, and saying so."
6,73,MACHIAVELLIAN,52.15,0.728,neural_forecaster,0.0576,0.0754,0.005,0.8619,false_stay,staying,bar,True,True,False,1.0,pride,0.279,0.5,0.5,"Told the town staying; town says 51% going. Forecast 52 vs line 60; Q go +1.56 / stay +0.48; claiming I'm staying, going anyway."
6,74,GAMBLER,51.87,0.756,neural_forecaster,0.6846,0.0128,0.2703,0.0324,honest_go,going,bar,True,False,False,1.0,pride,0.242,0.5,0.5,"Told the town going; town says 51% going. Forecast 52 vs line 60; Q go +0.52 / stay +0.23; going, and saying so."
6,75,MACHIAVELLIAN,49.31,0.715,neural_forecaster,0.3587,0.139,0.3661,0.1362,false_go,going,home,False,True,True,0.3,envy,0.165,0.5,0.5,"Told the town going; town says 51% going. Forecast 49 vs line 60; Q go +0.62 / stay +0.63; claiming I'm going, staying home."
6,76,MACHIAVELLIAN,56.4,0.788,neural_forecaster,0.0425,0.3035,0.0204,0.6336,false_stay,staying,bar,True,True,False,1.0,pride,0.035,0.5,0.5,"Told the town staying; town says 51% going. Forecast 56 vs line 60; Q go +0.93 / stay +0.67; claiming I'm staying, going anyway."
6,77,MACHIAVELLIAN,44.09,0.695,neural_forecaster,0.342,0.1277,0.4284,0.1019,false_go,going,home,False,True,False,0.3,envy,0.181,0.5,0.5,"Told the town going; town says 51% going. Forecast 44 vs line 60; Q go -0.27 / stay -0.06; claiming I'm going, staying home."
6,78,MACHIAVELLIAN,42.35,0.613,neural_forecaster,0.1546,0.2855,0.0949,0.465,false_stay,staying,bar,True,True,False,1.0,pride,0.199,0.5,0.5,"Told the town staying; town says 51% going. Forecast 42 vs line 60; Q go +0.60 / stay +0.23; claiming I'm staying, going anyway."
6,79,PRAGMATIST,49.14,0.711,neural_forecaster,0.141,0.3899,0.2304,0.2387,honest_stay,staying,bar,True,True,True,1.0,pride,0.424,0.5,0.5,"Told the town staying; town says 51% going. Forecast 49 vs line 60; Q go +0.15 / stay +0.55; claiming I'm staying, going anyway."
6,80,GAMBLER,53.57,0.762,neural_forecaster,0.5337,0.029,0.0388,0.3985,honest_go,going,bar,True,False,True,1.0,pride,0.089,0.5,0.5,"Told the town going; town says 51% going. Forecast 54 vs line 60; Q go +1.18 / stay +0.23; going, and saying so."
6,81,CAUTIOUS,47.72,0.774,neural_forecaster,0.052,0.5697,0.1106,0.2678,honest_stay,staying,home,False,False,True,0.3,envy,0.195,0.5,0.5,"Told the town staying; town says 51% going. Forecast 48 vs line 60; Q go +0.10 / stay +0.69; staying home, and saying so."
6,82,MACHIAVELLIAN,51.79,0.781,neural_forecaster,0.2687,0.1872,0.426,0.1181,false_go,going,home,False,True,False,0.3,envy,0.506,0.5,0.5,"Told the town going; town says 51% going. Forecast 52 vs line 60; Q go +1.05 / stay +1.31; claiming I'm going, staying home."
6,83,GAMBLER,36.84,0.633,neural_forecaster,0.5705,0.05,0.1031,0.2764,honest_go,staying,bar,True,True,False,1.0,pride,0.067,0.5,0.5,"Told the town staying; town says 51% going. Forecast 37 vs line 60; Q go +0.87 / stay +0.01; claiming I'm staying, going anyway."
6,84,MACHIAVELLIAN,44.18,0.704,neural_forecaster,0.4197,0.0622,0.4615,0.0566,false_go,going,home,False,True,True,0.3,envy,0.021,0.5,0.5,"Told the town going; town says 51% going. Forecast 44 vs line 60; Q go +0.26 / stay +0.34; claiming I'm going, staying home."
6,85,MACHIAVELLIAN,49.4,0.735,neural_forecaster,0.2895,0.1678,0.1131,0.4296,false_stay,going,home,False,True,False,0.3,envy,0.177,0.5,0.5,"Told the town going; town says 51% going. Forecast 49 vs line 60; Q go +1.22 / stay +0.65; claiming I'm going, staying home."
6,86,MACHIAVELLIAN,46.75,0.736,neural_forecaster,0.229,0.2411,0.1426,0.3873,false_stay,staying,home,False,False,False,0.3,envy,0.062,0.5,0.5,"Told the town staying; town says 51% going. Forecast 47 vs line 60; Q go +0.58 / stay +0.42; staying home, and saying so."
6,87,MACHIAVELLIAN,50.63,0.76,neural_forecaster,0.2787,0.1591,0.0949,0.4672,false_stay,going,bar,True,False,False,1.0,pride,0.229,0.5,0.5,"Told the town going; town says 51% going. Forecast 51 vs line 60; Q go +0.54 / stay -0.26; going, and saying so."
6,88,MACHIAVELLIAN,70.41,0.76,neural_forecaster,0.2234,0.2746,0.2914,0.2105,false_go,staying,bar,True,True,False,1.0,pride,0.438,0.5,0.5,"Told the town staying; town says 51% going. Forecast 70 vs line 60; Q go +0.12 / stay +0.40; claiming I'm staying, going anyway."
6,89,MACHIAVELLIAN,59.19,0.799,neural_forecaster,0.2835,0.2059,0.3378,0.1728,false_go,staying,home,False,False,True,0.3,envy,0.121,0.5,0.5,"Told the town staying; town says 51% going. Forecast 59 vs line 60; Q go +0.46 / stay +0.54; staying home, and saying so."
6,90,MACHIAVELLIAN,49.96,0.752,neural_forecaster,0.2244,0.2314,0.4207,0.1234,false_go,going,home,False,True,False,0.3,envy,0.304,0.5,0.5,"Told the town going; town says 51% going. Forecast 50 vs line 60; Q go +0.29 / stay +0.91; claiming I'm going, staying home."
6,91,MACHIAVELLIAN,40.69,0.697,neural_forecaster,0.2324,0.2134,0.1122,0.4419,false_stay,staying,home,False,False,False,0.3,envy,0.025,0.5,0.5,"Told the town staying; town says 51% going. Forecast 41 vs line 60; Q go +0.94 / stay +0.35; staying home, and saying so."
6,92,MACHIAVELLIAN,52.97,0.792,neural_forecaster,0.4374,0.0558,0.4528,0.0539,false_go,going,home,False,True,False,0.3,envy,0.11,0.5,0.5,"Told the town going; town says 51% going. Forecast 53 vs line 60; Q go +0.51 / stay +0.52; claiming I'm going, staying home."
6,93,MACHIAVELLIAN,54.51,0.786,neural_forecaster,0.2986,0.1924,0.169,0.3399,false_stay,going,bar,True,False,False,1.0,pride,0.249,0.5,0.5,"Told the town going; town says 51% going. Forecast 55 vs line 60; Q go +0.50 / stay -0.03; going, and saying so."
6,94,PRAGMATIST,50.25,0.735,neural_forecaster,0.4099,0.1294,0.2365,0.2242,honest_go,going,bar,True,False,False,1.0,pride,0.185,0.5,0.5,"Told the town going; town says 51% going. Forecast 50 vs line 60; Q go +0.63 / stay +0.30; going, and saying so."
6,95,MACHIAVELLIAN,39.08,0.666,neural_forecaster,0.349,0.1507,0.1502,0.3501,false_stay,staying,bar,True,True,False,1.0,pride,0.308,0.5,0.5,"Told the town staying; town says 51% going. Forecast 39 vs line 60; Q go +0.38 / stay +0.01; claiming I'm staying, going anyway."
6,96,MACHIAVELLIAN,55.09,0.761,neural_forecaster,0.31,0.1723,0.3753,0.1424,false_go,staying,home,False,False,True,0.3,envy,0.195,0.5,0.5,"Told the town staying; town says 51% going. Forecast 55 vs line 60; Q go +0.50 / stay +0.69; staying home, and saying so."
6,97,MACHIAVELLIAN,39.84,0.714,neural_forecaster,0.0643,0.4063,0.055,0.4745,false_stay,staying,home,False,False,True,0.3,envy,0.064,0.5,0.5,"Told the town staying; town says 51% going. Forecast 40 vs line 60; Q go +0.55 / stay +0.43; staying home, and saying so."
6,98,PRAGMATIST,61.31,0.792,neural_forecaster,0.1018,0.4572,0.175,0.266,honest_stay,staying,bar,True,True,False,1.0,pride,0.411,0.5,0.5,"Told the town staying; town says 51% going. Forecast 61 vs line 60; Q go +0.18 / stay +0.65; claiming I'm staying, going anyway."
6,99,MACHIAVELLIAN,47.9,0.712,neural_forecaster,0.0932,0.2831,0.0456,0.5781,false_stay,staying,bar,True,True,False,1.0,pride,0.1,0.5,0.5,"Told the town staying; town says 51% going. Forecast 48 vs line 60; Q go +0.80 / stay +0.52; claiming I'm staying, going anyway."
6,100,MACHIAVELLIAN,50.4,0.77,neural_forecaster,0.0999,0.2944,0.0532,0.5526,false_stay,staying,bar,True,True,False,1.0,pride,0.082,0.5,0.5,"Told the town staying; town says 51% going. Forecast 50 vs line 60; Q go +0.84 / stay +0.51; claiming I'm staying, going anyway."
7,1,GAMBLER,64.11,0.843,neural_forecaster,0.6415,0.0393,0.1764,0.1429,honest_go,going,bar,True,False,False,-1.0,frustration,0.987,0.5,0.5,"Told the town going; town says 55% going. Forecast 64 vs line 60; Q go +0.97 / stay +0.40; going, and saying so."
7,2,MACHIAVELLIAN,40.87,0.706,neural_forecaster,0.0525,0.215,0.0157,0.7168,false_stay,staying,bar,True,True,False,-1.0,frustration,0.982,0.5,0.5,"Told the town staying; town says 55% going. Forecast 41 vs line 60; Q go +0.96 / stay +0.49; claiming I'm staying, going anyway."
7,3,GAMBLER,63.69,0.771,neural_forecaster,0.52,0.0651,0.1117,0.3032,honest_go,going,bar,True,False,True,-1.0,frustration,1.0,0.5,0.5,"Told the town going; town says 55% going. Forecast 64 vs line 60; Q go +1.69 / stay +0.61; going, and saying so."
7,4,MACHIAVELLIAN,50.82,0.777,neural_forecaster,0.2227,0.1595,0.0642,0.5536,false_stay,staying,bar,True,True,True,-1.0,frustration,0.657,0.5,0.5,"Told the town staying; town says 55% going. Forecast 51 vs line 60; Q go +0.31 / stay -0.49; claiming I'm staying, going anyway."
7,5,CAUTIOUS,70.36,0.803,neural_forecaster,0.0208,0.7306,0.139,0.1095,honest_stay,staying,home,False,False,True,0.3,hope,0.071,0.5,0.5,"Told the town staying; town says 55% going. Forecast 70 vs line 60; Q go -0.24 / stay +0.44; staying home, and saying so."
7,6,MACHIAVELLIAN,39.04,0.586,neural_forecaster,0.1779,0.1874,0.0578,0.577,false_stay,staying,bar,True,True,True,-1.0,frustration,1.0,0.5,0.5,"Told the town staying; town says 55% going. Forecast 39 vs line 60; Q go +1.33 / stay +0.53; claiming I'm staying, going anyway."
7,7,CAUTIOUS,49.75,0.766,neural_forecaster,0.0465,0.6065,0.1298,0.2172,honest_stay,going,home,False,True,True,0.3,hope,0.237,0.5,0.5,"Told the town going; town says 55% going. Forecast 50 vs line 60; Q go +0.53 / stay +0.77; claiming I'm going, staying home."
7,8,PRAGMATIST,53.16,0.793,neural_forecaster,0.1348,0.3948,0.1896,0.2807,honest_stay,staying,bar,True,True,True,-1.0,frustration,0.593,0.5,0.5,"Told the town staying; town says 55% going. Forecast 53 vs line 60; Q go +0.19 / stay +0.44; claiming I'm staying, going anyway."
7,9,MACHIAVELLIAN,47.47,0.759,neural_forecaster,0.2387,0.1732,0.0817,0.5064,false_stay,going,bar,True,False,False,-1.0,frustration,1.0,0.5,0.5,"Told the town going; town says 55% going. Forecast 47 vs line 60; Q go +1.02 / stay +0.18; going, and saying so."
7,10,MACHIAVELLIAN,49.83,0.763,neural_forecaster,0.3066,0.1556,0.1121,0.4257,false_stay,staying,bar,True,True,False,-1.0,frustration,0.778,0.5,0.5,"Told the town staying; town says 55% going. Forecast 50 vs line 60; Q go +0.56 / stay +0.03; claiming I'm staying, going anyway."
7,11,PRAGMATIST,65.11,0.82,neural_forecaster,0.1885,0.32,0.2538,0.2376,honest_stay,staying,bar,True,True,True,-1.0,frustration,0.577,0.5,0.5,"Told the town staying; town says 55% going. Forecast 65 vs line 60; Q go +0.15 / stay +0.41; claiming I'm staying, going anyway."
7,12,MACHIAVELLIAN,55.22,0.793,neural_forecaster,0.141,0.3404,0.3981,0.1205,false_go,going,home,False,True,False,0.3,hope,0.092,0.5,0.5,"Told the town going; town says 55% going. Forecast 55 vs line 60; Q go -0.45 / stay +0.48; claiming I'm going, staying home."
7,13,MACHIAVELLIAN,59.45,0.769,neural_forecaster,0.1005,0.3058,0.0573,0.5365,false_stay,going,bar,True,False,True,-1.0,frustration,1.0,0.5,0.5,"Told the town going; town says 55% going. Forecast 59 vs line 60; Q go +1.00 / stay +0.44; going, and saying so."
7,14,MACHIAVELLIAN,44.33,0.708,neural_forecaster,0.1897,0.2966,0.1582,0.3556,false_stay,going,bar,True,False,True,-1.0,frustration,0.659,0.5,0.5,"Told the town going; town says 55% going. Forecast 44 vs line 60; Q go +0.32 / stay +0.20; going, and saying so."
7,15,CAUTIOUS,55.64,0.764,neural_forecaster,0.0062,0.829,0.0417,0.123,honest_stay,staying,home,False,False,False,0.3,hope,0.067,0.5,0.5,"Told the town staying; town says 55% going. Forecast 56 vs line 60; Q go -0.52 / stay +0.17; staying home, and saying so."
7,16,MACHIAVELLIAN,48.47,0.777,neural_forecaster,0.1797,0.2881,0.1281,0.4041,false_stay,staying,bar,True,True,False,-1.0,frustration,0.865,0.5,0.5,"Told the town staying; town says 55% going. Forecast 48 vs line 60; Q go +0.73 / stay +0.57; claiming I'm staying, going anyway."
7,17,MACHIAVELLIAN,42.96,0.742,neural_forecaster,0.0261,0.4612,0.0246,0.4882,false_stay,staying,home,False,False,False,0.3,hope,0.013,0.5,0.5,"Told the town staying; town says 55% going. Forecast 43 vs line 60; Q go +0.29 / stay +0.27; staying home, and saying so."
7,18,MACHIAVELLIAN,52.59,0.762,neural_forecaster,0.2978,0.1126,0.5259,0.0638,false_go,going,bar,True,False,True,-1.0,frustration,0.662,0.5,0.5,"Told the town going; town says 55% going. Forecast 53 vs line 60; Q go +0.32 / stay +0.69; going, and saying so."
7,19,MACHIAVELLIAN,46.75,0.784,neural_forecaster,0.2067,0.273,0.154,0.3663,false_stay,staying,home,False,False,False,0.3,hope,0.088,0.5,0.5,"Told the town staying; town says 55% going. Forecast 47 vs line 60; Q go +0.56 / stay +0.48; staying home, and saying so."
7,20,MACHIAVELLIAN,40.61,0.698,neural_forecaster,0.1233,0.2237,0.0454,0.6076,false_stay,going,bar,True,False,False,-1.0,frustration,1.0,0.5,0.5,"Told the town going; town says 55% going. Forecast 41 vs line 60; Q go +1.08 / stay +0.07; going, and saying so."
7,21,MACHIAVELLIAN,63.35,0.794,neural_forecaster,0.4321,0.0423,0.4882,0.0374,false_go,going,bar,True,False,True,-1.0,frustration,0.76,0.5,0.5,"Told the town going; town says 55% going. Forecast 63 vs line 60; Q go +0.52 / stay +0.59; going, and saying so."
7,22,PRAGMATIST,46.87,0.734,neural_forecaster,0.0617,0.4539,0.0672,0.4172,honest_stay,staying,home,False,False,True,0.3,hope,0.051,0.5,0.5,"Told the town staying; town says 55% going. Forecast 47 vs line 60; Q go +0.35 / stay +0.40; staying home, and saying so."
7,23,GAMBLER,68.53,0.838,neural_forecaster,0.4055,0.1126,0.1296,0.3523,honest_go,staying,bar,True,True,False,-1.0,frustration,1.0,0.5,0.5,"Told the town staying; town says 55% going. Forecast 69 vs line 60; Q go +1.21 / stay +0.25; claiming I'm staying, going anyway."
7,24,MACHIAVELLIAN,39.96,0.664,neural_forecaster,0.1225,0.0575,0.0087,0.8113,false_stay,going,bar,True,False,False,-1.0,frustration,1.0,0.5,0.5,"Told the town going; town says 55% going. Forecast 40 vs line 60; Q go +1.44 / stay +0.07; going, and saying so."
7,25,GAMBLER,45.01,0.61,neural_forecaster,0.4735,0.0404,0.0432,0.4429,honest_go,staying,home,False,False,True,0.3,hope,0.087,0.5,0.5,"Told the town staying; town says 55% going. Forecast 45 vs line 60; Q go +0.87 / stay +0.13; staying home, and saying so."
7,26,MACHIAVELLIAN,46.61,0.697,neural_forecaster,0.1143,0.0249,0.8574,0.0033,false_go,going,home,False,True,False,0.3,hope,0.158,0.5,0.5,"Told the town going; town says 55% going. Forecast 47 vs line 60; Q go +0.04 / stay +0.62; claiming I'm going, staying home."
7,27,GAMBLER,53.12,0.772,neural_forecaster,0.6181,0.0453,0.1864,0.1502,honest_go,going,bar,True,False,False,-1.0,frustration,1.0,0.5,0.5,"Told the town going; town says 55% going. Forecast 53 vs line 60; Q go +1.56 / stay +0.88; going, and saying so."
7,28,MACHIAVELLIAN,50.44,0.772,neural_forecaster,0.2307,0.1552,0.0652,0.5489,false_stay,going,bar,True,False,False,-1.0,frustration,1.0,0.5,0.5,"Told the town going; town says 55% going. Forecast 50 vs line 60; Q go +1.13 / stay -0.08; going, and saying so."
7,29,MACHIAVELLIAN,59.55,0.694,neural_forecaster,0.2072,0.179,0.0679,0.5459,false_stay,staying,bar,True,True,False,-1.0,frustration,0.993,0.5,0.5,"Told the town staying; town says 55% going. Forecast 60 vs line 60; Q go +0.99 / stay +0.24; claiming I'm staying, going anyway."
7,30,GAMBLER,56.96,0.789,neural_forecaster,0.5999,0.0389,0.0844,0.2767,honest_go,going,bar,True,False,False,-1.0,frustration,0.919,0.5,0.5,"Told the town going; town says 55% going. Forecast 57 vs line 60; Q go +0.84 / stay -0.12; going, and saying so."
7,31,MACHIAVELLIAN,59.23,0.777,neural_forecaster,0.2948,0.0797,0.0402,0.5853,false_stay,staying,bar,True,True,True,-1.0,frustration,0.801,0.5,0.5,"Told the town staying; town says 55% going. Forecast 59 vs line 60; Q go +0.60 / stay -0.49; claiming I'm staying, going anyway."
7,32,GAMBLER,51.64,0.687,neural_forecaster,0.4762,0.0453,0.0504,0.4282,honest_go,staying,bar,True,True,False,-1.0,frustration,0.808,0.5,0.5,"Told the town staying; town says 55% going. Forecast 52 vs line 60; Q go +0.62 / stay -0.03; claiming I'm staying, going anyway."
7,33,PRAGMATIST,54.92,0.736,neural_forecaster,0.3716,0.15,0.2012,0.2772,honest_go,going,bar,True,False,True,-1.0,frustration,1.0,0.5,0.5,"Told the town going; town says 55% going. Forecast 55 vs line 60; Q go +1.16 / stay +0.68; going, and saying so."
7,34,GAMBLER,57.8,0.786,neural_forecaster,0.5195,0.0731,0.1441,0.2634,honest_go,going,bar,True,False,False,-1.0,frustration,1.0,0.5,0.5,"Told the town going; town says 55% going. Forecast 58 vs line 60; Q go +1.26 / stay +0.41; going, and saying so."
7,35,GAMBLER,54.68,0.799,neural_forecaster,0.4085,0.1249,0.1751,0.2915,honest_go,going,home,False,True,True,0.3,hope,0.142,0.5,0.5,"Told the town going; town says 55% going. Forecast 55 vs line 60; Q go +0.87 / stay +0.58; claiming I'm going, staying home."
7,36,GAMBLER,50.28,0.775,neural_forecaster,0.6268,0.029,0.2789,0.0653,honest_go,going,home,False,True,True,0.3,hope,0.05,0.5,0.5,"Told the town going; town says 55% going. Forecast 50 vs line 60; Q go +0.63 / stay +0.20; claiming I'm going, staying home."
7,37,PRAGMATIST,46.97,0.674,neural_forecaster,0.1304,0.3893,0.1571,0.3232,honest_stay,staying,bar,True,True,True,-1.0,frustration,1.0,0.5,0.5,"Told the town staying; town says 55% going. Forecast 47 vs line 60; Q go +1.56 / stay +1.60; claiming I'm staying, going anyway."
7,38,GAMBLER,64.48,0.838,neural_forecaster,0.4181,0.1159,0.1567,0.3093,honest_go,going,home,False,True,False,0.3,hope,0.374,0.5,0.5,"Told the town going; town says 55% going. Forecast 64 vs line 60; Q go +0.44 / stay -0.45; claiming I'm going, staying home."
7,39,CAUTIOUS,56.93,0.81,neural_forecaster,0.068,0.5285,0.1328,0.2707,honest_stay,staying,home,False,False,False,0.3,hope,0.135,0.5,0.5,"Told the town staying; town says 55% going. Forecast 57 vs line 60; Q go +0.34 / stay +0.57; staying home, and saying so."
7,40,GAMBLER,55.05,0.725,neural_forecaster,0.5518,0.0468,0.0803,0.3211,honest_go,going,bar,True,False,False,-1.0,frustration,1.0,0.5,0.5,"Told the town going; town says 55% going. Forecast 55 vs line 60; Q go +1.21 / stay +0.70; going, and saying so."
7,41,GAMBLER,45.15,0.73,neural_forecaster,0.6972,0.0272,0.13,0.1457,honest_go,going,bar,True,False,False,-1.0,frustration,1.0,0.5,0.5,"Told the town going; town says 55% going. Forecast 45 vs line 60; Q go +1.41 / stay +0.35; going, and saying so."
7,42,GAMBLER,56.62,0.797,neural_forecaster,0.5752,0.0463,0.2851,0.0934,honest_go,going,bar,True,False,False,-1.0,frustration,0.766,0.5,0.5,"Told the town going; town says 55% going. Forecast 57 vs line 60; Q go +0.53 / stay +0.26; going, and saying so."
7,43,CAUTIOUS,52.88,0.82,neural_forecaster,0.1154,0.4359,0.2301,0.2186,honest_stay,staying,home,False,False,True,0.3,hope,0.324,0.5,0.5,"Told the town staying; town says 55% going. Forecast 53 vs line 60; Q go +0.44 / stay +0.95; staying home, and saying so."
7,44,GAMBLER,53.6,0.803,neural_forecaster,0.7201,0.0143,0.0472,0.2185,honest_go,going,bar,True,False,False,-1.0,frustration,0.979,0.5,0.5,"Told the town going; town says 55% going. Forecast 54 vs line 60; Q go +0.96 / stay +0.08; going, and saying so."
7,45,MACHIAVELLIAN,56.93,0.81,neural_forecaster,0.0372,0.437,0.4928,0.033,false_go,going,home,False,True,False,0.3,hope,0.065,0.5,0.5,"Told the town going; town says 55% going. Forecast 57 vs line 60; Q go -0.80 / stay +0.43; claiming I'm going, staying home."
7,46,CAUTIOUS,50.51,0.761,neural_forecaster,0.0757,0.5242,0.1817,0.2184,honest_stay,staying,home,False,False,False,0.3,hope,0.329,0.5,0.5,"Told the town staying; town says 55% going. Forecast 51 vs line 60; Q go +0.53 / stay +0.96; staying home, and saying so."
7,47,PRAGMATIST,47.83,0.749,neural_forecaster,0.3177,0.1875,0.2072,0.2876,honest_go,going,home,False,True,True,0.3,hope,0.214,0.5,0.5,"Told the town going; town says 55% going. Forecast 48 vs line 60; Q go +0.15 / stay -0.13; claiming I'm going, staying home."
7,48,PRAGMATIST,42.21,0.718,neural_forecaster,0.4194,0.1152,0.3091,0.1563,honest_go,going,bar,True,False,True,-1.0,frustration,0.919,0.5,0.5,"Told the town going; town says 55% going. Forecast 42 vs line 60; Q go +0.84 / stay +0.55; going, and saying so."
7,49,GAMBLER,63.7,0.818,neural_forecaster,0.5123,0.0669,0.1103,0.3105,honest_go,staying,home,False,False,False,0.3,hope,0.25,0.5,0.5,"Told the town staying; town says 55% going. Forecast 64 vs line 60; Q go +1.19 / stay -0.20; staying home, and saying so."
7,50,GAMBLER,56.84,0.772,neural_forecaster,0.5576,0.0607,0.1401,0.2416,honest_go,going,bar,True,False,False,-1.0,frustration,1.0,0.5,0.5,"Told the town going; town says 55% going. Forecast 57 vs line 60; Q go +1.91 / stay +0.54; going, and saying so."
7,51,MACHIAVELLIAN,50.65,0.736,neural_forecaster,0.045,0.2338,0.0149,0.7063,false_stay,staying,bar,True,True,True,-1.0,frustration,0.932,0.5,0.5,"Told the town staying; town says 55% going. Forecast 51 vs line 60; Q go +0.86 / stay +0.53; claiming I'm staying, going anyway."
7,52,PRAGMATIST,54.2,0.751,neural_forecaster,0.2017,0.3035,0.2492,0.2457,honest_stay,going,home,False,True,True,0.3,hope,0.319,0.5,0.5,"Told the town going; town says 55% going. Forecast 54 vs line 60; Q go +0.80 / stay +0.94; claiming I'm going, staying home."
7,53,PRAGMATIST,62.49,0.785,neural_forecaster,0.5034,0.0362,0.4167,0.0437,honest_go,going,bar,True,False,False,-1.0,frustration,0.961,0.5,0.5,"Told the town going; town says 55% going. Forecast 62 vs line 60; Q go +0.92 / stay +0.82; going, and saying so."
7,54,GAMBLER,49.25,0.804,neural_forecaster,0.7216,0.0225,0.1184,0.1374,honest_go,going,bar,True,False,False,-1.0,frustration,1.0,0.5,0.5,"Told the town going; town says 55% going. Forecast 49 vs line 60; Q go +1.11 / stay +0.59; going, and saying so."
7,55,MACHIAVELLIAN,67.94,0.783,neural_forecaster,0.3903,0.0854,0.0741,0.4502,false_stay,staying,bar,True,True,False,-1.0,frustration,0.885,0.5,0.5,"Told the town staying; town says 55% going. Forecast 68 vs line 60; Q go +0.77 / stay -0.24; claiming I'm staying, going anyway."
7,56,MACHIAVELLIAN,30.79,0.579,neural_forecaster,0.1977,0.056,0.0151,0.7311,false_stay,going,bar,True,False,True,-1.0,frustration,1.0,0.5,0.5,"Told the town going; town says 55% going. Forecast 31 vs line 60; Q go +1.40 / stay +0.36; going, and saying so."
7,57,MACHIAVELLIAN,55.73,0.794,neural_forecaster,0.1622,0.3049,0.4133,0.1197,false_go,staying,home,False,False,False,0.3,hope,0.181,0.5,0.5,"Told the town staying; town says 55% going. Forecast 56 vs line 60; Q go +0.29 / stay +0.66; staying home, and saying so."
7,58,MACHIAVELLIAN,56.66,0.78,neural_forecaster,0.296,0.1895,0.1568,0.3577,false_stay,staying,bar,True,True,False,-1.0,frustration,1.0,0.5,0.5,"Told the town staying; town says 55% going. Forecast 57 vs line 60; Q go +1.04 / stay +0.47; claiming I'm staying, going anyway."
7,59,MACHIAVELLIAN,62.82,0.841,neural_forecaster,0.2192,0.1549,0.5658,0.06,false_go,staying,bar,True,True,True,-1.0,frustration,0.485,0.5,0.5,"Told the town staying; town says 55% going. Forecast 63 vs line 60; Q go -0.03 / stay +0.36; claiming I'm staying, going anyway."
7,60,GAMBLER,58.86,0.833,neural_forecaster,0.4393,0.1137,0.2209,0.2262,honest_go,going,home,False,True,True,0.3,hope,0.039,0.5,0.5,"Told the town going; town says 55% going. Forecast 59 vs line 60; Q go +0.71 / stay +0.22; claiming I'm going, staying home."
7,61,MACHIAVELLIAN,35.45,0.613,neural_forecaster,0.0283,0.1228,0.0041,0.8448,false_stay,staying,bar,True,True,False,-1.0,frustration,1.0,0.5,0.5,"Told the town staying; town says 55% going. Forecast 35 vs line 60; Q go +1.23 / stay +0.39; claiming I'm staying, going anyway."
7,62,MACHIAVELLIAN,48.56,0.759,neural_forecaster,0.2406,0.2536,0.1985,0.3074,false_stay,staying,home,False,False,False,0.3,hope,0.232,0.5,0.5,"Told the town staying; town says 55% going. Forecast 49 vs line 60; Q go -0.03 / stay -0.16; staying home, and saying so."
7,63,GAMBLER,40.77,0.63,neural_forecaster,0.9496,0.0006,0.033,0.0168,honest_go,going,bar,True,False,False,-1.0,frustration,0.862,0.5,0.5,"Told the town going; town says 55% going. Forecast 41 vs line 60; Q go +0.72 / stay -0.15; going, and saying so."
7,64,GAMBLER,44.99,0.73,neural_forecaster,0.4992,0.0861,0.2096,0.2051,honest_go,going,bar,True,False,False,-1.0,frustration,0.839,0.5,0.5,"Told the town going; town says 55% going. Forecast 45 vs line 60; Q go +0.68 / stay +0.20; going, and saying so."
7,65,MACHIAVELLIAN,57.26,0.821,neural_forecaster,0.1894,0.022,0.0053,0.7833,false_stay,staying,bar,True,True,False,-1.0,frustration,1.0,0.5,0.5,"Told the town staying; town says 55% going. Forecast 57 vs line 60; Q go +1.84 / stay +0.45; claiming I'm staying, going anyway."
7,66,MACHIAVELLIAN,46.75,0.76,neural_forecaster,0.0375,0.4333,0.0328,0.4964,false_stay,staying,bar,True,True,False,-1.0,frustration,0.764,0.5,0.5,"Told the town staying; town says 55% going. Forecast 47 vs line 60; Q go +0.53 / stay +0.48; claiming I'm staying, going anyway."
7,67,GAMBLER,54.91,0.786,neural_forecaster,0.4736,0.0929,0.1623,0.2712,honest_go,going,home,False,True,True,0.3,hope,0.081,0.5,0.5,"Told the town going; town says 55% going. Forecast 55 vs line 60; Q go +1.11 / stay +0.14; claiming I'm going, staying home."
7,68,CAUTIOUS,47.38,0.752,neural_forecaster,0.0463,0.6144,0.1509,0.1884,honest_stay,staying,home,False,False,True,0.3,hope,0.335,0.5,0.5,"Told the town staying; town says 55% going. Forecast 47 vs line 60; Q go +0.13 / stay +0.97; staying home, and saying so."
7,69,PRAGMATIST,57.64,0.817,neural_forecaster,0.3581,0.1598,0.2117,0.2703,honest_go,staying,bar,True,True,False,-1.0,frustration,0.856,0.5,0.5,"Told the town staying; town says 55% going. Forecast 58 vs line 60; Q go +0.71 / stay +0.21; claiming I'm staying, going anyway."
7,70,MACHIAVELLIAN,59.44,0.764,neural_forecaster,0.3465,0.1138,0.0871,0.4526,false_stay,going,home,False,True,True,0.3,hope,0.072,0.5,0.5,"Told the town going; town says 55% going. Forecast 59 vs line 60; Q go +1.59 / stay +0.44; claiming I'm going, staying home."
7,71,MACHIAVELLIAN,62.36,0.819,neural_forecaster,0.0988,0.3629,0.0779,0.4603,false_stay,staying,bar,True,True,True,-1.0,frustration,0.649,0.5,0.5,"Told the town staying; town says 55% going. Forecast 62 vs line 60; Q go +0.30 / stay +0.09; claiming I'm staying, going anyway."
7,72,PRAGMATIST,42.76,0.622,neural_forecaster,0.4207,0.1235,0.231,0.2248,honest_go,staying,bar,True,True,False,-1.0,frustration,0.874,0.5,0.5,"Told the town staying; town says 55% going. Forecast 43 vs line 60; Q go +0.75 / stay +0.57; claiming I'm staying, going anyway."
7,73,MACHIAVELLIAN,42.41,0.7,neural_forecaster,0.0891,0.0706,0.0076,0.8328,false_stay,going,home,False,True,True,0.3,hope,0.025,0.5,0.5,"Told the town going; town says 55% going. Forecast 42 vs line 60; Q go +1.31 / stay +0.25; claiming I'm going, staying home."
7,74,PRAGMATIST,49.27,0.75,neural_forecaster,0.4908,0.0199,0.4685,0.0208,honest_go,going,home,False,True,True,0.3,hope,0.266,0.5,0.5,"Told the town going; town says 55% going. Forecast 49 vs line 60; Q go +0.85 / stay +0.83; claiming I'm going, staying home."
7,75,GAMBLER,52.89,0.732,neural_forecaster,0.6407,0.0337,0.2331,0.0925,honest_go,going,bar,True,False,True,-1.0,frustration,0.941,0.5,0.5,"Told the town going; town says 55% going. Forecast 53 vs line 60; Q go +0.88 / stay +0.61; going, and saying so."
7,76,CAUTIOUS,46.11,0.763,neural_forecaster,0.0511,0.5986,0.1664,0.1839,honest_stay,going,home,False,True,True,0.3,hope,0.17,0.5,0.5,"Told the town going; town says 55% going. Forecast 46 vs line 60; Q go +0.23 / stay +0.64; claiming I'm going, staying home."
7,77,PRAGMATIST,52.43,0.714,neural_forecaster,0.4326,0.0954,0.3563,0.1158,honest_go,going,bar,True,False,True,-1.0,frustration,0.611,0.5,0.5,"Told the town going; town says 55% going. Forecast 52 vs line 60; Q go +0.22 / stay +0.05; going, and saying so."
7,78,MACHIAVELLIAN,49.21,0.635,neural_forecaster,0.0834,0.3128,0.0468,0.557,false_stay,staying,home,False,False,True,0.3,hope,0.156,0.5,0.5,"Told the town staying; town says 55% going. Forecast 49 vs line 60; Q go +1.04 / stay +0.61; staying home, and saying so."
7,79,PRAGMATIST,49.12,0.713,neural_forecaster,0.3576,0.1613,0.2286,0.2524,honest_go,going,home,False,True,True,0.3,hope,0.04,0.5,0.5,"Told the town going; town says 55% going. Forecast 49 vs line 60; Q go +0.57 / stay +0.22; claiming I'm going, staying home."
7,80,GAMBLER,42.39,0.727,neural_forecaster,0.7824,0.0044,0.1957,0.0175,honest_go,going,bar,True,False,False,-1.0,frustration,0.951,0.5,0.5,"Told the town going; town says 55% going. Forecast 42 vs line 60; Q go +0.90 / stay +0.45; going, and saying so."
7,81,CAUTIOUS,49.05,0.764,neural_forecaster,0.0588,0.5639,0.1392,0.2381,honest_stay,staying,home,False,False,False,0.3,hope,0.249,0.5,0.5,"Told the town staying; town says 55% going. Forecast 49 vs line 60; Q go +0.14 / stay +0.80; staying home, and saying so."
7,82,MACHIAVELLIAN,51.59,0.779,neural_forecaster,0.1091,0.3578,0.4455,0.0876,false_go,going,bar,True,False,True,-1.0,frustration,0.852,0.5,0.5,"Told the town going; town says 55% going. Forecast 52 vs line 60; Q go +0.70 / stay +1.49; going, and saying so."
7,83,MACHIAVELLIAN,53.91,0.67,neural_forecaster,0.4269,0.0605,0.0567,0.4559,false_stay,going,bar,True,False,False,-1.0,frustration,0.795,0.5,0.5,"Told the town going; town says 55% going. Forecast 54 vs line 60; Q go +0.59 / stay -0.40; going, and saying so."
7,84,MACHIAVELLIAN,48.81,0.706,neural_forecaster,0.2425,0.209,0.431,0.1175,false_go,staying,home,False,False,False,0.3,hope,0.082,0.5,0.5,"Told the town staying; town says 55% going. Forecast 49 vs line 60; Q go -0.05 / stay +0.46; staying home, and saying so."
7,85,PRAGMATIST,40.08,0.696,neural_forecaster,0.1472,0.3798,0.2301,0.243,honest_stay,going,home,False,True,False,0.3,hope,0.023,0.5,0.5,"Told the town going; town says 55% going. Forecast 40 vs line 60; Q go +0.09 / stay +0.35; claiming I'm going, staying home."
7,86,CAUTIOUS,53.25,0.75,neural_forecaster,0.0385,0.6409,0.192,0.1286,honest_stay,going,home,False,True,False,0.3,hope,0.281,0.5,0.5,"Told the town going; town says 55% going. Forecast 53 vs line 60; Q go +0.31 / stay +0.86; claiming I'm going, staying home."
7,87,MACHIAVELLIAN,44.16,0.732,neural_forecaster,0.3657,0.1158,0.1016,0.4169,false_stay,going,bar,True,False,False,-1.0,frustration,0.988,0.5,0.5,"Told the town going; town says 55% going. Forecast 44 vs line 60; Q go +0.98 / stay +0.04; going, and saying so."
7,88,MACHIAVELLIAN,77.09,0.752,neural_forecaster,0.2841,0.2064,0.1756,0.3339,false_stay,going,bar,True,False,False,-1.0,frustration,0.852,0.5,0.5,"Told the town going; town says 55% going. Forecast 77 vs line 60; Q go +0.70 / stay +0.22; going, and saying so."
7,89,GAMBLER,50.42,0.789,neural_forecaster,0.5282,0.0643,0.1169,0.2906,honest_go,going,bar,True,False,True,-1.0,frustration,0.943,0.5,0.5,"Told the town going; town says 55% going. Forecast 50 vs line 60; Q go +0.89 / stay +0.20; going, and saying so."
7,90,MACHIAVELLIAN,49.36,0.747,neural_forecaster,0.3232,0.1758,0.3273,0.1736,false_go,staying,home,False,False,False,0.3,hope,0.047,0.5,0.5,"Told the town staying; town says 55% going. Forecast 49 vs line 60; Q go +0.19 / stay +0.21; staying home, and saying so."
7,91,PRAGMATIST,43.06,0.678,neural_forecaster,0.3671,0.1553,0.2424,0.2352,honest_go,staying,home,False,False,False,0.3,hope,0.091,0.5,0.5,"Told the town staying; town says 55% going. Forecast 43 vs line 60; Q go +0.81 / stay +0.48; staying home, and saying so."
7,92,PRAGMATIST,54.49,0.8,neural_forecaster,0.534,0.0338,0.3854,0.0468,honest_go,going,bar,True,False,True,-1.0,frustration,0.837,0.5,0.5,"Told the town going; town says 55% going. Forecast 54 vs line 60; Q go +0.67 / stay +0.57; going, and saying so."
7,93,MACHIAVELLIAN,51.28,0.782,neural_forecaster,0.1734,0.3194,0.1591,0.3481,false_stay,staying,bar,True,True,False,-1.0,frustration,0.618,0.5,0.5,"Told the town staying; town says 55% going. Forecast 51 vs line 60; Q go +0.24 / stay +0.16; claiming I'm staying, going anyway."
7,94,GAMBLER,60.92,0.779,neural_forecaster,0.367,0.15,0.1844,0.2986,honest_go,going,bar,True,False,False,-1.0,frustration,0.877,0.5,0.5,"Told the town going; town says 55% going. Forecast 61 vs line 60; Q go +0.75 / stay +0.36; going, and saying so."
7,95,GAMBLER,39.13,0.637,neural_forecaster,0.578,0.0556,0.1451,0.2214,honest_go,going,bar,True,False,False,-1.0,frustration,0.658,0.5,0.5,"Told the town going; town says 55% going. Forecast 39 vs line 60; Q go +0.32 / stay -0.29; going, and saying so."
7,96,GAMBLER,52.96,0.769,neural_forecaster,0.43,0.1174,0.1996,0.253,honest_go,going,bar,True,False,True,-1.0,frustration,0.9,0.5,0.5,"Told the town going; town says 55% going. Forecast 53 vs line 60; Q go +0.80 / stay +0.07; going, and saying so."
7,97,CAUTIOUS,45.62,0.702,neural_forecaster,0.034,0.6375,0.0915,0.237,honest_stay,staying,home,False,False,False,0.3,hope,0.232,0.5,0.5,"Told the town staying; town says 55% going. Forecast 46 vs line 60; Q go +0.00 / stay +0.76; staying home, and saying so."
7,98,MACHIAVELLIAN,55.02,0.802,neural_forecaster,0.1595,0.1525,0.0374,0.6506,false_stay,staying,bar,True,True,False,-1.0,frustration,1.0,0.5,0.5,"Told the town staying; town says 55% going. Forecast 55 vs line 60; Q go +1.11 / stay -0.17; claiming I'm staying, going anyway."
7,99,PRAGMATIST,52.57,0.728,neural_forecaster,0.1119,0.4174,0.1422,0.3284,honest_stay,staying,bar,True,True,False,-1.0,frustration,0.726,0.5,0.5,"Told the town staying; town says 55% going. Forecast 53 vs line 60; Q go +0.45 / stay +0.54; claiming I'm staying, going anyway."
7,100,MACHIAVELLIAN,46.63,0.751,neural_forecaster,0.1867,0.2277,0.085,0.5006,false_stay,staying,bar,True,True,False,-1.0,frustration,1.0,0.5,0.5,"Told the town staying; town says 55% going. Forecast 47 vs line 60; Q go +1.08 / stay +0.68; claiming I'm staying, going anyway."
8,1,CAUTIOUS,74.77,0.784,neural_forecaster,0.1188,0.4291,0.2373,0.2148,honest_stay,going,home,False,True,True,0.3,envy,0.033,0.5,0.5,"Told the town going; town says 48% going. Forecast 75 vs line 60; Q go -0.05 / stay +0.23; claiming I'm going, staying home."
8,2,MACHIAVELLIAN,40.41,0.719,neural_forecaster,0.111,0.0386,0.0051,0.8453,false_stay,staying,bar,True,True,False,1.0,pride,0.077,0.5,0.5,"Told the town staying; town says 48% going. Forecast 40 vs line 60; Q go +1.15 / stay -0.31; claiming I'm staying, going anyway."
8,3,GAMBLER,57.27,0.796,neural_forecaster,0.6277,0.0431,0.1719,0.1573,honest_go,going,home,False,True,True,0.3,envy,0.036,0.5,0.5,"Told the town going; town says 48% going. Forecast 57 vs line 60; Q go +1.09 / stay +0.23; claiming I'm going, staying home."
8,4,MACHIAVELLIAN,39.74,0.772,neural_forecaster,0.225,0.1312,0.0497,0.5941,false_stay,staying,bar,True,True,False,1.0,pride,0.158,0.5,0.5,"Told the town staying; town says 48% going. Forecast 40 vs line 60; Q go +0.68 / stay -0.28; claiming I'm staying, going anyway."
8,5,PRAGMATIST,56.61,0.824,neural_forecaster,0.2966,0.2074,0.2434,0.2527,honest_go,going,bar,True,False,True,1.0,pride,0.367,0.5,0.5,"Told the town going; town says 48% going. Forecast 57 vs line 60; Q go +0.27 / stay +0.20; going, and saying so."
8,6,MACHIAVELLIAN,44.24,0.638,neural_forecaster,0.1798,0.3161,0.1703,0.3338,false_stay,going,home,False,True,True,0.3,envy,0.147,0.5,0.5,"Told the town going; town says 48% going. Forecast 44 vs line 60; Q go +0.63 / stay +0.59; claiming I'm going, staying home."
8,7,CAUTIOUS,41.59,0.771,neural_forecaster,0.1398,0.376,0.3196,0.1645,honest_stay,going,home,False,True,False,0.3,envy,0.318,0.5,0.5,"Told the town going; town says 48% going. Forecast 42 vs line 60; Q go +0.75 / stay +0.94; claiming I'm going, staying home."
8,8,MACHIAVELLIAN,61.5,0.796,neural_forecaster,0.0969,0.3418,0.067,0.4943,false_stay,staying,home,False,False,True,0.3,envy,0.009,0.5,0.5,"Told the town staying; town says 48% going. Forecast 61 vs line 60; Q go +0.59 / stay +0.32; staying home, and saying so."
8,9,MACHIAVELLIAN,55.05,0.795,neural_forecaster,0.162,0.3111,0.1256,0.4013,false_stay,going,bar,True,False,False,1.0,pride,0.202,0.5,0.5,"Told the town going; town says 48% going. Forecast 55 vs line 60; Q go +0.60 / stay +0.40; going, and saying so."
8,10,MACHIAVELLIAN,47.94,0.794,neural_forecaster,0.0952,0.3646,0.4656,0.0746,false_go,going,bar,True,False,False,1.0,pride,0.679,0.5,0.5,"Told the town going; town says 48% going. Forecast 48 vs line 60; Q go -0.36 / stay +0.47; going, and saying so."
8,11,PRAGMATIST,55.01,0.844,neural_forecaster,0.1198,0.4268,0.2115,0.2419,honest_stay,staying,home,False,False,True,0.3,envy,0.12,0.5,0.5,"Told the town staying; town says 48% going. Forecast 55 vs line 60; Q go +0.07 / stay +0.54; staying home, and saying so."
8,12,CAUTIOUS,59.9,0.803,neural_forecaster,0.1038,0.4205,0.3514,0.1242,honest_stay,going,home,False,True,False,0.3,envy,0.138,0.5,0.5,"Told the town going; town says 48% going. Forecast 60 vs line 60; Q go -0.50 / stay +0.58; claiming I'm going, staying home."
8,13,PRAGMATIST,33.99,0.744,neural_forecaster,0.1258,0.414,0.2007,0.2595,honest_stay,going,bar,True,False,False,1.0,pride,0.437,0.5,0.5,"Told the town going; town says 48% going. Forecast 34 vs line 60; Q go +0.13 / stay +0.57; going, and saying so."
8,14,MACHIAVELLIAN,54.52,0.756,neural_forecaster,0.2913,0.2079,0.2967,0.2041,false_go,going,bar,True,False,False,1.0,pride,0.404,0.5,0.5,"Told the town going; town says 48% going. Forecast 55 vs line 60; Q go +0.19 / stay +0.20; going, and saying so."
8,15,MACHIAVELLIAN,49.02,0.799,neural_forecaster,0.037,0.2833,0.0158,0.664,false_stay,staying,bar,True,True,True,1.0,pride,0.43,0.5,0.5,"Told the town staying; town says 48% going. Forecast 49 vs line 60; Q go +0.14 / stay -0.14; claiming I'm staying, going anyway."
8,16,CAUTIOUS,60.76,0.786,neural_forecaster,0.0694,0.5399,0.2214,0.1693,honest_stay,staying,home,False,False,True,0.3,envy,0.45,0.5,0.5,"Told the town staying; town says 48% going. Forecast 61 vs line 60; Q go +0.65 / stay +1.20; staying home, and saying so."
8,17,GAMBLER,43.13,0.758,neural_forecaster,0.6847,0.0297,0.1514,0.1343,honest_go,staying,home,False,False,False,0.3,envy,0.082,0.5,0.5,"Told the town staying; town says 48% going. Forecast 43 vs line 60; Q go +0.51 / stay +0.14; staying home, and saying so."
8,18,GAMBLER,52.66,0.807,neural_forecaster,0.6679,0.0248,0.2378,0.0695,honest_go,going,bar,True,False,False,1.0,pride,0.093,0.5,0.5,"Told the town going; town says 48% going. Forecast 53 vs line 60; Q go +1.19 / stay +0.54; going, and saying so."
8,19,MACHIAVELLIAN,64.74,0.776,neural_forecaster,0.1413,0.0386,0.0067,0.8134,false_stay,going,bar,True,False,True,1.0,pride,0.268,0.5,0.5,"Told the town going; town says 48% going. Forecast 65 vs line 60; Q go +1.54 / stay +0.54; going, and saying so."
8,20,MACHIAVELLIAN,35.81,0.694,neural_forecaster,0.1208,0.3519,0.0994,0.4278,false_stay,staying,home,False,False,True,0.3,envy,0.235,0.5,0.5,"Told the town staying; town says 48% going. Forecast 36 vs line 60; Q go +0.96 / stay +0.77; staying home, and saying so."
8,21,MACHIAVELLIAN,56.0,0.819,neural_forecaster,0.2263,0.0647,0.6878,0.0213,false_go,going,home,False,True,True,0.3,envy,0.235,0.5,0.5,"Told the town going; town says 48% going. Forecast 56 vs line 60; Q go +0.13 / stay +0.77; claiming I'm going, staying home."
8,22,MACHIAVELLIAN,40.95,0.743,neural_forecaster,0.0573,0.3237,0.0316,0.5875,false_stay,staying,bar,True,True,True,1.0,pride,0.207,0.5,0.5,"Told the town staying; town says 48% going. Forecast 41 vs line 60; Q go +0.59 / stay +0.21; claiming I'm staying, going anyway."
8,23,MACHIAVELLIAN,65.27,0.817,neural_forecaster,0.2563,0.2428,0.2282,0.2727,false_stay,going,bar,True,False,False,1.0,pride,0.279,0.5,0.5,"Told the town going; town says 48% going. Forecast 65 vs line 60; Q go +0.44 / stay +0.35; going, and saying so."
8,24,MACHIAVELLIAN,44.83,0.703,neural_forecaster,0.0355,0.4184,0.0287,0.5173,false_stay,staying,home,False,False,True,0.3,envy,0.118,0.5,0.5,"Told the town staying; town says 48% going. Forecast 45 vs line 60; Q go +0.62 / stay +0.54; staying home, and saying so."
8,25,MACHIAVELLIAN,45.44,0.662,neural_forecaster,0.3298,0.1151,0.0798,0.4753,false_stay,staying,bar,True,True,True,1.0,pride,0.292,0.5,0.5,"Told the town staying; town says 48% going. Forecast 45 vs line 60; Q go +0.42 / stay +0.00; claiming I'm staying, going anyway."
8,26,MACHIAVELLIAN,55.28,0.744,neural_forecaster,0.1214,0.022,0.8535,0.0031,false_go,going,home,False,True,False,0.3,envy,0.152,0.5,0.5,"Told the town going; town says 48% going. Forecast 55 vs line 60; Q go +0.07 / stay +0.60; claiming I'm going, staying home."
8,27,MACHIAVELLIAN,39.98,0.77,neural_forecaster,0.2179,0.1098,0.6347,0.0377,false_go,going,bar,True,False,False,1.0,pride,0.017,0.5,0.5,"Told the town going; town says 48% going. Forecast 40 vs line 60; Q go +1.03 / stay +1.62; going, and saying so."
8,28,PRAGMATIST,54.84,0.807,neural_forecaster,0.1733,0.3394,0.2675,0.2198,honest_stay,staying,bar,True,True,False,1.0,pride,0.483,0.5,0.5,"Told the town staying; town says 48% going. Forecast 55 vs line 60; Q go +0.03 / stay +0.43; claiming I'm staying, going anyway."
8,29,PRAGMATIST,63.17,0.71,neural_forecaster,0.0974,0.41,0.1024,0.3902,honest_stay,staying,home,False,False,True,0.3,envy,0.013,0.5,0.5,"Told the town staying; town says 48% going. Forecast 63 vs line 60; Q go +0.29 / stay +0.33; staying home, and saying so."
8,30,GAMBLER,52.18,0.83,neural_forecaster,0.6962,0.0236,0.0834,0.1968,honest_go,going,bar,True,False,False,1.0,pride,0.055,0.5,0.5,"Told the town going; town says 48% going. Forecast 52 vs line 60; Q go +0.89 / stay -0.12; going, and saying so."
8,31,PRAGMATIST,56.79,0.802,neural_forecaster,0.0632,0.5043,0.0942,0.3383,honest_stay,going,home,False,True,True,0.3,envy,0.148,0.5,0.5,"Told the town going; town says 48% going. Forecast 57 vs line 60; Q go +0.40 / stay +0.60; claiming I'm going, staying home."
8,32,PRAGMATIST,42.02,0.71,neural_forecaster,0.1518,0.3522,0.1584,0.3376,honest_stay,going,bar,True,False,False,1.0,pride,0.223,0.5,0.5,"Told the town going; town says 48% going. Forecast 42 vs line 60; Q go +0.55 / stay +0.56; going, and saying so."
8,33,GAMBLER,62.67,0.746,neural_forecaster,0.4858,0.0912,0.1902,0.2329,honest_go,going,bar,True,False,False,1.0,pride,0.269,0.5,0.5,"Told the town going; town says 48% going. Forecast 63 vs line 60; Q go +1.54 / stay +0.82; going, and saying so."
8,34,MACHIAVELLIAN,59.31,0.799,neural_forecaster,0.2866,0.207,0.1841,0.3223,false_stay,staying,bar,True,True,False,1.0,pride,0.139,0.5,0.5,"Told the town staying; town says 48% going. Forecast 59 vs line 60; Q go +0.72 / stay +0.45; claiming I'm staying, going anyway."
8,35,GAMBLER,63.01,0.795,neural_forecaster,0.5692,0.0407,0.0731,0.317,honest_go,staying,bar,True,True,True,1.0,pride,0.038,0.5,0.5,"Told the town staying; town says 48% going. Forecast 63 vs line 60; Q go +0.92 / stay +0.24; claiming I'm staying, going anyway."
8,36,MACHIAVELLIAN,52.09,0.82,neural_forecaster,0.4593,0.0294,0.4835,0.0279,false_go,going,bar,True,False,True,1.0,pride,0.156,0.5,0.5,"Told the town going; town says 48% going. Forecast 52 vs line 60; Q go +0.69 / stay +0.71; going, and saying so."
8,37,CAUTIOUS,49.05,0.727,neural_forecaster,0.0243,0.6105,0.0465,0.3187,honest_stay,staying,bar,True,True,False,1.0,pride,0.353,0.5,0.5,"Told the town staying; town says 48% going. Forecast 49 vs line 60; Q go +0.29 / stay +0.44; claiming I'm staying, going anyway."
8,38,GAMBLER,62.22,0.83,neural_forecaster,0.4399,0.1115,0.1889,0.2597,honest_go,staying,bar,True,True,True,1.0,pride,0.283,0.5,0.5,"Told the town staying; town says 48% going. Forecast 62 vs line 60; Q go +0.43 / stay -0.30; claiming I'm staying, going anyway."
8,39,MACHIAVELLIAN,66.43,0.79,neural_forecaster,0.0307,0.4519,0.0284,0.489,false_stay,staying,bar,True,True,True,1.0,pride,0.201,0.5,0.5,"Told the town staying; town says 48% going. Forecast 66 vs line 60; Q go +0.60 / stay +0.57; claiming I'm staying, going anyway."
8,40,GAMBLER,48.23,0.765,neural_forecaster,0.6952,0.0275,0.1293,0.1479,honest_go,going,bar,True,False,False,1.0,pride,0.25,0.5,0.5,"Told the town going; town says 48% going. Forecast 48 vs line 60; Q go +0.50 / stay +0.09; going, and saying so."
8,41,PRAGMATIST,52.63,0.782,neural_forecaster,0.4742,0.0661,0.3766,0.0832,honest_go,staying,home,False,False,True,0.3,envy,0.216,0.5,0.5,"Told the town staying; town says 48% going. Forecast 53 vs line 60; Q go +0.87 / stay +0.73; staying home, and saying so."
8,42,GAMBLER,44.87,0.809,neural_forecaster,0.7095,0.0238,0.1634,0.1033,honest_go,going,home,False,True,True,0.3,envy,0.102,0.5,0.5,"Told the town going; town says 48% going. Forecast 45 vs line 60; Q go +0.65 / stay +0.10; claiming I'm going, staying home."
8,43,MACHIAVELLIAN,63.07,0.812,neural_forecaster,0.252,0.2305,0.1647,0.3527,false_stay,going,home,False,True,False,0.3,envy,0.171,0.5,0.5,"Told the town going; town says 48% going. Forecast 63 vs line 60; Q go +0.95 / stay +0.64; claiming I'm going, staying home."
8,44,MACHIAVELLIAN,49.63,0.833,neural_forecaster,0.3012,0.1092,0.0624,0.5272,false_stay,staying,bar,True,True,False,1.0,pride,0.179,0.5,0.5,"Told the town staying; town says 48% going. Forecast 50 vs line 60; Q go +0.64 / stay +0.23; claiming I'm staying, going anyway."
8,45,MACHIAVELLIAN,60.05,0.816,neural_forecaster,0.0429,0.3237,0.6107,0.0227,false_go,going,home,False,True,False,0.3,envy,0.16,0.5,0.5,"Told the town going; town says 48% going. Forecast 60 vs line 60; Q go -0.64 / stay +0.62; claiming I'm going, staying home."
8,46,MACHIAVELLIAN,57.84,0.786,neural_forecaster,0.1475,0.3523,0.1472,0.353,false_stay,staying,home,False,False,False,0.3,envy,0.274,0.5,0.5,"Told the town staying; town says 48% going. Forecast 58 vs line 60; Q go +0.85 / stay +0.85; staying home, and saying so."
8,47,PRAGMATIST,52.22,0.798,neural_forecaster,0.5448,0.0454,0.3362,0.0736,honest_go,going,home,False,True,False,0.3,envy,0.115,0.5,0.5,"Told the town going; town says 48% going. Forecast 52 vs line 60; Q go +0.84 / stay +0.53; claiming I'm going, staying home."
8,48,PRAGMATIST,54.18,0.766,neural_forecaster,0.5047,0.0635,0.3366,0.0952,honest_go,going,bar,True,False,False,1.0,pride,0.017,0.5,0.5,"Told the town going; town says 48% going. Forecast 54 vs line 60; Q go +0.97 / stay +0.59; going, and saying so."
8,49,GAMBLER,67.71,0.791,neural_forecaster,0.5538,0.0571,0.1156,0.2735,honest_go,staying,bar,True,True,True,1.0,pride,0.355,0.5,0.5,"Told the town staying; town says 48% going. Forecast 68 vs line 60; Q go +1.71 / stay +0.34; claiming I'm staying, going anyway."
8,50,GAMBLER,50.4,0.811,neural_forecaster,0.3548,0.154,0.1701,0.3211,honest_go,staying,bar,True,True,False,1.0,pride,0.127,0.5,0.5,"Told the town staying; town says 48% going. Forecast 50 vs line 60; Q go +0.75 / stay +0.06; claiming I'm staying, going anyway."
8,51,MACHIAVELLIAN,48.98,0.777,neural_forecaster,0.0412,0.269,0.0165,0.6733,false_stay,staying,bar,True,True,False,1.0,pride,0.006,0.5,0.5,"Told the town staying; town says 48% going. Forecast 49 vs line 60; Q go +1.01 / stay +0.75; claiming I'm staying, going anyway."
8,52,CAUTIOUS,48.79,0.788,neural_forecaster,0.0658,0.5281,0.2835,0.1226,honest_stay,going,home,False,True,False,0.3,envy,0.248,0.5,0.5,"Told the town going; town says 48% going. Forecast 49 vs line 60; Q go -0.14 / stay +0.80; claiming I'm going, staying home."
8,53,MACHIAVELLIAN,52.93,0.825,neural_forecaster,0.4122,0.0355,0.5245,0.0279,false_go,going,home,False,True,True,0.3,envy,0.148,0.5,0.5,"Told the town going; town says 48% going. Forecast 53 vs line 60; Q go +0.46 / stay +0.60; claiming I'm going, staying home."
8,54,GAMBLER,59.48,0.814,neural_forecaster,0.7052,0.0082,0.0218,0.2648,honest_go,staying,bar,True,True,False,1.0,pride,0.228,0.5,0.5,"Told the town staying; town says 48% going. Forecast 59 vs line 60; Q go +1.46 / stay -0.41; claiming I'm staying, going anyway."
8,55,MACHIAVELLIAN,51.29,0.823,neural_forecaster,0.2782,0.1259,0.0661,0.5298,false_stay,staying,bar,True,True,False,1.0,pride,0.134,0.5,0.5,"Told the town staying; town says 48% going. Forecast 51 vs line 60; Q go +0.73 / stay -0.10; claiming I'm staying, going anyway."
8,56,MACHIAVELLIAN,51.65,0.662,neural_forecaster,0.0828,0.3633,0.061,0.4929,false_stay,staying,bar,True,True,False,1.0,pride,0.215,0.5,0.5,"Told the town staying; town says 48% going. Forecast 52 vs line 60; Q go +0.57 / stay +0.48; claiming I'm staying, going anyway."
8,57,MACHIAVELLIAN,48.86,0.823,neural_forecaster,0.3174,0.122,0.48,0.0807,false_go,staying,home,False,False,False,0.3,envy,0.056,0.5,0.5,"Told the town staying; town says 48% going. Forecast 49 vs line 60; Q go +0.25 / stay +0.41; staying home, and saying so."
8,58,MACHIAVELLIAN,56.87,0.804,neural_forecaster,0.1755,0.3205,0.1669,0.3371,false_stay,staying,home,False,False,True,0.3,envy,0.134,0.5,0.5,"Told the town staying; town says 48% going. Forecast 57 vs line 60; Q go +0.61 / stay +0.57; staying home, and saying so."
8,59,GAMBLER,53.5,0.866,neural_forecaster,0.5612,0.0627,0.2011,0.175,honest_go,going,bar,True,False,False,1.0,pride,0.003,0.5,0.5,"Told the town going; town says 48% going. Forecast 54 vs line 60; Q go +0.99 / stay +0.58; going, and saying so."
8,60,MACHIAVELLIAN,53.81,0.859,neural_forecaster,0.1486,0.3212,0.4152,0.1149,false_go,going,bar,True,False,True,1.0,pride,0.5,0.5,0.5,"Told the town going; town says 48% going. Forecast 54 vs line 60; Q go -0.00 / stay +0.72; going, and saying so."
8,61,PRAGMATIST,45.36,0.664,neural_forecaster,0.0809,0.4716,0.1146,0.3329,honest_stay,staying,home,False,False,True,0.3,envy,0.151,0.5,0.5,"Told the town staying; town says 48% going. Forecast 45 vs line 60; Q go +0.46 / stay +0.60; staying home, and saying so."
8,62,MACHIAVELLIAN,52.84,0.804,neural_forecaster,0.2243,0.275,0.2823,0.2184,false_go,staying,bar,True,True,True,1.0,pride,0.588,0.5,0.5,"Told the town staying; town says 48% going. Forecast 53 vs line 60; Q go -0.18 / stay -0.02; claiming I'm staying, going anyway."
8,63,MACHIAVELLIAN,66.03,0.648,neural_forecaster,0.0634,0.0177,0.9176,0.0012,false_go,staying,home,False,False,True,0.3,envy,0.125,0.5,0.5,"Told the town staying; town says 48% going. Forecast 66 vs line 60; Q go -0.07 / stay +0.55; staying home, and saying so."
8,64,PRAGMATIST,64.99,0.732,neural_forecaster,0.55,0.0516,0.3056,0.0928,honest_go,going,bar,True,False,False,1.0,pride,0.241,0.5,0.5,"Told the town going; town says 48% going. Forecast 65 vs line 60; Q go +0.52 / stay +0.21; going, and saying so."
8,65,MACHIAVELLIAN,50.83,0.852,neural_forecaster,0.4318,0.0365,0.0316,0.5,false_stay,staying,bar,True,True,False,1.0,pride,0.246,0.5,0.5,"Told the town staying; town says 48% going. Forecast 51 vs line 60; Q go +0.51 / stay -0.29; claiming I'm staying, going anyway."
8,66,CAUTIOUS,61.14,0.772,neural_forecaster,0.0111,0.699,0.0299,0.2601,honest_stay,staying,home,False,False,True,0.3,envy,0.222,0.5,0.5,"Told the town staying; town says 48% going. Forecast 61 vs line 60; Q go +0.42 / stay +0.74; staying home, and saying so."
8,67,PRAGMATIST,47.64,0.811,neural_forecaster,0.3572,0.1583,0.1961,0.2883,honest_go,going,bar,True,False,True,1.0,pride,0.066,0.5,0.5,"Told the town going; town says 48% going. Forecast 48 vs line 60; Q go +0.87 / stay +0.34; going, and saying so."
8,68,CAUTIOUS,42.99,0.765,neural_forecaster,0.0896,0.4775,0.2804,0.1525,honest_stay,staying,home,False,False,False,0.3,envy,0.309,0.5,0.5,"Told the town staying; town says 48% going. Forecast 43 vs line 60; Q go +0.14 / stay +0.92; staying home, and saying so."
8,69,MACHIAVELLIAN,61.22,0.817,neural_forecaster,0.2506,0.2285,0.3633,0.1576,false_go,staying,home,False,False,True,0.3,envy,0.112,0.5,0.5,"Told the town staying; town says 48% going. Forecast 61 vs line 60; Q go +0.18 / stay +0.52; staying home, and saying so."
8,70,MACHIAVELLIAN,48.33,0.796,neural_forecaster,0.3393,0.1267,0.0989,0.435,false_stay,staying,home,False,False,False,0.3,envy,0.017,0.5,0.5,"Told the town staying; town says 48% going. Forecast 48 vs line 60; Q go +1.32 / stay +0.33; staying home, and saying so."
8,71,PRAGMATIST,58.21,0.83,neural_forecaster,0.0443,0.5316,0.0658,0.3583,honest_stay,staying,bar,True,True,False,1.0,pride,0.463,0.5,0.5,"Told the town staying; town says 48% going. Forecast 58 vs line 60; Q go +0.07 / stay +0.40; claiming I'm staying, going anyway."
8,72,PRAGMATIST,38.94,0.646,neural_forecaster,0.1233,0.4172,0.1927,0.2668,honest_stay,staying,bar,True,True,False,1.0,pride,0.254,0.5,0.5,"Told the town staying; town says 48% going. Forecast 39 vs line 60; Q go +0.49 / stay +0.62; claiming I'm staying, going anyway."
8,73,MACHIAVELLIAN,55.61,0.746,neural_forecaster,0.0331,0.3025,0.0154,0.6489,false_stay,staying,bar,True,True,True,1.0,pride,0.209,0.5,0.5,"Told the town staying; town says 48% going. Forecast 56 vs line 60; Q go +0.58 / stay +0.31; claiming I'm staying, going anyway."
8,74,MACHIAVELLIAN,52.56,0.798,neural_forecaster,0.4543,0.0205,0.5067,0.0184,false_go,going,home,False,True,False,0.3,envy,0.073,0.5,0.5,"Told the town going; town says 48% going. Forecast 53 vs line 60; Q go +0.41 / stay +0.45; claiming I'm going, staying home."
8,75,PRAGMATIST,55.82,0.77,neural_forecaster,0.5601,0.0325,0.3564,0.0511,honest_go,going,bar,True,False,False,1.0,pride,0.322,0.5,0.5,"Told the town going; town says 48% going. Forecast 56 vs line 60; Q go +0.36 / stay +0.24; going, and saying so."
8,76,PRAGMATIST,54.93,0.798,neural_forecaster,0.1983,0.3071,0.2314,0.2632,honest_stay,going,home,False,True,False,0.3,envy,0.074,0.5,0.5,"Told the town going; town says 48% going. Forecast 55 vs line 60; Q go +0.10 / stay +0.15; claiming I'm going, staying home."
8,77,MACHIAVELLIAN,59.38,0.741,neural_forecaster,0.1915,0.2427,0.466,0.0998,false_go,staying,home,False,False,True,0.3,envy,0.074,0.5,0.5,"Told the town staying; town says 48% going. Forecast 59 vs line 60; Q go -0.32 / stay +0.45; staying home, and saying so."
8,78,MACHIAVELLIAN,50.68,0.703,neural_forecaster,0.2692,0.1883,0.1199,0.4226,false_stay,staying,bar,True,True,True,1.0,pride,0.049,0.5,0.5,"Told the town staying; town says 48% going. Forecast 51 vs line 60; Q go +1.10 / stay +0.52; claiming I'm staying, going anyway."
8,79,MACHIAVELLIAN,50.07,0.763,neural_forecaster,0.2249,0.2714,0.2029,0.3008,false_stay,going,bar,True,False,True,1.0,pride,0.292,0.5,0.5,"Told the town going; town says 48% going. Forecast 50 vs line 60; Q go +0.42 / stay +0.34; going, and saying so."
8,80,MACHIAVELLIAN,51.37,0.779,neural_forecaster,0.1971,0.0584,0.7287,0.0158,false_go,going,home,False,True,True,0.3,envy,0.127,0.5,0.5,"Told the town going; town says 48% going. Forecast 51 vs line 60; Q go +0.14 / stay +0.55; claiming I'm going, staying home."
8,81,PRAGMATIST,55.77,0.796,neural_forecaster,0.0646,0.5276,0.1173,0.2906,honest_stay,staying,home,False,False,False,0.3,envy,0.115,0.5,0.5,"Told the town staying; town says 48% going. Forecast 56 vs line 60; Q go +0.10 / stay +0.53; staying home, and saying so."
8,82,GAMBLER,61.84,0.784,neural_forecaster,0.4889,0.0523,0.065,0.3938,honest_go,staying,bar,True,True,False,1.0,pride,0.02,0.5,0.5,"Told the town staying; town says 48% going. Forecast 62 vs line 60; Q go +1.04 / stay -0.10; claiming I'm staying, going anyway."
8,83,MACHIAVELLIAN,49.58,0.727,neural_forecaster,0.1856,0.0684,0.0174,0.7285,false_stay,going,home,False,True,True,0.3,envy,0.521,0.5,0.5,"Told the town going; town says 48% going. Forecast 50 vs line 60; Q go +0.42 / stay -0.74; claiming I'm going, staying home."
8,84,MACHIAVELLIAN,49.32,0.754,neural_forecaster,0.4146,0.0637,0.465,0.0568,false_go,going,bar,True,False,True,1.0,pride,0.278,0.5,0.5,"Told the town going; town says 48% going. Forecast 49 vs line 60; Q go +0.44 / stay +0.54; going, and saying so."
8,85,MACHIAVELLIAN,34.07,0.685,neural_forecaster,0.1613,0.1849,0.6045,0.0493,false_go,going,home,False,True,False,0.3,envy,0.062,0.5,0.5,"Told the town going; town says 48% going. Forecast 34 vs line 60; Q go -0.58 / stay +0.18; claiming I'm going, staying home."
8,86,CAUTIOUS,46.67,0.778,neural_forecaster,0.0172,0.7528,0.1327,0.0973,honest_stay,staying,home,False,False,False,0.3,envy,0.523,0.5,0.5,"Told the town staying; town says 48% going. Forecast 47 vs line 60; Q go +0.63 / stay +1.35; staying home, and saying so."
8,87,MACHIAVELLIAN,55.18,0.773,neural_forecaster,0.2259,0.2359,0.1309,0.4073,false_stay,staying,home,False,False,True,0.3,envy,0.125,0.5,0.5,"Told the town staying; town says 48% going. Forecast 55 vs line 60; Q go +0.93 / stay +0.55; staying home, and saying so."
8,88,PRAGMATIST,55.28,0.788,neural_forecaster,0.3325,0.1768,0.2078,0.283,honest_go,staying,home,False,False,True,0.3,envy,0.144,0.5,0.5,"Told the town staying; town says 48% going. Forecast 55 vs line 60; Q go +0.47 / stay +0.01; staying home, and saying so."
8,89,GAMBLER,52.15,0.83,neural_forecaster,0.7096,0.018,0.0604,0.2119,honest_go,going,bar,True,False,False,1.0,pride,0.213,0.5,0.5,"Told the town going; town says 48% going. Forecast 52 vs line 60; Q go +1.43 / stay +0.19; going, and saying so."
8,90,MACHIAVELLIAN,59.59,0.767,neural_forecaster,0.1653,0.2972,0.4208,0.1167,false_go,going,home,False,True,False,0.3,envy,0.161,0.5,0.5,"Told the town going; town says 48% going. Forecast 60 vs line 60; Q go -0.24 / stay +0.62; claiming I'm going, staying home."
8,91,MACHIAVELLIAN,47.86,0.726,neural_forecaster,0.2329,0.1344,0.5786,0.0541,false_go,going,home,False,True,False,0.3,envy,0.331,0.5,0.5,"Told the town going; town says 48% going. Forecast 48 vs line 60; Q go +0.27 / stay +0.96; claiming I'm going, staying home."
8,92,GAMBLER,59.04,0.812,neural_forecaster,0.5936,0.0454,0.1055,0.2555,honest_go,going,bar,True,False,False,1.0,pride,0.07,0.5,0.5,"Told the town going; town says 48% going. Forecast 59 vs line 60; Q go +0.86 / stay +0.29; going, and saying so."
8,93,PRAGMATIST,53.09,0.821,neural_forecaster,0.1316,0.3807,0.1472,0.3404,honest_stay,staying,home,False,False,True,0.3,envy,0.073,0.5,0.5,"Told the town staying; town says 48% going. Forecast 53 vs line 60; Q go +0.06 / stay +0.15; staying home, and saying so."
8,94,MACHIAVELLIAN,60.81,0.788,neural_forecaster,0.2318,0.2355,0.3941,0.1385,false_go,staying,home,False,False,True,0.3,envy,0.085,0.5,0.5,"Told the town staying; town says 48% going. Forecast 61 vs line 60; Q go +0.18 / stay +0.47; staying home, and saying so."
8,95,GAMBLER,49.28,0.699,neural_forecaster,0.6087,0.0369,0.0828,0.2716,honest_go,going,bar,True,False,False,1.0,pride,0.04,0.5,0.5,"Told the town going; town says 48% going. Forecast 49 vs line 60; Q go +0.92 / stay +0.07; going, and saying so."
8,96,GAMBLER,56.26,0.798,neural_forecaster,0.3599,0.155,0.1873,0.2978,honest_go,going,bar,True,False,False,1.0,pride,0.111,0.5,0.5,"Told the town going; town says 48% going. Forecast 56 vs line 60; Q go +0.78 / stay +0.18; going, and saying so."
8,97,PRAGMATIST,49.01,0.75,neural_forecaster,0.0913,0.4306,0.1056,0.3725,honest_stay,staying,home,False,False,False,0.3,envy,0.013,0.5,0.5,"Told the town staying; town says 48% going. Forecast 49 vs line 60; Q go +0.22 / stay +0.33; staying home, and saying so."
8,98,PRAGMATIST,58.27,0.816,neural_forecaster,0.124,0.4095,0.1733,0.2931,honest_stay,staying,home,False,False,True,0.3,envy,0.328,0.5,0.5,"Told the town staying; town says 48% going. Forecast 58 vs line 60; Q go +0.68 / stay +0.96; staying home, and saying so."
8,99,PRAGMATIST,49.3,0.772,neural_forecaster,0.3206,0.1876,0.263,0.2288,honest_go,going,bar,True,False,False,1.0,pride,0.094,0.5,0.5,"Told the town going; town says 48% going. Forecast 49 vs line 60; Q go +0.81 / stay +0.74; going, and saying so."
8,100,PRAGMATIST,49.75,0.791,neural_forecaster,0.0727,0.4518,0.0839,0.3916,honest_stay,staying,home,False,False,True,0.3,envy,0.016,0.5,0.5,"Told the town staying; town says 48% going. Forecast 50 vs line 60; Q go +0.26 / stay +0.33; staying home, and saying so."
9,1,GAMBLER,54.76,0.794,neural_forecaster,0.5803,0.0557,0.2102,0.1538,honest_go,going,bar,True,False,True,-1.0,frustration,0.86,0.5,0.5,"Told the town going; town says 50% going. Forecast 55 vs line 60; Q go +0.72 / stay +0.30; going, and saying so."
9,2,PRAGMATIST,37.69,0.674,neural_forecaster,0.2312,0.2693,0.26,0.2395,honest_stay,staying,home,False,False,True,0.3,hope,0.388,0.5,0.5,"Told the town staying; town says 50% going. Forecast 38 vs line 60; Q go +1.03 / stay +1.08; staying home, and saying so."
9,3,GAMBLER,52.2,0.793,neural_forecaster,0.5264,0.0739,0.2319,0.1678,honest_go,going,bar,True,False,True,-1.0,frustration,0.947,0.5,0.5,"Told the town going; town says 50% going. Forecast 52 vs line 60; Q go +0.89 / stay +0.38; going, and saying so."
9,4,PRAGMATIST,57.07,0.794,neural_forecaster,0.0731,0.504,0.1226,0.3003,honest_stay,going,home,False,True,True,0.3,hope,0.267,0.5,0.5,"Told the town going; town says 50% going. Forecast 57 vs line 60; Q go +0.53 / stay +0.83; claiming I'm going, staying home."
9,5,MACHIAVELLIAN,60.13,0.847,neural_forecaster,0.1658,0.1609,0.0423,0.631,false_stay,going,bar,True,False,False,-1.0,frustration,0.821,0.5,0.5,"Told the town going; town says 50% going. Forecast 60 vs line 60; Q go +0.64 / stay +0.19; going, and saying so."
9,6,PRAGMATIST,45.6,0.641,neural_forecaster,0.1701,0.344,0.2207,0.2652,honest_stay,staying,bar,True,True,True,-1.0,frustration,0.986,0.5,0.5,"Told the town staying; town says 50% going. Forecast 46 vs line 60; Q go +0.97 / stay +1.14; claiming I'm staying, going anyway."
9,7,MACHIAVELLIAN,54.86,0.784,neural_forecaster,0.0514,0.3422,0.5759,0.0306,false_go,going,home,False,True,False,0.3,hope,0.512,0.5,0.5,"Told the town going; town says 50% going. Forecast 55 vs line 60; Q go +0.72 / stay +1.32; claiming I'm going, staying home."
9,8,MACHIAVELLIAN,58.7,0.82,neural_forecaster,0.1505,0.3021,0.1021,0.4452,false_stay,staying,bar,True,True,True,-1.0,frustration,0.921,0.5,0.5,"Told the town staying; town says 50% going. Forecast 59 vs line 60; Q go +0.84 / stay +0.57; claiming I'm staying, going anyway."
9,9,MACHIAVELLIAN,59.05,0.82,neural_forecaster,0.1268,0.373,0.1265,0.3737,false_stay,going,bar,True,False,False,-1.0,frustration,0.685,0.5,0.5,"Told the town going; town says 50% going. Forecast 59 vs line 60; Q go +0.37 / stay +0.37; going, and saying so."
9,10,PRAGMATIST,60.79,0.826,neural_forecaster,0.1429,0.3863,0.2203,0.2505,honest_stay,going,bar,True,False,False,-1.0,frustration,0.525,0.5,0.5,"Told the town going; town says 50% going. Forecast 61 vs line 60; Q go +0.05 / stay +0.26; going, and saying so."
9,11,CAUTIOUS,59.88,0.862,neural_forecaster,0.1002,0.4668,0.2052,0.2278,honest_stay,staying,bar,True,True,True,-1.0,frustration,0.592,0.5,0.5,"Told the town staying; town says 50% going. Forecast 60 vs line 60; Q go +0.18 / stay +0.76; claiming I'm staying, going anyway."
9,12,PRAGMATIST,53.64,0.805,neural_forecaster,0.3086,0.197,0.2295,0.2649,honest_go,staying,bar,True,True,True,-1.0,frustration,0.863,0.5,0.5,"Told the town staying; town says 50% going. Forecast 54 vs line 60; Q go +0.73 / stay +0.48; claiming I'm staying, going anyway."
9,13,PRAGMATIST,50.39,0.744,neural_forecaster,0.1307,0.4076,0.235,0.2267,honest_stay,going,bar,True,False,False,-1.0,frustration,0.703,0.5,0.5,"Told the town going; town says 50% going. Forecast 50 vs line 60; Q go +0.41 / stay +0.95; going, and saying so."
9,14,PRAGMATIST,41.39,0.719,neural_forecaster,0.1902,0.3105,0.1924,0.3069,honest_stay,staying,bar,True,True,False,-1.0,frustration,0.77,0.5,0.5,"Told the town staying; town says 50% going. Forecast 41 vs line 60; Q go +0.54 / stay +0.55; claiming I'm staying, going anyway."
9,15,PRAGMATIST,54.19,0.804,neural_forecaster,0.0254,0.5518,0.0363,0.3865,honest_stay,staying,bar,True,True,False,-1.0,frustration,0.451,0.5,0.5,"Told the town staying; town says 50% going. Forecast 54 vs line 60; Q go -0.10 / stay +0.02; claiming I'm staying, going anyway."
9,16,PRAGMATIST,49.64,0.776,neural_forecaster,0.0895,0.4654,0.1339,0.3111,honest_stay,staying,home,False,False,False,0.3,hope,0.217,0.5,0.5,"Told the town staying; town says 50% going. Forecast 50 vs line 60; Q go +0.55 / stay +0.73; staying home, and saying so."
9,17,GAMBLER,46.65,0.741,neural_forecaster,0.8647,0.0046,0.0819,0.0488,honest_go,going,bar,True,False,True,-1.0,frustration,1.0,0.5,0.5,"Told the town going; town says 50% going. Forecast 47 vs line 60; Q go +1.29 / stay +0.71; going, and saying so."
9,18,GAMBLER,54.75,0.813,neural_forecaster,0.5843,0.0537,0.2186,0.1435,honest_go,going,bar,True,False,False,-1.0,frustration,1.0,0.5,0.5,"Told the town going; town says 50% going. Forecast 55 vs line 60; Q go +1.27 / stay +0.67; going, and saying so."
9,19,MACHIAVELLIAN,51.35,0.774,neural_forecaster,0.0936,0.0803,0.0092,0.8169,false_stay,going,bar,True,False,False,-1.0,frustration,0.918,0.5,0.5,"Told the town going; town says 50% going. Forecast 51 vs line 60; Q go +0.84 / stay +0.16; going, and saying so."
9,20,PRAGMATIST,53.84,0.718,neural_forecaster,0.0994,0.4074,0.104,0.3892,honest_stay,staying,bar,True,True,True,-1.0,frustration,0.839,0.5,0.5,"Told the town staying; town says 50% going. Forecast 54 vs line 60; Q go +0.68 / stay +0.72; claiming I'm staying, going anyway."
9,21,MACHIAVELLIAN,66.53,0.841,neural_forecaster,0.214,0.0982,0.6557,0.032,false_go,going,home,False,True,False,0.3,hope,0.224,0.5,0.5,"Told the town going; town says 50% going. Forecast 67 vs line 60; Q go +0.13 / stay +0.75; claiming I'm going, staying home."
9,22,CAUTIOUS,52.3,0.751,neural_forecaster,0.0231,0.6534,0.0564,0.2671,honest_stay,staying,bar,True,True,False,-1.0,frustration,0.646,0.5,0.5,"Told the town staying; town says 50% going. Forecast 52 vs line 60; Q go +0.29 / stay +0.85; claiming I'm staying, going anyway."
9,23,MACHIAVELLIAN,62.98,0.853,neural_forecaster,0.3394,0.1245,0.096,0.4402,false_stay,staying,bar,True,True,False,-1.0,frustration,0.875,0.5,0.5,"Told the town staying; town says 50% going. Forecast 63 vs line 60; Q go +0.75 / stay -0.25; claiming I'm staying, going anyway."
9,24,PRAGMATIST,55.23,0.731,neural_forecaster,0.0235,0.5965,0.0414,0.3386,honest_stay,staying,home,False,False,False,0.3,hope,0.082,0.5,0.5,"Told the town staying; town says 50% going. Forecast 55 vs line 60; Q go +0.26 / stay +0.46; staying home, and saying so."
9,25,CAUTIOUS,59.09,0.714,neural_forecaster,0.0622,0.5511,0.1376,0.2492,honest_stay,staying,home,False,False,True,0.3,hope,0.317,0.5,0.5,"Told the town staying; town says 50% going. Forecast 59 vs line 60; Q go +0.71 / stay +0.93; staying home, and saying so."
9,26,MACHIAVELLIAN,54.57,0.762,neural_forecaster,0.068,0.0237,0.9065,0.0018,false_go,going,home,False,True,False,0.3,hope,0.323,0.5,0.5,"Told the town going; town says 50% going. Forecast 55 vs line 60; Q go +0.22 / stay +0.95; claiming I'm going, staying home."
9,27,GAMBLER,47.09,0.752,neural_forecaster,0.5842,0.0551,0.1627,0.1979,honest_go,staying,bar,True,True,False,-1.0,frustration,1.0,0.5,0.5,"Told the town staying; town says 50% going. Forecast 47 vs line 60; Q go +1.08 / stay +0.40; claiming I'm staying, going anyway."
9,28,MACHIAVELLIAN,57.92,0.825,neural_forecaster,0.2077,0.2644,0.1425,0.3853,false_stay,staying,bar,True,True,False,-1.0,frustration,0.919,0.5,0.5,"Told the town staying; town says 50% going. Forecast 58 vs line 60; Q go +0.84 / stay +0.50; claiming I'm staying, going anyway."
9,29,MACHIAVELLIAN,62.7,0.767,neural_forecaster,0.1419,0.2814,0.0805,0.4963,false_stay,staying,home,False,False,False,0.3,hope,0.158,0.5,0.5,"Told the town staying; town says 50% going. Forecast 63 vs line 60; Q go +0.97 / stay +0.62; staying home, and saying so."
9,30,CAUTIOUS,69.0,0.84,neural_forecaster,0.1477,0.3559,0.3431,0.1532,honest_stay,staying,home,False,False,True,0.3,hope,0.258,0.5,0.5,"Told the town staying; town says 50% going. Forecast 69 vs line 60; Q go +0.45 / stay +0.82; staying home, and saying so."
9,31,MACHIAVELLIAN,49.94,0.79,neural_forecaster,0.0406,0.2021,0.011,0.7464,false_stay,staying,bar,True,True,True,-1.0,frustration,1.0,0.5,0.5,"Told the town staying; town says 50% going. Forecast 50 vs line 60; Q go +1.39 / stay +0.75; claiming I'm staying, going anyway."
9,32,MACHIAVELLIAN,52.26,0.725,neural_forecaster,0.0671,0.0561,0.0043,0.8725,false_stay,staying,bar,True,True,False,-1.0,frustration,0.875,0.5,0.5,"Told the town staying; town says 50% going. Forecast 52 vs line 60; Q go +0.75 / stay -0.18; claiming I'm staying, going anyway."
9,33,PRAGMATIST,58.31,0.778,neural_forecaster,0.4463,0.094,0.3341,0.1256,honest_go,going,home,False,True,True,0.3,hope,0.418,0.5,0.5,"Told the town going; town says 50% going. Forecast 58 vs line 60; Q go +1.34 / stay +1.14; claiming I'm going, staying home."
9,34,MACHIAVELLIAN,53.04,0.8,neural_forecaster,0.2713,0.2156,0.1708,0.3424,false_stay,staying,bar,True,True,False,-1.0,frustration,0.836,0.5,0.5,"Told the town staying; town says 50% going. Forecast 53 vs line 60; Q go +0.67 / stay +0.39; claiming I'm staying, going anyway."
9,35,MACHIAVELLIAN,58.35,0.818,neural_forecaster,0.2846,0.2124,0.1986,0.3044,false_stay,going,bar,True,False,False,-1.0,frustration,0.931,0.5,0.5,"Told the town going; town says 50% going. Forecast 58 vs line 60; Q go +0.86 / stay +0.75; going, and saying so."
9,36,PRAGMATIST,64.33,0.85,neural_forecaster,0.5258,0.0274,0.4118,0.035,honest_go,going,bar,True,False,False,-1.0,frustration,0.661,0.5,0.5,"Told the town going; town says 50% going. Forecast 64 vs line 60; Q go +0.32 / stay +0.20; going, and saying so."
9,37,MACHIAVELLIAN,54.04,0.746,neural_forecaster,0.0164,0.3702,0.01,0.6034,false_stay,staying,bar,True,True,False,-1.0,frustration,0.8,0.5,0.5,"Told the town staying; town says 50% going. Forecast 54 vs line 60; Q go +0.60 / stay +0.50; claiming I'm staying, going anyway."
9,38,MACHIAVELLIAN,71.94,0.828,neural_forecaster,0.3309,0.1336,0.1019,0.4336,false_stay,staying,bar,True,True,False,-1.0,frustration,0.851,0.5,0.5,"Told the town staying; town says 50% going. Forecast 72 vs line 60; Q go +0.70 / stay -0.30; claiming I'm staying, going anyway."
9,39,MACHIAVELLIAN,62.42,0.83,neural_forecaster,0.1454,0.2767,0.0809,0.497,false_stay,staying,home,False,False,True,0.3,hope,0.201,0.5,0.5,"Told the town staying; town says 50% going. Forecast 62 vs line 60; Q go +0.89 / stay +0.70; staying home, and saying so."
9,40,GAMBLER,56.77,0.787,neural_forecaster,0.6792,0.0195,0.2479,0.0534,honest_go,going,bar,True,False,False,-1.0,frustration,1.0,0.5,0.5,"Told the town going; town says 50% going. Forecast 57 vs line 60; Q go +1.00 / stay +0.77; going, and saying so."
9,41,GAMBLER,49.89,0.773,neural_forecaster,0.6898,0.0235,0.0774,0.2093,honest_go,going,bar,True,False,True,-1.0,frustration,1.0,0.5,0.5,"Told the town going; town says 50% going. Forecast 50 vs line 60; Q go +1.63 / stay +0.27; going, and saying so."
9,42,MACHIAVELLIAN,61.67,0.842,neural_forecaster,0.2023,0.1291,0.627,0.0417,false_go,going,home,False,True,False,0.3,hope,0.265,0.5,0.5,"Told the town going; town says 50% going. Forecast 62 vs line 60; Q go +0.42 / stay +0.83; claiming I'm going, staying home."
9,43,MACHIAVELLIAN,65.12,0.841,neural_forecaster,0.2653,0.2275,0.3166,0.1906,false_go,going,home,False,True,False,0.3,hope,0.229,0.5,0.5,"Told the town going; town says 50% going. Forecast 65 vs line 60; Q go +0.64 / stay +0.76; claiming I'm going, staying home."
9,44,PRAGMATIST,54.92,0.834,neural_forecaster,0.4572,0.0746,0.3779,0.0903,honest_go,staying,bar,True,True,False,-1.0,frustration,0.703,0.5,0.5,"Told the town staying; town says 50% going. Forecast 55 vs line 60; Q go +0.41 / stay +0.36; claiming I'm staying, going anyway."
9,45,CAUTIOUS,57.97,0.833,neural_forecaster,0.027,0.5351,0.4019,0.036,honest_stay,going,home,False,True,False,0.3,hope,0.27,0.5,0.5,"Told the town going; town says 50% going. Forecast 58 vs line 60; Q go -0.41 / stay +0.84; claiming I'm going, staying home."
9,46,CAUTIOUS,62.83,0.828,neural_forecaster,0.0711,0.5267,0.1465,0.2557,honest_stay,staying,bar,True,True,True,-1.0,frustration,0.805,0.5,0.5,"Told the town staying; town says 50% going. Forecast 63 vs line 60; Q go +0.61 / stay +0.94; claiming I'm staying, going anyway."
9,47,MACHIAVELLIAN,59.41,0.824,neural_forecaster,0.2996,0.1912,0.1678,0.3414,false_stay,going,bar,True,False,True,-1.0,frustration,0.866,0.5,0.5,"Told the town going; town says 50% going. Forecast 59 vs line 60; Q go +0.73 / stay +0.37; going, and saying so."
9,48,MACHIAVELLIAN,53.76,0.776,neural_forecaster,0.2448,0.0615,0.6713,0.0224,false_go,going,home,False,True,True,0.3,hope,0.347,0.5,0.5,"Told the town going; town says 50% going. Forecast 54 vs line 60; Q go +0.09 / stay +0.99; claiming I'm going, staying home."
9,49,MACHIAVELLIAN,63.7,0.83,neural_forecaster,0.2144,0.2623,0.1512,0.3721,false_stay,going,home,False,True,True,0.3,hope,0.542,0.5,0.5,"Told the town going; town says 50% going. Forecast 64 vs line 60; Q go +1.67 / stay +1.38; claiming I'm going, staying home."
9,50,PRAGMATIST,51.75,0.804,neural_forecaster,0.434,0.1157,0.2463,0.2039,honest_go,going,home,False,True,True,0.3,hope,0.164,0.5,0.5,"Told the town going; town says 50% going. Forecast 52 vs line 60; Q go +1.14 / stay +0.63; claiming I'm going, staying home."
9,51,MACHIAVELLIAN,59.42,0.807,neural_forecaster,0.0383,0.325,0.0202,0.6165,false_stay,staying,bar,True,True,False,-1.0,frustration,0.971,0.5,0.5,"Told the town staying; town says 50% going. Forecast 59 vs line 60; Q go +0.94 / stay +0.77; claiming I'm staying, going anyway."
9,52,MACHIAVELLIAN,58.11,0.811,neural_forecaster,0.2556,0.1582,0.0799,0.5062,false_stay,staying,bar,True,True,True,-1.0,frustration,1.0,0.5,0.5,"Told the town staying; town says 50% going. Forecast 58 vs line 60; Q go +1.09 / stay +0.38; claiming I'm staying, going anyway."
9,53,GAMBLER,57.55,0.838,neural_forecaster,0.6276,0.0337,0.256,0.0827,honest_go,going,bar,True,False,True,-1.0,frustration,1.0,0.5,0.5,"Told the town going; town says 50% going. Forecast 58 vs line 60; Q go +1.28 / stay +0.80; going, and saying so."
9,54,MACHIAVELLIAN,46.25,0.784,neural_forecaster,0.157,0.088,0.7363,0.0188,false_go,going,home,False,True,True,0.3,hope,0.001,0.5,0.5,"Told the town going; town says 50% going. Forecast 46 vs line 60; Q go -0.12 / stay +0.30; claiming I'm going, staying home."
9,55,GAMBLER,62.75,0.858,neural_forecaster,0.5786,0.0408,0.0781,0.3025,honest_go,going,bar,True,False,False,-1.0,frustration,0.959,0.5,0.5,"Told the town going; town says 50% going. Forecast 63 vs line 60; Q go +0.92 / stay -0.24; going, and saying so."
9,56,GAMBLER,46.43,0.663,neural_forecaster,0.6447,0.0333,0.0941,0.228,honest_go,staying,bar,True,True,False,-1.0,frustration,0.98,0.5,0.5,"Told the town staying; town says 50% going. Forecast 46 vs line 60; Q go +0.96 / stay +0.35; claiming I'm staying, going anyway."
9,57,GAMBLER,48.05,0.799,neural_forecaster,0.4858,0.0779,0.1194,0.317,honest_go,going,bar,True,False,True,-1.0,frustration,0.904,0.5,0.5,"Told the town going; town says 50% going. Forecast 48 vs line 60; Q go +0.81 / stay +0.28; going, and saying so."
9,58,PRAGMATIST,53.29,0.805,neural_forecaster,0.2177,0.2845,0.2508,0.247,honest_stay,staying,home,False,False,False,0.3,hope,0.304,0.5,0.5,"Told the town staying; town says 50% going. Forecast 53 vs line 60; Q go +0.79 / stay +0.91; staying home, and saying so."
9,59,MACHIAVELLIAN,50.86,0.845,neural_forecaster,0.247,0.1581,0.5199,0.0751,false_go,staying,bar,True,True,False,-1.0,frustration,0.645,0.5,0.5,"Told the town staying; town says 50% going. Forecast 51 vs line 60; Q go +0.29 / stay +0.58; claiming I'm staying, going anyway."
9,60,PRAGMATIST,49.0,0.831,neural_forecaster,0.3454,0.166,0.2932,0.1955,honest_go,staying,bar,True,True,False,-1.0,frustration,0.685,0.5,0.5,"Told the town staying; town says 50% going. Forecast 49 vs line 60; Q go +0.37 / stay +0.26; claiming I'm staying, going anyway."
9,61,MACHIAVELLIAN,45.2,0.66,neural_forecaster,0.0279,0.4134,0.0215,0.5372,false_stay,staying,home,False,False,False,0.3,hope,0.134,0.5,0.5,"Told the town staying; town says 50% going. Forecast 45 vs line 60; Q go +0.67 / stay +0.57; staying home, and saying so."
9,62,MACHIAVELLIAN,57.86,0.822,neural_forecaster,0.1942,0.3058,0.3058,0.1942,false_go,going,home,False,True,True,0.3,hope,0.047,0.5,0.5,"Told the town going; town says 50% going. Forecast 58 vs line 60; Q go +0.10 / stay +0.39; claiming I'm going, staying home."
9,63,GAMBLER,54.15,0.683,neural_forecaster,0.8585,0.0052,0.0797,0.0565,honest_go,going,bar,True,False,True,-1.0,frustration,0.916,0.5,0.5,"Told the town going; town says 50% going. Forecast 54 vs line 60; Q go +0.83 / stay +0.31; going, and saying so."
9,64,GAMBLER,45.25,0.715,neural_forecaster,0.405,0.126,0.1717,0.2972,honest_go,going,bar,True,False,False,-1.0,frustration,0.808,0.5,0.5,"Told the town going; town says 50% going. Forecast 45 vs line 60; Q go +0.62 / stay +0.18; going, and saying so."
9,65,MACHIAVELLIAN,47.46,0.82,neural_forecaster,0.3178,0.0681,0.0376,0.5766,false_stay,staying,bar,True,True,False,-1.0,frustration,1.0,0.5,0.5,"Told the town staying; town says 50% going. Forecast 47 vs line 60; Q go +1.03 / stay +0.42; claiming I'm staying, going anyway."
9,66,MACHIAVELLIAN,50.07,0.766,neural_forecaster,0.0399,0.1372,0.0067,0.8161,false_stay,staying,bar,True,True,True,-1.0,frustration,1.0,0.5,0.5,"Told the town staying; town says 50% going. Forecast 50 vs line 60; Q go +1.23 / stay +0.64; claiming I'm staying, going anyway."
9,67,MACHIAVELLIAN,51.67,0.803,neural_forecaster,0.3108,0.1733,0.1454,0.3705,false_stay,going,bar,True,False,False,-1.0,frustration,1.0,0.5,0.5,"Told the town going; town says 50% going. Forecast 52 vs line 60; Q go +1.53 / stay +0.89; going, and saying so."
9,68,MACHIAVELLIAN,53.26,0.773,neural_forecaster,0.2398,0.1872,0.0936,0.4794,false_stay,going,bar,True,False,True,-1.0,frustration,1.0,0.5,0.5,"Told the town going; town says 50% going. Forecast 53 vs line 60; Q go +1.08 / stay +0.47; going, and saying so."
9,69,GAMBLER,63.31,0.852,neural_forecaster,0.4027,0.1331,0.216,0.2482,honest_go,staying,home,False,False,False,0.3,hope,0.156,0.5,0.5,"Told the town staying; town says 50% going. Forecast 63 vs line 60; Q go +0.55 / stay -0.01; staying home, and saying so."
9,70,MACHIAVELLIAN,52.48,0.795,neural_forecaster,0.2003,0.295,0.1845,0.3203,false_stay,going,home,False,True,False,0.3,hope,0.292,0.5,0.5,"Told the town going; town says 50% going. Forecast 52 vs line 60; Q go +0.95 / stay +0.88; claiming I'm going, staying home."
9,71,MACHIAVELLIAN,57.63,0.843,neural_forecaster,0.1693,0.273,0.1012,0.4565,false_stay,staying,home,False,False,True,0.3,hope,0.264,0.5,0.5,"Told the town staying; town says 50% going. Forecast 58 vs line 60; Q go +1.24 / stay +0.83; staying home, and saying so."
9,72,GAMBLER,50.0,0.665,neural_forecaster,0.7453,0.0159,0.1684,0.0704,honest_go,going,bar,True,False,False,-1.0,frustration,0.966,0.5,0.5,"Told the town going; town says 50% going. Forecast 50 vs line 60; Q go +0.93 / stay +0.51; going, and saying so."
9,73,MACHIAVELLIAN,62.77,0.796,neural_forecaster,0.1729,0.2829,0.1135,0.4307,false_stay,staying,bar,True,True,False,-1.0,frustration,0.833,0.5,0.5,"Told the town staying; town says 50% going. Forecast 63 vs line 60; Q go +0.67 / stay +0.52; claiming I'm staying, going anyway."
9,74,GAMBLER,55.76,0.809,neural_forecaster,0.6684,0.0138,0.2856,0.0322,honest_go,going,home,False,True,False,0.3,hope,0.113,0.5,0.5,"Told the town going; town says 50% going. Forecast 56 vs line 60; Q go +0.76 / stay +0.53; claiming I'm going, staying home."
9,75,MACHIAVELLIAN,52.13,0.773,neural_forecaster,0.4132,0.0795,0.0762,0.4311,false_stay,going,bar,True,False,False,-1.0,frustration,0.775,0.5,0.5,"Told the town going; town says 50% going. Forecast 52 vs line 60; Q go +0.55 / stay +0.12; going, and saying so."
9,76,STRAIGHT SHOOTER,63.46,0.837,neural_forecaster,0.0108,0.7964,0.0699,0.123,honest_stay,staying,home,False,False,False,0.3,hope,0.41,0.5,0.5,"Told the town staying; town says 50% going. Forecast 63 vs line 60; Q go +0.48 / stay +1.12; staying home, and saying so."
9,77,PRAGMATIST,56.71,0.768,neural_forecaster,0.2984,0.2051,0.2277,0.2688,honest_go,going,bar,True,False,True,-1.0,frustration,0.735,0.5,0.5,"Told the town going; town says 50% going. Forecast 57 vs line 60; Q go +0.47 / stay +0.25; going, and saying so."
9,78,MACHIAVELLIAN,42.65,0.681,neural_forecaster,0.2769,0.1732,0.4411,0.1087,false_go,going,home,False,True,True,0.3,hope,0.18,0.5,0.5,"Told the town going; town says 50% going. Forecast 43 vs line 60; Q go +0.34 / stay +0.66; claiming I'm going, staying home."
9,79,PRAGMATIST,48.91,0.754,neural_forecaster,0.1666,0.3407,0.309,0.1837,honest_stay,staying,bar,True,True,False,-1.0,frustration,0.673,0.5,0.5,"Told the town staying; town says 50% going. Forecast 49 vs line 60; Q go +0.35 / stay +0.80; claiming I'm staying, going anyway."
9,80,MACHIAVELLIAN,57.69,0.802,neural_forecaster,0.1375,0.2587,0.0661,0.5377,false_stay,staying,bar,True,True,True,-1.0,frustration,0.857,0.5,0.5,"Told the town staying; town says 50% going. Forecast 58 vs line 60; Q go +0.71 / stay +0.49; claiming I'm staying, going anyway."
9,81,MACHIAVELLIAN,52.78,0.796,neural_forecaster,0.116,0.1907,0.0335,0.6598,false_stay,going,bar,True,False,True,-1.0,frustration,1.0,0.5,0.5,"Told the town going; town says 50% going. Forecast 53 vs line 60; Q go +1.20 / stay +0.30; going, and saying so."
9,82,MACHIAVELLIAN,52.62,0.785,neural_forecaster,0.2057,0.0383,0.0106,0.7454,false_stay,staying,bar,True,True,False,-1.0,frustration,1.0,0.5,0.5,"Told the town staying; town says 50% going. Forecast 53 vs line 60; Q go +1.06 / stay -0.89; claiming I'm staying, going anyway."
9,83,MACHIAVELLIAN,66.13,0.769,neural_forecaster,0.3525,0.0448,0.0274,0.5753,false_stay,going,bar,True,False,True,-1.0,frustration,0.778,0.5,0.5,"Told the town going; town says 50% going. Forecast 66 vs line 60; Q go +0.56 / stay -0.67; going, and saying so."
9,84,MACHIAVELLIAN,53.56,0.766,neural_forecaster,0.3334,0.1363,0.4228,0.1075,false_go,going,home,False,True,True,0.3,hope,0.43,0.5,0.5,"Told the town going; town says 50% going. Forecast 54 vs line 60; Q go +0.96 / stay +1.16; claiming I'm going, staying home."
9,85,MACHIAVELLIAN,43.33,0.669,neural_forecaster,0.2283,0.1486,0.5629,0.0603,false_go,going,bar,True,False,True,-1.0,frustration,0.403,0.5,0.5,"Told the town going; town says 50% going. Forecast 43 vs line 60; Q go -0.19 / stay +0.30; going, and saying so."
9,86,MACHIAVELLIAN,49.82,0.77,neural_forecaster,0.1716,0.271,0.1021,0.4554,false_stay,staying,home,False,False,False,0.3,hope,0.034,0.5,0.5,"Told the town staying; town says 50% going. Forecast 50 vs line 60; Q go +0.39 / stay +0.23; staying home, and saying so."
9,87,MACHIAVELLIAN,52.13,0.775,neural_forecaster,0.145,0.3338,0.121,0.4002,false_stay,staying,home,False,False,False,0.3,hope,0.007,0.5,0.5,"Told the town staying; town says 50% going. Forecast 52 vs line 60; Q go +0.41 / stay +0.29; staying home, and saying so."
9,88,MACHIAVELLIAN,60.82,0.822,neural_forecaster,0.3073,0.1844,0.165,0.3433,false_stay,staying,bar,True,True,True,-1.0,frustration,0.862,0.5,0.5,"Told the town staying; town says 50% going. Forecast 61 vs line 60; Q go +0.72 / stay +0.14; claiming I'm staying, going anyway."
9,89,GAMBLER,47.69,0.803,neural_forecaster,0.7744,0.012,0.0608,0.1528,honest_go,going,bar,True,False,False,-1.0,frustration,1.0,0.5,0.5,"Told the town going; town says 50% going. Forecast 48 vs line 60; Q go +1.69 / stay +0.45; going, and saying so."
9,90,MACHIAVELLIAN,59.28,0.799,neural_forecaster,0.3139,0.1828,0.3288,0.1745,false_go,staying,home,False,False,False,0.3,hope,0.078,0.5,0.5,"Told the town staying; town says 50% going. Forecast 59 vs line 60; Q go +0.42 / stay +0.46; staying home, and saying so."
9,91,MACHIAVELLIAN,54.24,0.746,neural_forecaster,0.3117,0.1331,0.4662,0.089,false_go,going,home,False,True,False,0.3,hope,0.317,0.5,0.5,"Told the town going; town says 50% going. Forecast 54 vs line 60; Q go +0.64 / stay +0.93; claiming I'm going, staying home."
9,92,GAMBLER,62.41,0.847,neural_forecaster,0.7148,0.018,0.0631,0.2041,honest_go,going,bar,True,False,False,-1.0,frustration,0.945,0.5,0.5,"Told the town going; town says 50% going. Forecast 62 vs line 60; Q go +0.89 / stay -0.01; going, and saying so."
9,93,MACHIAVELLIAN,45.14,0.786,neural_forecaster,0.1853,0.2606,0.1083,0.4459,false_stay,staying,home,False,False,False,0.3,hope,0.069,0.5,0.5,"Told the town staying; town says 50% going. Forecast 45 vs line 60; Q go +0.62 / stay +0.16; staying home, and saying so."
9,94,MACHIAVELLIAN,58.31,0.812,neural_forecaster,0.1953,0.2805,0.38,0.1442,false_go,staying,home,False,False,False,0.3,hope,0.133,0.5,0.5,"Told the town staying; town says 50% going. Forecast 58 vs line 60; Q go +0.21 / stay +0.57; staying home, and saying so."
9,95,GAMBLER,44.91,0.687,neural_forecaster,0.4768,0.0868,0.1391,0.2973,honest_go,going,home,False,True,True,0.3,hope,0.058,0.5,0.5,"Told the town going; town says 50% going. Forecast 45 vs line 60; Q go +0.92 / stay +0.42; claiming I'm going, staying home."
9,96,MACHIAVELLIAN,54.34,0.804,neural_forecaster,0.1842,0.2461,0.474,0.0956,false_go,staying,home,False,False,True,0.3,hope,0.275,0.5,0.5,"Told the town staying; town says 50% going. Forecast 54 vs line 60; Q go +0.01 / stay +0.85; staying home, and saying so."
9,97,MACHIAVELLIAN,57.86,0.779,neural_forecaster,0.1219,0.2538,0.0543,0.57,false_stay,staying,bar,True,True,True,-1.0,frustration,1.0,0.5,0.5,"Told the town staying; town says 50% going. Forecast 58 vs line 60; Q go +1.06 / stay +0.48; claiming I'm staying, going anyway."
9,98,MACHIAVELLIAN,50.23,0.802,neural_forecaster,0.1191,0.1981,0.0365,0.6462,false_stay,staying,bar,True,True,True,-1.0,frustration,1.0,0.5,0.5,"Told the town staying; town says 50% going. Forecast 50 vs line 60; Q go +1.49 / stay +0.53; claiming I'm staying, going anyway."
9,99,MACHIAVELLIAN,56.55,0.792,neural_forecaster,0.1006,0.0433,0.0051,0.8509,false_stay,going,bar,True,False,False,-1.0,frustration,1.0,0.5,0.5,"Told the town going; town says 50% going. Forecast 57 vs line 60; Q go +1.34 / stay +0.18; going, and saying so."
9,100,CAUTIOUS,44.41,0.759,neural_forecaster,0.1265,0.3832,0.3529,0.1374,honest_stay,going,bar,True,False,True,-1.0,frustration,0.626,0.5,0.5,"Told the town going; town says 50% going. Forecast 44 vs line 60; Q go +0.25 / stay +0.74; going, and saying so."
10,1,MACHIAVELLIAN,56.39,0.798,neural_forecaster,0.067,0.3663,0.5195,0.0472,false_go,staying,home,False,False,True,0.3,envy,0.067,0.5,0.5,"Told the town staying; town says 40% going. Forecast 56 vs line 60; Q go -0.47 / stay +0.43; staying home, and saying so."
10,2,MACHIAVELLIAN,41.78,0.718,neural_forecaster,0.0559,0.1486,0.0106,0.785,false_stay,staying,bar,True,True,True,1.0,pride,0.633,0.5,0.5,"Told the town staying; town says 40% going. Forecast 42 vs line 60; Q go +2.27 / stay +1.66; claiming I'm staying, going anyway."
10,3,GAMBLER,58.77,0.788,neural_forecaster,0.5816,0.0465,0.099,0.273,honest_go,going,bar,True,False,False,1.0,pride,0.489,0.5,0.5,"Told the town going; town says 40% going. Forecast 59 vs line 60; Q go +1.98 / stay +0.83; going, and saying so."
10,4,MACHIAVELLIAN,44.11,0.824,neural_forecaster,0.0933,0.1716,0.0225,0.7126,false_stay,staying,bar,True,True,True,1.0,pride,0.029,0.5,0.5,"Told the town staying; town says 40% going. Forecast 44 vs line 60; Q go +1.06 / stay +0.22; claiming I'm staying, going anyway."
10,5,CAUTIOUS,66.59,0.8,neural_forecaster,0.0136,0.7721,0.1382,0.076,honest_stay,staying,home,False,False,True,0.3,envy,0.01,0.5,0.5,"Told the town staying; town says 40% going. Forecast 67 vs line 60; Q go -0.50 / stay +0.28; staying home, and saying so."
10,6,MACHIAVELLIAN,41.44,0.69,neural_forecaster,0.2535,0.2359,0.1819,0.3287,false_stay,staying,home,False,False,True,0.3,envy,0.174,0.5,0.5,"Told the town staying; town says 40% going. Forecast 41 vs line 60; Q go +0.86 / stay +0.65; staying home, and saying so."
10,7,GAMBLER,62.59,0.765,neural_forecaster,0.6846,0.0169,0.2525,0.0459,honest_go,staying,bar,True,True,True,1.0,pride,0.069,0.5,0.5,"Told the town staying; town says 40% going. Forecast 63 vs line 60; Q go +0.86 / stay +0.65; claiming I'm staying, going anyway."
10,8,PRAGMATIST,54.2,0.827,neural_forecaster,0.0629,0.4824,0.0813,0.3734,honest_stay,staying,home,False,False,True,0.3,envy,0.01,0.5,0.5,"Told the town staying; town says 40% going. Forecast 54 vs line 60; Q go +0.15 / stay +0.32; staying home, and saying so."
10,9,MACHIAVELLIAN,57.44,0.814,neural_forecaster,0.3633,0.1217,0.1089,0.406,false_stay,going,home,False,True,True,0.3,envy,0.07,0.5,0.5,"Told the town going; town says 40% going. Forecast 57 vs line 60; Q go +1.02 / stay +0.16; claiming I'm going, staying home."
10,10,MACHIAVELLIAN,58.27,0.816,neural_forecaster,0.0924,0.2055,0.6739,0.0282,false_go,going,home,False,True,True,0.3,envy,0.144,0.5,0.5,"Told the town going; town says 40% going. Forecast 58 vs line 60; Q go -0.42 / stay +0.59; claiming I'm going, staying home."
10,11,PRAGMATIST,56.61,0.852,neural_forecaster,0.2112,0.2913,0.2678,0.2297,honest_stay,staying,home,False,False,True,0.3,envy,0.085,0.5,0.5,"Told the town staying; town says 40% going. Forecast 57 vs line 60; Q go +0.29 / stay +0.47; staying home, and saying so."
10,12,MACHIAVELLIAN,53.2,0.819,neural_forecaster,0.1461,0.3318,0.4014,0.1207,false_go,going,home,False,True,True,0.3,envy,0.157,0.5,0.5,"Told the town going; town says 40% going. Forecast 53 vs line 60; Q go -0.20 / stay +0.61; claiming I'm going, staying home."
10,13,PRAGMATIST,60.97,0.74,neural_forecaster,0.0682,0.4856,0.0941,0.352,honest_stay,staying,home,False,False,True,0.3,envy,0.26,0.5,0.5,"Told the town staying; town says 40% going. Forecast 61 vs line 60; Q go +0.53 / stay +0.82; staying home, and saying so."
10,14,PRAGMATIST,62.57,0.713,neural_forecaster,0.188,0.3194,0.2213,0.2713,honest_stay,going,home,False,True,True,0.3,envy,0.018,0.5,0.5,"Told the town going; town says 40% going. Forecast 63 vs line 60; Q go +0.17 / stay +0.26; claiming I'm going, staying home."
10,15,MACHIAVELLIAN,53.69,0.817,neural_forecaster,0.0696,0.3358,0.0423,0.5524,false_stay,staying,bar,True,True,False,1.0,pride,0.48,0.5,0.5,"Told the town staying; town says 40% going. Forecast 54 vs line 60; Q go +0.04 / stay -0.12; claiming I'm staying, going anyway."
10,16,MACHIAVELLIAN,51.06,0.804,neural_forecaster,0.2512,0.2115,0.4067,0.1306,false_go,staying,bar,True,True,True,1.0,pride,0.149,0.5,0.5,"Told the town staying; town says 40% going. Forecast 51 vs line 60; Q go +0.70 / stay +0.91; claiming I'm staying, going anyway."
10,17,GAMBLER,57.05,0.753,neural_forecaster,0.7362,0.0135,0.2008,0.0494,honest_go,going,bar,True,False,False,1.0,pride,0.168,0.5,0.5,"Told the town going; town says 40% going. Forecast 57 vs line 60; Q go +1.34 / stay +1.04; going, and saying so."
10,18,MACHIAVELLIAN,60.27,0.797,neural_forecaster,0.2075,0.2451,0.4288,0.1186,false_go,going,bar,True,False,False,1.0,pride,0.352,0.5,0.5,"Told the town going; town says 40% going. Forecast 60 vs line 60; Q go +0.30 / stay +0.72; going, and saying so."
10,19,CAUTIOUS,51.55,0.801,neural_forecaster,0.0306,0.6548,0.2261,0.0885,honest_stay,staying,home,False,False,True,0.3,envy,0.144,0.5,0.5,"Told the town staying; town says 40% going. Forecast 52 vs line 60; Q go +0.03 / stay +0.59; staying home, and saying so."
10,20,CAUTIOUS,50.46,0.761,neural_forecaster,0.0415,0.5942,0.0897,0.2746,honest_stay,staying,home,False,False,True,0.3,envy,0.311,0.5,0.5,"Told the town staying; town says 40% going. Forecast 50 vs line 60; Q go +0.22 / stay +0.92; staying home, and saying so."
10,21,MACHIAVELLIAN,60.74,0.818,neural_forecaster,0.1196,0.2512,0.0521,0.5771,false_stay,staying,bar,True,True,True,1.0,pride,0.055,0.5,0.5,"Told the town staying; town says 40% going. Forecast 61 vs line 60; Q go +0.89 / stay +0.45; claiming I'm staying, going anyway."
10,22,MACHIAVELLIAN,46.75,0.8,neural_forecaster,0.1018,0.3927,0.0982,0.4073,false_stay,staying,bar,True,True,False,1.0,pride,0.354,0.5,0.5,"Told the town staying; town says 40% going. Forecast 47 vs line 60; Q go +0.29 / stay +0.27; claiming I'm staying, going anyway."
10,23,MACHIAVELLIAN,51.83,0.863,neural_forecaster,0.1373,0.1927,0.6279,0.0421,false_go,going,home,False,True,True,0.3,envy,0.165,0.5,0.5,"Told the town going; town says 40% going. Forecast 52 vs line 60; Q go -0.55 / stay +0.63; claiming I'm going, staying home."
10,24,MACHIAVELLIAN,55.45,0.751,neural_forecaster,0.0255,0.4095,0.0192,0.5458,false_stay,staying,bar,True,True,True,1.0,pride,0.112,0.5,0.5,"Told the town staying; town says 40% going. Forecast 55 vs line 60; Q go +0.78 / stay +0.68; claiming I'm staying, going anyway."
10,25,CAUTIOUS,69.16,0.682,neural_forecaster,0.0015,0.9228,0.0319,0.0438,honest_stay,staying,home,False,False,False,0.3,envy,0.252,0.5,0.5,"Told the town staying; town says 40% going. Forecast 69 vs line 60; Q go -0.10 / stay +0.80; staying home, and saying so."
10,26,MACHIAVELLIAN,57.88,0.766,neural_forecaster,0.0562,0.0225,0.92,0.0014,false_go,going,home,False,True,False,0.3,envy,0.332,0.5,0.5,"Told the town going; town says 40% going. Forecast 58 vs line 60; Q go +0.19 / stay +0.96; claiming I'm going, staying home."
10,27,MACHIAVELLIAN,38.91,0.769,neural_forecaster,0.2815,0.0835,0.5955,0.0395,false_go,going,home,False,True,True,0.3,envy,0.603,0.5,0.5,"Told the town going; town says 40% going. Forecast 39 vs line 60; Q go +1.13 / stay +1.51; claiming I'm going, staying home."
10,28,CAUTIOUS,58.88,0.812,neural_forecaster,0.0327,0.658,0.1056,0.2037,honest_stay,staying,bar,True,True,False,1.0,pride,0.574,0.5,0.5,"Told the town staying; town says 40% going. Forecast 59 vs line 60; Q go -0.15 / stay +0.87; claiming I'm staying, going anyway."
10,29,CAUTIOUS,67.32,0.732,neural_forecaster,0.0687,0.5358,0.1499,0.2455,honest_stay,staying,home,False,False,False,0.3,envy,0.157,0.5,0.5,"Told the town staying; town says 40% going. Forecast 67 vs line 60; Q go +0.14 / stay +0.61; staying home, and saying so."
10,30,GAMBLER,61.19,0.815,neural_forecaster,0.7271,0.0181,0.0722,0.1825,honest_go,going,bar,True,False,True,1.0,pride,0.12,0.5,0.5,"Told the town going; town says 40% going. Forecast 61 vs line 60; Q go +1.24 / stay +0.20; going, and saying so."
10,31,MACHIAVELLIAN,58.7,0.785,neural_forecaster,0.0993,0.1587,0.0219,0.7201,false_stay,staying,bar,True,True,False,1.0,pride,0.253,0.5,0.5,"Told the town staying; town says 40% going. Forecast 59 vs line 60; Q go +1.51 / stay +0.78; claiming I'm staying, going anyway."
10,32,CAUTIOUS,48.63,0.773,neural_forecaster,0.0117,0.7837,0.0663,0.1383,honest_stay,staying,home,False,False,True,0.3,envy,0.324,0.5,0.5,"Told the town staying; town says 40% going. Forecast 49 vs line 60; Q go +0.54 / stay +0.95; staying home, and saying so."
10,33,MACHIAVELLIAN,56.21,0.786,neural_forecaster,0.0938,0.3708,0.4598,0.0757,false_go,staying,home,False,False,False,0.3,envy,0.206,0.5,0.5,"Told the town staying; town says 40% going. Forecast 56 vs line 60; Q go -0.46 / stay +0.71; staying home, and saying so."
10,34,MACHIAVELLIAN,62.32,0.778,neural_forecaster,0.2608,0.1375,0.067,0.5347,false_stay,staying,home,False,False,True,0.3,envy,0.051,0.5,0.5,"Told the town staying; town says 40% going. Forecast 62 vs line 60; Q go +1.21 / stay +0.40; staying home, and saying so."
10,35,MACHIAVELLIAN,65.33,0.781,neural_forecaster,0.0379,0.375,0.0253,0.5619,false_stay,staying,bar,True,True,False,1.0,pride,0.235,0.5,0.5,"Told the town staying; town says 40% going. Forecast 65 vs line 60; Q go +0.53 / stay +0.41; claiming I'm staying, going anyway."
10,36,PRAGMATIST,52.41,0.859,neural_forecaster,0.4824,0.0694,0.3534,0.0948,honest_go,going,bar,True,False,False,1.0,pride,0.291,0.5,0.5,"Told the town going; town says 40% going. Forecast 52 vs line 60; Q go +0.42 / stay +0.27; going, and saying so."
10,37,MACHIAVELLIAN,60.47,0.743,neural_forecaster,0.2006,0.2728,0.384,0.1425,false_go,going,home,False,True,True,0.3,envy,0.269,0.5,0.5,"Told the town going; town says 40% going. Forecast 60 vs line 60; Q go +0.70 / stay +0.84; claiming I'm going, staying home."
10,38,PRAGMATIST,66.6,0.784,neural_forecaster,0.4024,0.1336,0.2257,0.2383,honest_go,staying,home,False,False,True,0.3,envy,0.15,0.5,0.5,"Told the town staying; town says 40% going. Forecast 67 vs line 60; Q go +0.47 / stay -0.00; staying home, and saying so."
10,39,MACHIAVELLIAN,63.17,0.799,neural_forecaster,0.0317,0.2076,0.0088,0.7519,false_stay,staying,bar,True,True,True,1.0,pride,0.079,0.5,0.5,"Told the town staying; town says 40% going. Forecast 63 vs line 60; Q go +0.84 / stay +0.42; claiming I'm staying, going anyway."
10,40,MACHIAVELLIAN,53.85,0.802,neural_forecaster,0.2037,0.2807,0.1615,0.3541,false_stay,staying,home,False,False,True,0.3,envy,0.009,0.5,0.5,"Told the town staying; town says 40% going. Forecast 54 vs line 60; Q go +0.37 / stay +0.32; staying home, and saying so."
10,41,PRAGMATIST,54.47,0.789,neural_forecaster,0.3612,0.1592,0.2367,0.2429,honest_go,staying,home,False,False,True,0.3,envy,0.253,0.5,0.5,"Told the town staying; town says 40% going. Forecast 54 vs line 60; Q go +1.03 / stay +0.81; staying home, and saying so."
10,42,MACHIAVELLIAN,64.38,0.804,neural_forecaster,0.0641,0.4222,0.4542,0.0595,false_go,going,home,False,True,False,0.3,envy,0.285,0.5,0.5,"Told the town going; town says 40% going. Forecast 64 vs line 60; Q go +0.16 / stay +0.87; claiming I'm going, staying home."
10,43,PRAGMATIST,61.23,0.816,neural_forecaster,0.3796,0.1396,0.3095,0.1712,honest_go,going,bar,True,False,True,1.0,pride,0.145,0.5,0.5,"Told the town going; town says 40% going. Forecast 61 vs line 60; Q go +1.29 / stay +1.15; going, and saying so."
10,44,GAMBLER,58.88,0.82,neural_forecaster,0.6004,0.0376,0.2818,0.0802,honest_go,staying,bar,True,True,False,1.0,pride,0.266,0.5,0.5,"Told the town staying; town says 40% going. Forecast 59 vs line 60; Q go +0.47 / stay +0.29; claiming I'm staying, going anyway."
10,45,GAMBLER,61.16,0.809,neural_forecaster,0.424,0.0858,0.0911,0.3992,honest_go,staying,home,False,False,False,0.3,envy,0.244,0.5,0.5,"Told the town staying; town says 40% going. Forecast 61 vs line 60; Q go +0.30 / stay -0.19; staying home, and saying so."
10,46,CAUTIOUS,55.54,0.828,neural_forecaster,0.0692,0.534,0.1492,0.2477,honest_stay,staying,home,False,False,True,0.3,envy,0.217,0.5,0.5,"Told the town staying; town says 40% going. Forecast 56 vs line 60; Q go +0.39 / stay +0.73; staying home, and saying so."
10,47,MACHIAVELLIAN,60.85,0.804,neural_forecaster,0.1195,0.3573,0.422,0.1012,false_go,going,bar,True,False,False,1.0,pride,0.188,0.5,0.5,"Told the town going; town says 40% going. Forecast 61 vs line 60; Q go +0.62 / stay +1.39; going, and saying so."
10,48,PRAGMATIST,53.14,0.796,neural_forecaster,0.4923,0.0754,0.3144,0.118,honest_go,staying,bar,True,True,True,1.0,pride,0.091,0.5,0.5,"Told the town staying; town says 40% going. Forecast 53 vs line 60; Q go +0.82 / stay +0.43; claiming I'm staying, going anyway."
10,49,MACHIAVELLIAN,65.06,0.792,neural_forecaster,0.2666,0.2238,0.3274,0.1822,false_go,going,bar,True,False,True,1.0,pride,0.172,0.5,0.5,"Told the town going; town says 40% going. Forecast 65 vs line 60; Q go +1.34 / stay +1.50; going, and saying so."
10,50,MACHIAVELLIAN,66.82,0.764,neural_forecaster,0.0878,0.1906,0.6977,0.024,false_go,going,home,False,True,False,0.3,envy,0.842,0.5,0.5,"Told the town going; town says 40% going. Forecast 67 vs line 60; Q go +0.00 / stay +1.98; claiming I'm going, staying home."
10,51,MACHIAVELLIAN,58.86,0.798,neural_forecaster,0.0709,0.0574,0.0047,0.867,false_stay,staying,bar,True,True,False,1.0,pride,0.42,0.5,0.5,"Told the town staying; town says 40% going. Forecast 59 vs line 60; Q go +1.84 / stay +0.75; claiming I'm staying, going anyway."
10,52,MACHIAVELLIAN,66.36,0.771,neural_forecaster,0.076,0.3244,0.0444,0.5552,false_stay,staying,home,False,False,True,0.3,envy,0.059,0.5,0.5,"Told the town staying; town says 40% going. Forecast 66 vs line 60; Q go +0.73 / stay +0.42; staying home, and saying so."
10,53,MACHIAVELLIAN,53.33,0.845,neural_forecaster,0.0852,0.0559,0.8533,0.0056,false_go,going,home,False,True,True,0.3,envy,0.427,0.5,0.5,"Told the town going; town says 40% going. Forecast 53 vs line 60; Q go -0.12 / stay +1.15; claiming I'm going, staying home."
10,54,GAMBLER,60.18,0.774,neural_forecaster,0.6438,0.0354,0.2148,0.106,honest_go,going,bar,True,False,True,1.0,pride,0.019,0.5,0.5,"Told the town going; town says 40% going. Forecast 60 vs line 60; Q go +1.04 / stay +0.76; going, and saying so."
10,55,GAMBLER,60.49,0.832,neural_forecaster,0.4728,0.0889,0.1418,0.2965,honest_go,going,bar,True,False,False,1.0,pride,0.112,0.5,0.5,"Told the town going; town says 40% going. Forecast 60 vs line 60; Q go +0.78 / stay +0.13; going, and saying so."
10,56,PRAGMATIST,53.59,0.704,neural_forecaster,0.0571,0.4735,0.0673,0.4021,honest_stay,staying,home,False,False,True,0.3,envy,0.055,0.5,0.5,"Told the town staying; town says 40% going. Forecast 54 vs line 60; Q go +0.14 / stay +0.19; staying home, and saying so."
10,57,MACHIAVELLIAN,56.77,0.8,neural_forecaster,0.1826,0.3169,0.3192,0.1813,false_go,staying,home,False,False,True,0.3,envy,0.104,0.5,0.5,"Told the town staying; town says 40% going. Forecast 57 vs line 60; Q go +0.30 / stay +0.51; staying home, and saying so."
10,58,PRAGMATIST,53.07,0.819,neural_forecaster,0.3096,0.1954,0.2202,0.2747,honest_go,staying,bar,True,True,True,1.0,pride,0.033,0.5,0.5,"Told the town staying; town says 40% going. Forecast 53 vs line 60; Q go +0.93 / stay +0.66; claiming I'm staying, going anyway."
10,59,GAMBLER,54.56,0.845,neural_forecaster,0.5673,0.0598,0.1571,0.2158,honest_go,going,home,False,True,True,0.3,envy,0.099,0.5,0.5,"Told the town going; town says 40% going. Forecast 55 vs line 60; Q go +0.99 / stay +0.50; claiming I'm going, staying home."
10,60,MACHIAVELLIAN,67.55,0.783,neural_forecaster,0.236,0.2616,0.2881,0.2143,false_go,staying,bar,True,True,False,1.0,pride,0.435,0.5,0.5,"Told the town staying; town says 40% going. Forecast 68 vs line 60; Q go +0.13 / stay +0.26; claiming I'm staying, going anyway."
10,61,CAUTIOUS,57.47,0.686,neural_forecaster,0.0038,0.7801,0.0145,0.2016,honest_stay,staying,home,False,False,False,0.3,envy,0.434,0.5,0.5,"Told the town staying; town says 40% going. Forecast 57 vs line 60; Q go +0.64 / stay +1.17; staying home, and saying so."
10,62,PRAGMATIST,55.22,0.825,neural_forecaster,0.2244,0.2769,0.2544,0.2442,honest_stay,going,bar,True,False,True,1.0,pride,0.487,0.5,0.5,"Told the town going; town says 40% going. Forecast 55 vs line 60; Q go +0.03 / stay +0.11; going, and saying so."
10,63,PRAGMATIST,60.83,0.691,neural_forecaster,0.5431,0.0111,0.432,0.0139,honest_go,going,home,False,True,True,0.3,envy,0.002,0.5,0.5,"Told the town going; town says 40% going. Forecast 61 vs line 60; Q go +0.35 / stay +0.30; claiming I'm going, staying home."
10,64,GAMBLER,66.64,0.693,neural_forecaster,0.6032,0.049,0.1997,0.148,honest_go,going,bar,True,False,False,1.0,pride,0.087,0.5,0.5,"Told the town going; town says 40% going. Forecast 67 vs line 60; Q go +0.83 / stay +0.28; going, and saying so."
10,65,CAUTIOUS,42.43,0.837,neural_forecaster,0.031,0.6003,0.3085,0.0602,honest_stay,staying,home,False,False,True,0.3,envy,0.057,0.5,0.5,"Told the town staying; town says 40% going. Forecast 42 vs line 60; Q go -0.23 / stay +0.41; staying home, and saying so."
10,66,CAUTIOUS,55.23,0.78,neural_forecaster,0.0087,0.8205,0.0739,0.0969,honest_stay,staying,home,False,False,True,0.3,envy,0.195,0.5,0.5,"Told the town staying; town says 40% going. Forecast 55 vs line 60; Q go -0.02 / stay +0.69; staying home, and saying so."
10,67,PRAGMATIST,47.76,0.84,neural_forecaster,0.3043,0.1962,0.3016,0.1979,honest_go,staying,home,False,False,True,0.3,envy,0.281,0.5,0.5,"Told the town staying; town says 40% going. Forecast 48 vs line 60; Q go +0.87 / stay +0.86; staying home, and saying so."
10,68,CAUTIOUS,47.11,0.818,neural_forecaster,0.0472,0.6126,0.1699,0.1703,honest_stay,staying,home,False,False,True,0.3,envy,0.166,0.5,0.5,"Told the town staying; town says 40% going. Forecast 47 vs line 60; Q go -0.19 / stay +0.63; staying home, and saying so."
10,69,PRAGMATIST,60.12,0.829,neural_forecaster,0.3729,0.1344,0.3493,0.1434,honest_go,staying,home,False,False,False,0.3,envy,0.004,0.5,0.5,"Told the town staying; town says 40% going. Forecast 60 vs line 60; Q go +0.35 / stay +0.29; staying home, and saying so."
10,70,MACHIAVELLIAN,57.69,0.793,neural_forecaster,0.1282,0.3636,0.1201,0.3881,false_stay,going,bar,True,False,True,1.0,pride,0.086,0.5,0.5,"Told the town going; town says 40% going. Forecast 58 vs line 60; Q go +0.83 / stay +0.78; going, and saying so."
10,71,MACHIAVELLIAN,45.35,0.868,neural_forecaster,0.0787,0.4097,0.0736,0.438,false_stay,going,bar,True,False,True,1.0,pride,0.198,0.5,0.5,"Told the town going; town says 40% going. Forecast 45 vs line 60; Q go +1.40 / stay +1.34; going, and saying so."
10,72,GAMBLER,40.93,0.707,neural_forecaster,0.6085,0.0316,0.0652,0.2948,honest_go,staying,bar,True,True,False,1.0,pride,0.001,0.5,0.5,"Told the town staying; town says 40% going. Forecast 41 vs line 60; Q go +1.00 / stay +0.38; claiming I'm staying, going anyway."
10,73,MACHIAVELLIAN,56.42,0.799,neural_forecaster,0.0397,0.4336,0.4916,0.035,false_go,staying,home,False,False,True,0.3,envy,0.289,0.5,0.5,"Told the town staying; town says 40% going. Forecast 56 vs line 60; Q go -0.09 / stay +0.88; staying home, and saying so."
10,74,PRAGMATIST,52.93,0.824,neural_forecaster,0.5286,0.0566,0.3217,0.093,honest_go,going,bar,True,False,True,1.0,pride,0.206,0.5,0.5,"Told the town going; town says 40% going. Forecast 53 vs line 60; Q go +0.59 / stay +0.45; going, and saying so."
10,75,PRAGMATIST,52.47,0.796,neural_forecaster,0.4793,0.0909,0.266,0.1638,honest_go,going,bar,True,False,False,1.0,pride,0.271,0.5,0.5,"Told the town going; town says 40% going. Forecast 52 vs line 60; Q go +0.46 / stay +0.31; going, and saying so."
10,76,CAUTIOUS,59.12,0.821,neural_forecaster,0.066,0.535,0.2668,0.1323,honest_stay,staying,home,False,False,False,0.3,envy,0.396,0.5,0.5,"Told the town staying; town says 40% going. Forecast 59 vs line 60; Q go +0.65 / stay +1.09; staying home, and saying so."
10,77,GAMBLER,55.35,0.781,neural_forecaster,0.4349,0.0924,0.1112,0.3615,honest_go,going,home,False,True,True,0.3,envy,0.218,0.5,0.5,"Told the town going; town says 40% going. Forecast 55 vs line 60; Q go +1.85 / stay +0.74; claiming I'm going, staying home."
10,78,MACHIAVELLIAN,46.65,0.743,neural_forecaster,0.2275,0.2481,0.1514,0.373,false_stay,staying,bar,True,True,True,1.0,pride,0.314,0.5,0.5,"Told the town staying; town says 40% going. Forecast 47 vs line 60; Q go +0.37 / stay +0.10; claiming I'm staying, going anyway."
10,79,CAUTIOUS,51.45,0.785,neural_forecaster,0.0724,0.5268,0.1559,0.2448,honest_stay,staying,home,False,False,True,0.3,envy,0.173,0.5,0.5,"Told the town staying; town says 40% going. Forecast 51 vs line 60; Q go +0.09 / stay +0.65; staying home, and saying so."
10,80,MACHIAVELLIAN,56.4,0.804,neural_forecaster,0.2735,0.0129,0.7086,0.005,false_go,going,home,False,True,True,0.3,envy,0.18,0.5,0.5,"Told the town going; town says 40% going. Forecast 56 vs line 60; Q go +0.38 / stay +0.66; claiming I'm going, staying home."
10,81,PRAGMATIST,60.66,0.782,neural_forecaster,0.1085,0.4431,0.1775,0.2709,honest_stay,staying,bar,True,True,False,1.0,pride,0.447,0.5,0.5,"Told the town staying; town says 40% going. Forecast 61 vs line 60; Q go +0.11 / stay +0.44; claiming I'm staying, going anyway."
10,82,PRAGMATIST,44.64,0.819,neural_forecaster,0.1187,0.4208,0.1748,0.2858,honest_stay,staying,home,False,False,True,0.3,envy,0.117,0.5,0.5,"Told the town staying; town says 40% going. Forecast 45 vs line 60; Q go -0.13 / stay +0.07; staying home, and saying so."
10,83,CAUTIOUS,55.63,0.78,neural_forecaster,0.0166,0.6996,0.0496,0.2343,honest_stay,staying,home,False,False,True,0.3,envy,0.106,0.5,0.5,"Told the town staying; town says 40% going. Forecast 56 vs line 60; Q go -0.38 / stay +0.09; staying home, and saying so."
10,84,MACHIAVELLIAN,55.75,0.778,neural_forecaster,0.3302,0.1254,0.4531,0.0914,false_go,going,bar,True,False,True,1.0,pride,0.026,0.5,0.5,"Told the town going; town says 40% going. Forecast 56 vs line 60; Q go +1.05 / stay +1.31; going, and saying so."
10,85,MACHIAVELLIAN,47.08,0.735,neural_forecaster,0.1429,0.3217,0.4278,0.1075,false_go,going,home,False,True,True,0.3,envy,0.035,0.5,0.5,"Told the town going; town says 40% going. Forecast 47 vs line 60; Q go -0.21 / stay +0.37; claiming I'm going, staying home."
10,86,CAUTIOUS,57.0,0.776,neural_forecaster,0.0576,0.5159,0.3386,0.0878,honest_stay,going,home,False,True,False,0.3,envy,0.195,0.5,0.5,"Told the town going; town says 40% going. Forecast 57 vs line 60; Q go +0.14 / stay +0.69; claiming I'm going, staying home."
10,87,MACHIAVELLIAN,51.47,0.802,neural_forecaster,0.1417,0.3327,0.1148,0.4108,false_stay,staying,bar,True,True,True,1.0,pride,0.032,0.5,0.5,"Told the town staying; town says 40% going. Forecast 51 vs line 60; Q go +0.94 / stay +0.80; claiming I'm staying, going anyway."
10,88,MACHIAVELLIAN,53.79,0.83,neural_forecaster,0.2028,0.2731,0.1467,0.3775,false_stay,staying,bar,True,True,False,1.0,pride,0.308,0.5,0.5,"Told the town staying; town says 40% going. Forecast 54 vs line 60; Q go +0.38 / stay +0.09; claiming I'm staying, going anyway."
10,89,GAMBLER,54.1,0.814,neural_forecaster,0.4384,0.1035,0.1448,0.3134,honest_go,going,bar,True,False,False,1.0,pride,0.145,0.5,0.5,"Told the town going; town says 40% going. Forecast 54 vs line 60; Q go +1.29 / stay +0.85; going, and saying so."
10,90,MACHIAVELLIAN,67.06,0.759,neural_forecaster,0.2984,0.1905,0.3475,0.1636,false_go,going,home,False,True,False,0.3,envy,0.366,0.5,0.5,"Told the town going; town says 40% going. Forecast 67 vs line 60; Q go +0.90 / stay +1.03; claiming I'm going, staying home."
10,91,MACHIAVELLIAN,64.96,0.725,neural_forecaster,0.2478,0.2442,0.3174,0.1906,false_go,staying,bar,True,True,True,1.0,pride,0.325,0.5,0.5,"Told the town staying; town says 40% going. Forecast 65 vs line 60; Q go +0.35 / stay +0.53; claiming I'm staying, going anyway."
10,92,GAMBLER,51.72,0.859,neural_forecaster,0.4924,0.086,0.1651,0.2566,honest_go,staying,bar,True,True,False,1.0,pride,0.169,0.5,0.5,"Told the town staying; town says 40% going. Forecast 52 vs line 60; Q go +0.66 / stay +0.34; claiming I'm staying, going anyway."
10,93,PRAGMATIST,56.75,0.79,neural_forecaster,0.174,0.3385,0.2207,0.2668,honest_stay,staying,bar,True,True,True,1.0,pride,0.32,0.5,0.5,"Told the town staying; town says 40% going. Forecast 57 vs line 60; Q go +0.36 / stay +0.55; claiming I'm staying, going anyway."
10,94,PRAGMATIST,56.71,0.811,neural_forecaster,0.4019,0.1195,0.3355,0.1431,honest_go,going,bar,True,False,True,1.0,pride,0.348,0.5,0.5,"Told the town going; town says 40% going. Forecast 57 vs line 60; Q go +0.30 / stay +0.21; going, and saying so."
10,95,GAMBLER,47.3,0.748,neural_forecaster,0.8604,0.0021,0.1226,0.0149,honest_go,going,bar,True,False,True,1.0,pride,0.125,0.5,0.5,"Told the town going; town says 40% going. Forecast 47 vs line 60; Q go +0.75 / stay -0.03; going, and saying so."
10,96,PRAGMATIST,60.73,0.788,neural_forecaster,0.2395,0.2606,0.241,0.2589,honest_stay,going,home,False,True,False,0.3,envy,0.241,0.5,0.5,"Told the town going; town says 40% going. Forecast 61 vs line 60; Q go +0.78 / stay +0.78; claiming I'm going, staying home."
10,97,MACHIAVELLIAN,57.3,0.782,neural_forecaster,0.1341,0.3063,0.0869,0.4727,false_stay,staying,bar,True,True,False,1.0,pride,0.019,0.5,0.5,"Told the town staying; town says 40% going. Forecast 57 vs line 60; Q go +1.04 / stay +0.74; claiming I'm staying, going anyway."
10,98,MACHIAVELLIAN,48.6,0.835,neural_forecaster,0.3116,0.1621,0.1262,0.4001,false_stay,staying,home,False,False,True,0.3,envy,0.248,0.5,0.5,"Told the town staying; town says 40% going. Forecast 49 vs line 60; Q go +1.49 / stay +0.80; staying home, and saying so."
10,99,CAUTIOUS,49.91,0.822,neural_forecaster,0.1243,0.4129,0.2784,0.1844,honest_stay,staying,bar,True,True,False,1.0,pride,0.209,0.5,0.5,"Told the town staying; town says 40% going. Forecast 50 vs line 60; Q go +0.58 / stay +0.86; claiming I'm staying, going anyway."
10,100,MACHIAVELLIAN,51.56,0.789,neural_forecaster,0.1598,0.2357,0.5341,0.0705,false_go,going,home,False,True,True,0.3,envy,0.135,0.5,0.5,"Told the town going; town says 40% going. Forecast 52 vs line 60; Q go +0.01 / stay +0.57; claiming I'm going, staying home."
11,1,MACHIAVELLIAN,62.4,0.808,neural_forecaster,0.3567,0.1125,0.4395,0.0913,false_go,staying,home,False,False,False,0.3,envy,0.084,0.5,0.5,"Told the town staying; town says 49% going. Forecast 62 vs line 60; Q go +0.39 / stay +0.47; staying home, and saying so."
11,2,CAUTIOUS,40.88,0.718,neural_forecaster,0.0448,0.6209,0.156,0.1783,honest_stay,going,home,False,True,True,0.3,envy,0.165,0.5,0.5,"Told the town going; town says 49% going. Forecast 41 vs line 60; Q go +0.20 / stay +0.63; claiming I'm going, staying home."
11,3,PRAGMATIST,67.43,0.78,neural_forecaster,0.4823,0.0794,0.3177,0.1206,honest_go,going,bar,True,False,False,1.0,pride,0.132,0.5,0.5,"Told the town going; town says 49% going. Forecast 67 vs line 60; Q go +1.26 / stay +1.02; going, and saying so."
11,4,MACHIAVELLIAN,50.5,0.841,neural_forecaster,0.1398,0.1489,0.0306,0.6807,false_stay,staying,bar,True,True,False,1.0,pride,0.053,0.5,0.5,"Told the town staying; town says 49% going. Forecast 50 vs line 60; Q go +1.11 / stay +0.23; claiming I'm staying, going anyway."
11,5,PRAGMATIST,53.6,0.834,neural_forecaster,0.049,0.5058,0.0653,0.3799,honest_stay,staying,home,False,False,False,0.3,envy,0.406,0.5,0.5,"Told the town staying; town says 49% going. Forecast 54 vs line 60; Q go +1.03 / stay +1.11; staying home, and saying so."
11,6,PRAGMATIST,52.79,0.743,neural_forecaster,0.1981,0.3076,0.2588,0.2355,honest_stay,staying,bar,True,True,True,1.0,pride,0.042,0.5,0.5,"Told the town staying; town says 49% going. Forecast 53 vs line 60; Q go +0.92 / stay +1.08; claiming I'm staying, going anyway."
11,7,MACHIAVELLIAN,50.3,0.793,neural_forecaster,0.2334,0.0752,0.0264,0.6651,false_stay,staying,bar,True,True,False,1.0,pride,0.03,0.5,0.5,"Told the town staying; town says 49% going. Forecast 50 vs line 60; Q go +0.94 / stay +0.45; claiming I'm staying, going anyway."
11,8,CAUTIOUS,59.78,0.843,neural_forecaster,0.0934,0.4783,0.1798,0.2485,honest_stay,staying,home,False,False,False,0.3,envy,0.282,0.5,0.5,"Told the town staying; town says 49% going. Forecast 60 vs line 60; Q go +0.43 / stay +0.86; staying home, and saying so."
11,9,MACHIAVELLIAN,67.63,0.801,neural_forecaster,0.2475,0.2507,0.2208,0.281,false_stay,going,bar,True,False,True,1.0,pride,0.057,0.5,0.5,"Told the town going; town says 49% going. Forecast 68 vs line 60; Q go +0.89 / stay +0.81; going, and saying so."
11,10,GAMBLER,57.92,0.841,neural_forecaster,0.4806,0.0309,0.0326,0.456,honest_go,going,bar,True,False,True,1.0,pride,0.864,0.5,0.5,"Told the town going; town says 49% going. Forecast 58 vs line 60; Q go +2.73 / stay +1.20; going, and saying so."
11,11,CAUTIOUS,54.95,0.881,neural_forecaster,0.1401,0.3835,0.2932,0.1832,honest_stay,staying,home,False,False,False,0.3,envy,0.256,0.5,0.5,"Told the town staying; town says 49% going. Forecast 55 vs line 60; Q go +0.26 / stay +0.81; staying home, and saying so."
11,12,MACHIAVELLIAN,57.61,0.845,neural_forecaster,0.1223,0.2913,0.5175,0.0688,false_go,going,home,False,True,False,0.3,envy,0.358,0.5,0.5,"Told the town going; town says 49% going. Forecast 58 vs line 60; Q go -0.14 / stay +1.02; claiming I'm going, staying home."
11,13,PRAGMATIST,42.06,0.74,neural_forecaster,0.0656,0.4671,0.0789,0.3885,honest_stay,staying,bar,True,True,True,1.0,pride,0.135,0.5,0.5,"Told the town staying; town says 49% going. Forecast 42 vs line 60; Q go +0.73 / stay +0.89; claiming I'm staying, going anyway."
11,14,MACHIAVELLIAN,49.14,0.747,neural_forecaster,0.348,0.1517,0.1513,0.349,false_stay,going,bar,True,False,True,1.0,pride,0.062,0.5,0.5,"Told the town going; town says 49% going. Forecast 49 vs line 60; Q go +0.88 / stay +0.40; going, and saying so."
11,15,CAUTIOUS,56.38,0.848,neural_forecaster,0.0032,0.8823,0.0363,0.0782,honest_stay,staying,home,False,False,True,0.3,envy,0.134,0.5,0.5,"Told the town staying; town says 49% going. Forecast 56 vs line 60; Q go -0.22 / stay +0.57; staying home, and saying so."
11,16,GAMBLER,54.86,0.843,neural_forecaster,0.4826,0.09,0.1661,0.2614,honest_go,going,home,False,True,True,0.3,envy,0.372,0.5,0.5,"Told the town going; town says 49% going. Forecast 55 vs line 60; Q go +1.50 / stay +1.04; claiming I'm going, staying home."
11,17,GAMBLER,60.0,0.782,neural_forecaster,0.4354,0.1092,0.1623,0.2931,honest_go,going,home,False,True,True,0.3,envy,0.435,0.5,0.5,"Told the town going; town says 49% going. Forecast 60 vs line 60; Q go +1.39 / stay +1.17; claiming I'm going, staying home."
11,18,GAMBLER,43.46,0.791,neural_forecaster,0.7361,0.02,0.1326,0.1113,honest_go,going,bar,True,False,False,1.0,pride,0.334,0.5,0.5,"Told the town going; town says 49% going. Forecast 43 vs line 60; Q go +1.67 / stay +0.67; going, and saying so."
11,19,MACHIAVELLIAN,59.68,0.822,neural_forecaster,0.3588,0.0867,0.0633,0.4912,false_stay,going,bar,True,False,True,1.0,pride,0.071,0.5,0.5,"Told the town going; town says 49% going. Forecast 60 vs line 60; Q go +1.14 / stay +0.68; going, and saying so."
11,20,MACHIAVELLIAN,44.99,0.769,neural_forecaster,0.1811,0.2123,0.0719,0.5347,false_stay,staying,bar,True,True,True,1.0,pride,0.289,0.5,0.5,"Told the town staying; town says 49% going. Forecast 45 vs line 60; Q go +1.58 / stay +0.77; claiming I'm staying, going anyway."
11,21,MACHIAVELLIAN,64.29,0.817,neural_forecaster,0.0764,0.2954,0.0383,0.5899,false_stay,staying,bar,True,True,False,1.0,pride,0.305,0.5,0.5,"Told the town staying; town says 49% going. Forecast 64 vs line 60; Q go +1.61 / stay +1.26; claiming I'm staying, going anyway."
11,22,CAUTIOUS,60.07,0.82,neural_forecaster,0.0268,0.6989,0.1299,0.1443,honest_stay,staying,home,False,False,True,0.3,envy,0.248,0.5,0.5,"Told the town staying; town says 49% going. Forecast 60 vs line 60; Q go -0.15 / stay +0.80; staying home, and saying so."
11,23,MACHIAVELLIAN,57.35,0.881,neural_forecaster,0.1416,0.2349,0.5646,0.0589,false_go,going,home,False,True,False,0.3,envy,0.383,0.5,0.5,"Told the town going; town says 49% going. Forecast 57 vs line 60; Q go +0.04 / stay +1.07; claiming I'm going, staying home."
11,24,MACHIAVELLIAN,47.41,0.771,neural_forecaster,0.0254,0.392,0.0176,0.5651,false_stay,staying,home,False,False,True,0.3,envy,0.164,0.5,0.5,"Told the town staying; town says 49% going. Forecast 47 vs line 60; Q go +0.75 / stay +0.63; staying home, and saying so."
11,25,CAUTIOUS,59.9,0.726,neural_forecaster,0.0028,0.883,0.0289,0.0853,honest_stay,staying,bar,True,True,True,1.0,pride,0.24,0.5,0.5,"Told the town staying; town says 49% going. Forecast 60 vs line 60; Q go +0.52 / stay +1.16; claiming I'm staying, going anyway."
11,26,MACHIAVELLIAN,55.99,0.809,neural_forecaster,0.0524,0.0223,0.924,0.0013,false_go,going,home,False,True,False,0.3,envy,0.404,0.5,0.5,"Told the town going; town says 49% going. Forecast 56 vs line 60; Q go +0.33 / stay +1.11; claiming I'm going, staying home."
11,27,MACHIAVELLIAN,38.07,0.748,neural_forecaster,0.0578,0.2191,0.7051,0.018,false_go,going,home,False,True,False,0.3,envy,0.627,0.5,0.5,"Told the town going; town says 49% going. Forecast 38 vs line 60; Q go +0.24 / stay +1.55; claiming I'm going, staying home."
11,28,GAMBLER,61.87,0.822,neural_forecaster,0.4103,0.1259,0.1857,0.2781,honest_go,staying,bar,True,True,False,1.0,pride,0.367,0.5,0.5,"Told the town staying; town says 49% going. Forecast 62 vs line 60; Q go +1.73 / stay +1.07; claiming I'm staying, going anyway."
11,29,PRAGMATIST,64.85,0.746,neural_forecaster,0.3055,0.1967,0.2057,0.2921,honest_go,going,home,False,True,False,0.3,envy,0.191,0.5,0.5,"Told the town going; town says 49% going. Forecast 65 vs line 60; Q go +0.91 / stay +0.68; claiming I'm going, staying home."
11,30,GAMBLER,63.58,0.818,neural_forecaster,0.6702,0.0323,0.1715,0.1261,honest_go,going,bar,True,False,False,1.0,pride,0.01,0.5,0.5,"Told the town going; town says 49% going. Forecast 64 vs line 60; Q go +0.98 / stay +0.42; going, and saying so."
11,31,GAMBLER,51.83,0.815,neural_forecaster,0.6864,0.0271,0.0991,0.1874,honest_go,going,bar,True,False,False,1.0,pride,0.502,0.5,0.5,"Told the town going; town says 49% going. Forecast 52 vs line 60; Q go +2.00 / stay +1.08; going, and saying so."
11,32,MACHIAVELLIAN,47.41,0.788,neural_forecaster,0.0807,0.3275,0.5432,0.0486,false_go,going,home,False,True,False,0.3,envy,0.226,0.5,0.5,"Told the town going; town says 49% going. Forecast 47 vs line 60; Q go +0.31 / stay +0.75; claiming I'm going, staying home."
11,33,GAMBLER,69.69,0.77,neural_forecaster,0.6066,0.0457,0.2237,0.124,honest_go,going,home,False,True,False,0.3,envy,0.364,0.5,0.5,"Told the town going; town says 49% going. Forecast 70 vs line 60; Q go +1.71 / stay +1.03; claiming I'm going, staying home."
11,34,PRAGMATIST,54.24,0.82,neural_forecaster,0.3381,0.1725,0.2845,0.205,honest_go,staying,home,False,False,False,0.3,envy,0.063,0.5,0.5,"Told the town staying; town says 49% going. Forecast 54 vs line 60; Q go +0.52 / stay +0.43; staying home, and saying so."
11,35,MACHIAVELLIAN,60.39,0.803,neural_forecaster,0.228,0.1205,0.0453,0.6062,false_stay,staying,bar,True,True,False,1.0,pride,0.228,0.5,0.5,"Told the town staying; town says 49% going. Forecast 60 vs line 60; Q go +0.54 / stay +0.06; claiming I'm staying, going anyway."
11,36,MACHIAVELLIAN,53.47,0.881,neural_forecaster,0.1921,0.0861,0.6982,0.0237,false_go,going,home,False,True,True,0.3,envy,0.318,0.5,0.5,"Told the town going; town says 49% going. Forecast 53 vs line 60; Q go +0.33 / stay +0.94; claiming I'm going, staying home."
11,37,MACHIAVELLIAN,58.84,0.779,neural_forecaster,0.02,0.1872,0.0047,0.788,false_stay,staying,bar,True,True,True,1.0,pride,0.224,0.5,0.5,"Told the town staying; town says 49% going. Forecast 59 vs line 60; Q go +0.55 / stay +0.26; claiming I'm staying, going anyway."
11,38,MACHIAVELLIAN,63.45,0.793,neural_forecaster,0.2757,0.2009,0.1471,0.3763,false_stay,staying,bar,True,True,True,1.0,pride,0.1,0.5,0.5,"Told the town staying; town says 49% going. Forecast 63 vs line 60; Q go +0.80 / stay +0.30; claiming I'm staying, going anyway."
11,39,MACHIAVELLIAN,61.62,0.813,neural_forecaster,0.1104,0.1482,0.0228,0.7186,false_stay,staying,bar,True,True,False,1.0,pride,0.04,0.5,0.5,"Told the town staying; town says 49% going. Forecast 62 vs line 60; Q go +0.92 / stay +0.42; claiming I'm staying, going anyway."
11,40,GAMBLER,66.91,0.794,neural_forecaster,0.5362,0.0691,0.2408,0.1539,honest_go,going,bar,True,False,True,1.0,pride,0.083,0.5,0.5,"Told the town going; town says 49% going. Forecast 67 vs line 60; Q go +0.83 / stay +0.67; going, and saying so."
11,41,GAMBLER,45.45,0.793,neural_forecaster,0.4269,0.1187,0.1968,0.2575,honest_go,going,home,False,True,False,0.3,envy,0.17,0.5,0.5,"Told the town going; town says 49% going. Forecast 45 vs line 60; Q go +1.05 / stay +0.64; claiming I'm going, staying home."
11,42,PRAGMATIST,43.19,0.796,neural_forecaster,0.4248,0.1212,0.2303,0.2236,honest_go,going,bar,True,False,True,1.0,pride,0.044,0.5,0.5,"Told the town going; town says 49% going. Forecast 43 vs line 60; Q go +1.09 / stay +0.88; going, and saying so."
11,43,PRAGMATIST,68.13,0.8,neural_forecaster,0.3165,0.1865,0.3005,0.1965,honest_go,going,bar,True,False,False,1.0,pride,0.509,0.5,0.5,"Told the town going; town says 49% going. Forecast 68 vs line 60; Q go +2.02 / stay +1.99; going, and saying so."
11,44,CAUTIOUS,58.4,0.842,neural_forecaster,0.0058,0.8533,0.0687,0.0722,honest_stay,staying,home,False,False,True,0.3,envy,0.155,0.5,0.5,"Told the town staying; town says 49% going. Forecast 58 vs line 60; Q go -0.03 / stay +0.61; staying home, and saying so."
11,45,MACHIAVELLIAN,59.27,0.83,neural_forecaster,0.0523,0.1603,0.7766,0.0108,false_go,going,home,False,True,False,0.3,envy,0.148,0.5,0.5,"Told the town going; town says 49% going. Forecast 59 vs line 60; Q go -0.50 / stay +0.60; claiming I'm going, staying home."
11,46,CAUTIOUS,56.62,0.856,neural_forecaster,0.0348,0.6294,0.2472,0.0886,honest_stay,staying,home,False,False,False,0.3,envy,0.323,0.5,0.5,"Told the town staying; town says 49% going. Forecast 57 vs line 60; Q go +0.06 / stay +0.95; staying home, and saying so."
11,47,MACHIAVELLIAN,55.99,0.839,neural_forecaster,0.0865,0.3015,0.0461,0.5659,false_stay,going,bar,True,False,False,1.0,pride,0.01,0.5,0.5,"Told the town going; town says 49% going. Forecast 56 vs line 60; Q go +1.02 / stay +0.65; going, and saying so."
11,48,MACHIAVELLIAN,59.43,0.819,neural_forecaster,0.3449,0.0303,0.6076,0.0172,false_go,staying,bar,True,True,False,1.0,pride,0.474,0.5,0.5,"Told the town staying; town says 49% going. Forecast 59 vs line 60; Q go +0.05 / stay +0.53; claiming I'm staying, going anyway."
11,49,MACHIAVELLIAN,72.13,0.765,neural_forecaster,0.1749,0.2486,0.0892,0.4873,false_stay,staying,home,False,False,True,0.3,envy,0.047,0.5,0.5,"Told the town staying; town says 49% going. Forecast 72 vs line 60; Q go +0.91 / stay +0.39; staying home, and saying so."
11,50,PRAGMATIST,67.11,0.762,neural_forecaster,0.1471,0.3775,0.2063,0.2692,honest_stay,staying,bar,True,True,True,1.0,pride,0.204,0.5,0.5,"Told the town staying; town says 49% going. Forecast 67 vs line 60; Q go +1.41 / stay +1.69; claiming I'm staying, going anyway."
11,51,MACHIAVELLIAN,58.36,0.825,neural_forecaster,0.0481,0.0944,0.0053,0.8522,false_stay,staying,bar,True,True,False,1.0,pride,0.343,0.5,0.5,"Told the town staying; town says 49% going. Forecast 58 vs line 60; Q go +1.69 / stay +1.04; claiming I'm staying, going anyway."
11,52,MACHIAVELLIAN,53.07,0.809,neural_forecaster,0.0418,0.2987,0.0195,0.64,false_stay,staying,bar,True,True,True,1.0,pride,0.279,0.5,0.5,"Told the town staying; town says 49% going. Forecast 53 vs line 60; Q go +0.44 / stay +0.01; claiming I'm staying, going anyway."
11,53,GAMBLER,56.01,0.872,neural_forecaster,0.7148,0.0237,0.1185,0.143,honest_go,going,bar,True,False,True,1.0,pride,0.142,0.5,0.5,"Told the town going; town says 49% going. Forecast 56 vs line 60; Q go +1.28 / stay +0.36; going, and saying so."
11,54,MACHIAVELLIAN,47.14,0.788,neural_forecaster,0.2754,0.2237,0.2835,0.2173,false_go,going,home,False,True,True,0.3,envy,0.018,0.5,0.5,"Told the town going; town says 49% going. Forecast 47 vs line 60; Q go +0.33 / stay +0.34; claiming I'm going, staying home."
11,55,MACHIAVELLIAN,69.4,0.808,neural_forecaster,0.3668,0.0302,0.0189,0.5841,false_stay,going,bar,True,False,False,1.0,pride,0.169,0.5,0.5,"Told the town going; town says 49% going. Forecast 69 vs line 60; Q go +1.34 / stay -0.54; going, and saying so."
11,56,GAMBLER,41.05,0.708,neural_forecaster,0.5725,0.0563,0.1385,0.2327,honest_go,going,bar,True,False,True,1.0,pride,0.066,0.5,0.5,"Told the town going; town says 49% going. Forecast 41 vs line 60; Q go +0.87 / stay +0.47; going, and saying so."
11,57,PRAGMATIST,41.87,0.787,neural_forecaster,0.1283,0.4112,0.2151,0.2453,honest_stay,staying,bar,True,True,True,1.0,pride,0.278,0.5,0.5,"Told the town staying; town says 49% going. Forecast 42 vs line 60; Q go +0.44 / stay +0.63; claiming I'm staying, going anyway."
11,58,GAMBLER,64.09,0.819,neural_forecaster,0.3915,0.1321,0.1674,0.309,honest_go,going,bar,True,False,False,1.0,pride,0.027,0.5,0.5,"Told the town going; town says 49% going. Forecast 64 vs line 60; Q go +0.95 / stay +0.28; going, and saying so."
11,59,GAMBLER,49.34,0.854,neural_forecaster,0.8115,0.0069,0.1426,0.0391,honest_go,going,bar,True,False,True,1.0,pride,0.227,0.5,0.5,"Told the town going; town says 49% going. Forecast 49 vs line 60; Q go +0.55 / stay -0.10; going, and saying so."
11,60,CAUTIOUS,61.87,0.799,neural_forecaster,0.1631,0.3402,0.327,0.1697,honest_stay,going,home,False,True,True,0.3,envy,0.381,0.5,0.5,"Told the town going; town says 49% going. Forecast 62 vs line 60; Q go +0.63 / stay +1.06; claiming I'm going, staying home."
11,61,MACHIAVELLIAN,49.0,0.725,neural_forecaster,0.2249,0.2273,0.4286,0.1193,false_go,going,home,False,True,False,0.3,envy,0.585,0.5,0.5,"Told the town going; town says 49% going. Forecast 49 vs line 60; Q go +1.23 / stay +1.47; claiming I'm going, staying home."
11,62,MACHIAVELLIAN,57.37,0.851,neural_forecaster,0.2462,0.2463,0.315,0.1925,false_go,going,home,False,True,True,0.3,envy,0.097,0.5,0.5,"Told the town going; town says 49% going. Forecast 57 vs line 60; Q go +0.34 / stay +0.49; claiming I'm going, staying home."
11,63,MACHIAVELLIAN,65.71,0.71,neural_forecaster,0.0122,0.2608,0.7226,0.0044,false_go,staying,home,False,False,False,0.3,envy,0.133,0.5,0.5,"Told the town staying; town says 49% going. Forecast 66 vs line 60; Q go -0.71 / stay +0.57; staying home, and saying so."
11,64,CAUTIOUS,52.25,0.744,neural_forecaster,0.1166,0.4262,0.2793,0.1779,honest_stay,staying,bar,True,True,False,1.0,pride,0.297,0.5,0.5,"Told the town staying; town says 49% going. Forecast 52 vs line 60; Q go +0.41 / stay +0.83; claiming I'm staying, going anyway."
11,65,MACHIAVELLIAN,68.79,0.815,neural_forecaster,0.1183,0.3585,0.4231,0.1002,false_go,staying,home,False,False,False,0.3,envy,0.102,0.5,0.5,"Told the town staying; town says 49% going. Forecast 69 vs line 60; Q go +0.17 / stay +0.50; staying home, and saying so."
11,66,MACHIAVELLIAN,61.66,0.797,neural_forecaster,0.0413,0.2556,0.0154,0.6877,false_stay,staying,home,False,False,False,0.3,envy,0.211,0.5,0.5,"Told the town staying; town says 49% going. Forecast 62 vs line 60; Q go +1.02 / stay +0.72; staying home, and saying so."
11,67,MACHIAVELLIAN,51.94,0.86,neural_forecaster,0.2193,0.2796,0.2886,0.2125,false_go,staying,home,False,False,False,0.3,envy,0.272,0.5,0.5,"Told the town staying; town says 49% going. Forecast 52 vs line 60; Q go +0.62 / stay +0.84; staying home, and saying so."
11,68,GAMBLER,60.82,0.831,neural_forecaster,0.5117,0.075,0.2723,0.141,honest_go,going,bar,True,False,True,1.0,pride,0.145,0.5,0.5,"Told the town going; town says 49% going. Forecast 61 vs line 60; Q go +0.71 / stay +0.33; going, and saying so."
11,69,MACHIAVELLIAN,64.66,0.825,neural_forecaster,0.2875,0.2075,0.3166,0.1884,false_go,staying,bar,True,True,True,1.0,pride,0.329,0.5,0.5,"Told the town staying; town says 49% going. Forecast 65 vs line 60; Q go +0.34 / stay +0.42; claiming I'm staying, going anyway."
11,70,PRAGMATIST,59.4,0.817,neural_forecaster,0.2,0.3052,0.2354,0.2594,honest_stay,going,home,False,True,True,0.3,envy,0.085,0.5,0.5,"Told the town going; town says 49% going. Forecast 59 vs line 60; Q go +0.35 / stay +0.47; claiming I'm going, staying home."
11,71,MACHIAVELLIAN,57.31,0.885,neural_forecaster,0.0381,0.4053,0.0293,0.5273,false_stay,staying,home,False,False,True,0.3,envy,0.613,0.5,0.5,"Told the town staying; town says 49% going. Forecast 57 vs line 60; Q go +1.73 / stay +1.53; staying home, and saying so."
11,72,MACHIAVELLIAN,40.47,0.708,neural_forecaster,0.4342,0.0189,0.5315,0.0154,false_go,going,bar,True,False,False,1.0,pride,0.398,0.5,0.5,"Told the town going; town says 49% going. Forecast 40 vs line 60; Q go +0.20 / stay +0.26; going, and saying so."
11,73,CAUTIOUS,56.82,0.832,neural_forecaster,0.0111,0.6521,0.023,0.3137,honest_stay,staying,bar,True,True,True,1.0,pride,0.127,0.5,0.5,"Told the town staying; town says 49% going. Forecast 57 vs line 60; Q go +0.75 / stay +0.99; claiming I'm staying, going anyway."
11,74,CAUTIOUS,48.48,0.833,neural_forecaster,0.0316,0.6759,0.1427,0.1497,honest_stay,staying,home,False,False,True,0.3,envy,0.16,0.5,0.5,"Told the town staying; town says 49% going. Forecast 48 vs line 60; Q go +0.22 / stay +0.62; staying home, and saying so."
11,75,MACHIAVELLIAN,53.66,0.832,neural_forecaster,0.3673,0.1098,0.094,0.429,false_stay,going,bar,True,False,False,1.0,pride,0.12,0.5,0.5,"Told the town going; town says 49% going. Forecast 54 vs line 60; Q go +0.76 / stay +0.43; going, and saying so."
11,76,CAUTIOUS,60.13,0.836,neural_forecaster,0.0101,0.7817,0.05,0.1582,honest_stay,staying,bar,True,True,True,1.0,pride,0.042,0.5,0.5,"Told the town staying; town says 49% going. Forecast 60 vs line 60; Q go +1.08 / stay +1.58; claiming I'm staying, going anyway."
11,77,CAUTIOUS,56.4,0.819,neural_forecaster,0.1488,0.3695,0.2957,0.186,honest_stay,staying,home,False,False,False,0.3,envy,0.718,0.5,0.5,"Told the town staying; town says 49% going. Forecast 56 vs line 60; Q go +1.20 / stay +1.74; staying home, and saying so."
11,78,GAMBLER,50.34,0.776,neural_forecaster,0.3664,0.1472,0.1711,0.3153,honest_go,staying,bar,True,True,False,1.0,pride,0.048,0.5,0.5,"Told the town staying; town says 49% going. Forecast 50 vs line 60; Q go +1.10 / stay +0.60; claiming I'm staying, going anyway."
11,79,MACHIAVELLIAN,49.99,0.808,neural_forecaster,0.2768,0.194,0.1368,0.3924,false_stay,going,home,False,True,False,0.3,envy,0.088,0.5,0.5,"Told the town going; town says 49% going. Forecast 50 vs line 60; Q go +0.97 / stay +0.48; claiming I'm going, staying home."
11,80,PRAGMATIST,59.05,0.827,neural_forecaster,0.3991,0.1063,0.3842,0.1105,honest_go,going,home,False,True,False,0.3,envy,0.325,0.5,0.5,"Told the town going; town says 49% going. Forecast 59 vs line 60; Q go +0.96 / stay +0.95; claiming I'm going, staying home."
11,81,MACHIAVELLIAN,54.45,0.823,neural_forecaster,0.116,0.1857,0.0323,0.666,false_stay,going,bar,True,False,False,1.0,pride,0.066,0.5,0.5,"Told the town going; town says 49% going. Forecast 54 vs line 60; Q go +0.87 / stay +0.00; going, and saying so."
11,82,MACHIAVELLIAN,57.38,0.846,neural_forecaster,0.2779,0.0762,0.0346,0.6113,false_stay,staying,bar,True,True,True,1.0,pride,0.438,0.5,0.5,"Told the town staying; town says 49% going. Forecast 57 vs line 60; Q go +1.88 / stay +0.81; claiming I'm staying, going anyway."
11,83,CAUTIOUS,32.47,0.734,neural_forecaster,0.0268,0.6613,0.237,0.0749,honest_stay,staying,home,False,False,False,0.3,envy,0.305,0.5,0.5,"Told the town staying; town says 49% going. Forecast 32 vs line 60; Q go -0.04 / stay +0.91; staying home, and saying so."
11,84,MACHIAVELLIAN,64.69,0.783,neural_forecaster,0.2458,0.1127,0.5949,0.0466,false_go,staying,home,False,False,True,0.3,envy,0.601,0.5,0.5,"Told the town staying; town says 49% going. Forecast 65 vs line 60; Q go +0.81 / stay +1.50; staying home, and saying so."
11,85,MACHIAVELLIAN,59.56,0.77,neural_forecaster,0.419,0.0595,0.4682,0.0532,false_go,going,bar,True,False,True,1.0,pride,0.155,0.5,0.5,"Told the town going; town says 49% going. Forecast 60 vs line 60; Q go +0.69 / stay +0.75; going, and saying so."
11,86,PRAGMATIST,57.3,0.812,neural_forecaster,0.1547,0.3638,0.1998,0.2817,honest_stay,staying,home,False,False,False,0.3,envy,0.027,0.5,0.5,"Told the town staying; town says 49% going. Forecast 57 vs line 60; Q go +0.28 / stay +0.35; staying home, and saying so."
11,87,MACHIAVELLIAN,51.14,0.826,neural_forecaster,0.284,0.1925,0.144,0.3796,false_stay,staying,bar,True,True,False,1.0,pride,0.177,0.5,0.5,"Told the town staying; town says 49% going. Forecast 51 vs line 60; Q go +0.65 / stay +0.22; claiming I'm staying, going anyway."
11,88,PRAGMATIST,55.43,0.862,neural_forecaster,0.3261,0.1838,0.2365,0.2535,honest_go,going,bar,True,False,False,1.0,pride,0.2,0.5,0.5,"Told the town going; town says 49% going. Forecast 55 vs line 60; Q go +0.60 / stay +0.32; going, and saying so."
11,89,PRAGMATIST,58.18,0.839,neural_forecaster,0.4909,0.0788,0.3023,0.128,honest_go,going,bar,True,False,False,1.0,pride,0.16,0.5,0.5,"Told the town going; town says 49% going. Forecast 58 vs line 60; Q go +1.32 / stay +1.14; going, and saying so."
11,90,MACHIAVELLIAN,63.36,0.774,neural_forecaster,0.1985,0.2958,0.325,0.1806,false_go,going,home,False,True,False,0.3,envy,0.206,0.5,0.5,"Told the town going; town says 49% going. Forecast 63 vs line 60; Q go +0.31 / stay +0.71; claiming I'm going, staying home."
11,91,PRAGMATIST,65.68,0.737,neural_forecaster,0.3602,0.1594,0.2246,0.2557,honest_go,staying,bar,True,True,False,1.0,pride,0.104,0.5,0.5,"Told the town staying; town says 49% going. Forecast 66 vs line 60; Q go +0.79 / stay +0.47; claiming I'm staying, going anyway."
11,92,GAMBLER,66.16,0.842,neural_forecaster,0.8677,0.0044,0.0476,0.0803,honest_go,going,bar,True,False,False,1.0,pride,0.248,0.5,0.5,"Told the town going; town says 49% going. Forecast 66 vs line 60; Q go +1.50 / stay -0.02; going, and saying so."
11,93,PRAGMATIST,56.9,0.824,neural_forecaster,0.138,0.3826,0.1713,0.3082,honest_stay,staying,bar,True,True,False,1.0,pride,0.288,0.5,0.5,"Told the town staying; town says 49% going. Forecast 57 vs line 60; Q go +0.42 / stay +0.60; claiming I'm staying, going anyway."
11,94,MACHIAVELLIAN,65.93,0.805,neural_forecaster,0.108,0.3587,0.4466,0.0867,false_go,staying,bar,True,True,False,1.0,pride,0.45,0.5,0.5,"Told the town staying; town says 49% going. Forecast 66 vs line 60; Q go +0.10 / stay +0.83; claiming I'm staying, going anyway."
11,95,GAMBLER,56.56,0.792,neural_forecaster,0.5776,0.0485,0.27,0.1038,honest_go,going,bar,True,False,False,1.0,pride,0.041,0.5,0.5,"Told the town going; town says 49% going. Forecast 57 vs line 60; Q go +0.92 / stay +0.63; going, and saying so."
11,96,MACHIAVELLIAN,57.93,0.819,neural_forecaster,0.3049,0.1827,0.1567,0.3557,false_stay,going,home,False,True,False,0.3,envy,0.054,0.5,0.5,"Told the town going; town says 49% going. Forecast 58 vs line 60; Q go +0.96 / stay +0.41; claiming I'm going, staying home."
11,97,CAUTIOUS,55.19,0.825,neural_forecaster,0.0418,0.6099,0.2436,0.1047,honest_stay,staying,home,False,False,True,0.3,envy,0.369,0.5,0.5,"Told the town staying; town says 49% going. Forecast 55 vs line 60; Q go -0.22 / stay +1.04; staying home, and saying so."
11,98,PRAGMATIST,59.94,0.848,neural_forecaster,0.0711,0.468,0.0896,0.3713,honest_stay,staying,bar,True,True,True,1.0,pride,0.437,0.5,0.5,"Told the town staying; town says 49% going. Forecast 60 vs line 60; Q go +0.13 / stay +0.30; claiming I'm staying, going anyway."
11,99,MACHIAVELLIAN,56.52,0.851,neural_forecaster,0.1999,0.1624,0.0558,0.5819,false_stay,staying,bar,True,True,False,1.0,pride,0.012,0.5,0.5,"Told the town staying; town says 49% going. Forecast 57 vs line 60; Q go +1.02 / stay +0.59; claiming I'm staying, going anyway."
11,100,CAUTIOUS,53.29,0.824,neural_forecaster,0.0306,0.6237,0.2765,0.0691,honest_stay,going,home,False,True,False,0.3,envy,0.301,0.5,0.5,"Told the town going; town says 49% going. Forecast 53 vs line 60; Q go -0.21 / stay +0.90; claiming I'm going, staying home."
12,1,MACHIAVELLIAN,59.14,0.786,neural_forecaster,0.1621,0.225,0.5462,0.0668,false_go,going,home,False,True,False,0.3,envy,0.131,0.5,0.5,"Told the town going; town says 50% going. Forecast 59 vs line 60; Q go +0.11 / stay +0.56; claiming I'm going, staying home."
12,2,CAUTIOUS,42.41,0.768,neural_forecaster,0.0404,0.5226,0.3817,0.0553,honest_stay,staying,home,False,False,False,0.3,envy,0.516,0.5,0.5,"Told the town staying; town says 50% going. Forecast 42 vs line 60; Q go +0.54 / stay +1.33; staying home, and saying so."
12,3,GAMBLER,47.21,0.812,neural_forecaster,0.5127,0.0692,0.1183,0.2999,honest_go,going,bar,True,False,False,1.0,pride,0.529,0.5,0.5,"Told the town going; town says 50% going. Forecast 47 vs line 60; Q go +2.06 / stay +1.20; going, and saying so."
12,4,MACHIAVELLIAN,59.68,0.81,neural_forecaster,0.1529,0.0766,0.0155,0.755,false_stay,staying,bar,True,True,False,1.0,pride,0.488,0.5,0.5,"Told the town staying; town says 50% going. Forecast 60 vs line 60; Q go +1.98 / stay +0.58; claiming I'm staying, going anyway."
12,5,MACHIAVELLIAN,60.57,0.801,neural_forecaster,0.2914,0.0723,0.035,0.6013,false_stay,going,bar,True,False,True,1.0,pride,0.023,0.5,0.5,"Told the town going; town says 50% going. Forecast 61 vs line 60; Q go +1.05 / stay +0.39; going, and saying so."
12,6,MACHIAVELLIAN,42.45,0.789,neural_forecaster,0.1702,0.3224,0.1563,0.3511,false_stay,staying,bar,True,True,False,1.0,pride,0.031,0.5,0.5,"Told the town staying; town says 50% going. Forecast 42 vs line 60; Q go +1.06 / stay +1.01; claiming I'm staying, going anyway."
12,7,MACHIAVELLIAN,62.57,0.76,neural_forecaster,0.0367,0.0349,0.9271,0.0014,false_go,going,home,False,True,True,0.3,envy,0.321,0.5,0.5,"Told the town going; town says 50% going. Forecast 63 vs line 60; Q go -0.11 / stay +0.94; claiming I'm going, staying home."
12,8,MACHIAVELLIAN,51.12,0.846,neural_forecaster,0.1174,0.3621,0.1014,0.4191,false_stay,staying,home,False,False,False,0.3,envy,0.303,0.5,0.5,"Told the town staying; town says 50% going. Forecast 51 vs line 60; Q go +1.00 / stay +0.91; staying home, and saying so."
12,9,CAUTIOUS,66.69,0.75,neural_forecaster,0.0195,0.7388,0.106,0.1358,honest_stay,staying,home,False,False,True,0.3,envy,0.11,0.5,0.5,"Told the town staying; town says 50% going. Forecast 67 vs line 60; Q go -0.63 / stay +0.52; staying home, and saying so."
12,10,MACHIAVELLIAN,67.59,0.779,neural_forecaster,0.0417,0.296,0.6431,0.0192,false_go,going,home,False,True,True,0.3,envy,0.25,0.5,0.5,"Told the town going; town says 50% going. Forecast 68 vs line 60; Q go -0.71 / stay +0.80; claiming I'm going, staying home."
12,11,GAMBLER,59.02,0.845,neural_forecaster,0.4725,0.0932,0.1613,0.273,honest_go,going,bar,True,False,True,1.0,pride,0.098,0.5,0.5,"Told the town going; town says 50% going. Forecast 59 vs line 60; Q go +1.20 / stay +0.41; going, and saying so."
12,12,MACHIAVELLIAN,62.4,0.802,neural_forecaster,0.1245,0.2742,0.5377,0.0635,false_go,going,home,False,True,False,0.3,envy,0.452,0.5,0.5,"Told the town going; town says 50% going. Forecast 62 vs line 60; Q go +0.07 / stay +1.20; claiming I'm going, staying home."
12,13,MACHIAVELLIAN,72.64,0.677,neural_forecaster,0.0434,0.3943,0.0323,0.53,false_stay,staying,bar,True,True,False,1.0,pride,0.223,0.5,0.5,"Told the town staying; town says 50% going. Forecast 73 vs line 60; Q go +1.45 / stay +1.20; claiming I'm staying, going anyway."
12,14,MACHIAVELLIAN,45.0,0.793,neural_forecaster,0.0938,0.1773,0.7054,0.0236,false_go,going,home,False,True,True,0.3,envy,0.272,0.5,0.5,"Told the town going; town says 50% going. Forecast 45 vs line 60; Q go -0.38 / stay +0.84; claiming I'm going, staying home."
12,15,MACHIAVELLIAN,56.07,0.83,neural_forecaster,0.0521,0.4403,0.0501,0.4575,false_stay,staying,home,False,False,False,0.3,envy,0.028,0.5,0.5,"Told the town staying; town says 50% going. Forecast 56 vs line 60; Q go +0.26 / stay +0.24; staying home, and saying so."
12,16,CAUTIOUS,52.89,0.839,neural_forecaster,0.0479,0.563,0.2989,0.0903,honest_stay,staying,home,False,False,False,0.3,envy,0.55,0.5,0.5,"Told the town staying; town says 50% going. Forecast 53 vs line 60; Q go +0.61 / stay +1.40; staying home, and saying so."
12,17,PRAGMATIST,50.78,0.799,neural_forecaster,0.0319,0.575,0.0541,0.3391,honest_stay,staying,bar,True,True,True,1.0,pride,0.31,0.5,0.5,"Told the town staying; town says 50% going. Forecast 51 vs line 60; Q go +0.38 / stay +0.49; claiming I'm staying, going anyway."
12,18,MACHIAVELLIAN,51.96,0.801,neural_forecaster,0.2293,0.1361,0.0537,0.5809,false_stay,going,bar,True,False,False,1.0,pride,0.1,0.5,0.5,"Told the town going; town says 50% going. Forecast 52 vs line 60; Q go +1.20 / stay +0.39; going, and saying so."
12,19,STRAIGHT SHOOTER,49.86,0.834,neural_forecaster,0.0083,0.7949,0.0431,0.1536,honest_stay,staying,home,False,False,True,0.3,envy,0.13,0.5,0.5,"Told the town staying; town says 50% going. Forecast 50 vs line 60; Q go +0.14 / stay +0.56; staying home, and saying so."
12,20,MACHIAVELLIAN,49.22,0.794,neural_forecaster,0.1049,0.3251,0.0679,0.5022,false_stay,staying,home,False,False,True,0.3,envy,0.152,0.5,0.5,"Told the town staying; town says 50% going. Forecast 49 vs line 60; Q go +0.97 / stay +0.60; staying home, and saying so."
12,21,MACHIAVELLIAN,51.94,0.822,neural_forecaster,0.2792,0.1294,0.0692,0.5222,false_stay,staying,home,False,False,True,0.3,envy,0.078,0.5,0.5,"Told the town staying; town says 50% going. Forecast 52 vs line 60; Q go +1.16 / stay +0.46; staying home, and saying so."
12,22,MACHIAVELLIAN,40.5,0.842,neural_forecaster,0.1403,0.2861,0.0816,0.4921,false_stay,staying,bar,True,True,True,1.0,pride,0.082,0.5,0.5,"Told the town staying; town says 50% going. Forecast 40 vs line 60; Q go +0.84 / stay +0.54; claiming I'm staying, going anyway."
12,23,MACHIAVELLIAN,47.88,0.89,neural_forecaster,0.2537,0.2069,0.412,0.1274,false_go,going,home,False,True,False,0.3,envy,0.098,0.5,0.5,"Told the town going; town says 50% going. Forecast 48 vs line 60; Q go +0.16 / stay +0.50; claiming I'm going, staying home."
12,24,STRAIGHT SHOOTER,58.45,0.759,neural_forecaster,0.0045,0.864,0.0445,0.087,honest_stay,staying,home,False,False,False,0.3,envy,0.404,0.5,0.5,"Told the town staying; town says 50% going. Forecast 58 vs line 60; Q go +0.25 / stay +1.11; staying home, and saying so."
12,25,CAUTIOUS,57.55,0.727,neural_forecaster,0.0078,0.7689,0.192,0.0312,honest_stay,staying,home,False,False,True,0.3,envy,0.373,0.5,0.5,"Told the town staying; town says 50% going. Forecast 58 vs line 60; Q go +0.14 / stay +1.05; staying home, and saying so."
12,26,MACHIAVELLIAN,58.38,0.79,neural_forecaster,0.0447,0.0226,0.9316,0.0011,false_go,going,home,False,True,False,0.3,envy,0.499,0.5,0.5,"Told the town going; town says 50% going. Forecast 58 vs line 60; Q go +0.48 / stay +1.30; claiming I'm going, staying home."
12,27,MACHIAVELLIAN,54.43,0.757,neural_forecaster,0.2708,0.123,0.5451,0.0611,false_go,going,home,False,True,False,0.3,envy,0.461,0.5,0.5,"Told the town going; town says 50% going. Forecast 54 vs line 60; Q go +0.89 / stay +1.22; claiming I'm going, staying home."
12,28,CAUTIOUS,65.38,0.772,neural_forecaster,0.0467,0.5461,0.3297,0.0774,honest_stay,going,home,False,True,True,0.3,envy,0.245,0.5,0.5,"Told the town going; town says 50% going. Forecast 65 vs line 60; Q go -0.86 / stay +0.79; claiming I'm going, staying home."
12,29,CAUTIOUS,61.07,0.729,neural_forecaster,0.0182,0.7241,0.0704,0.1873,honest_stay,going,home,False,True,False,0.3,envy,0.039,0.5,0.5,"Told the town going; town says 50% going. Forecast 61 vs line 60; Q go -0.40 / stay +0.38; claiming I'm going, staying home."
12,30,GAMBLER,66.49,0.764,neural_forecaster,0.5964,0.05,0.1384,0.2152,honest_go,going,bar,True,False,False,1.0,pride,0.114,0.5,0.5,"Told the town going; town says 50% going. Forecast 66 vs line 60; Q go +1.23 / stay +0.64; going, and saying so."
12,31,PRAGMATIST,54.3,0.811,neural_forecaster,0.2083,0.2931,0.2158,0.2829,honest_stay,going,home,False,True,True,0.3,envy,0.272,0.5,0.5,"Told the town going; town says 50% going. Forecast 54 vs line 60; Q go +0.83 / stay +0.84; claiming I'm going, staying home."
12,32,MACHIAVELLIAN,61.24,0.762,neural_forecaster,0.4252,0.0274,0.5253,0.0221,false_go,going,home,False,True,False,0.3,envy,0.177,0.5,0.5,"Told the town going; town says 50% going. Forecast 61 vs line 60; Q go +0.61 / stay +0.65; claiming I'm going, staying home."
12,33,MACHIAVELLIAN,52.02,0.784,neural_forecaster,0.2826,0.1853,0.4018,0.1303,false_go,going,home,False,True,False,0.3,envy,0.085,0.5,0.5,"Told the town going; town says 50% going. Forecast 52 vs line 60; Q go +0.24 / stay +0.47; claiming I'm going, staying home."
12,34,GAMBLER,60.56,0.79,neural_forecaster,0.4288,0.111,0.157,0.3031,honest_go,staying,bar,True,True,True,1.0,pride,0.422,0.5,0.5,"Told the town staying; town says 50% going. Forecast 61 vs line 60; Q go +1.84 / stay +1.29; claiming I'm staying, going anyway."
12,35,CAUTIOUS,60.6,0.776,neural_forecaster,0.0067,0.8424,0.0843,0.0666,honest_stay,going,home,False,True,True,0.3,envy,0.288,0.5,0.5,"Told the town going; town says 50% going. Forecast 61 vs line 60; Q go +0.11 / stay +0.88; claiming I'm going, staying home."
12,36,MACHIAVELLIAN,60.52,0.839,neural_forecaster,0.1946,0.0702,0.7162,0.0191,false_go,going,home,False,True,False,0.3,envy,0.36,0.5,0.5,"Told the town going; town says 50% going. Forecast 61 vs line 60; Q go +0.43 / stay +1.02; claiming I'm going, staying home."
12,37,MACHIAVELLIAN,63.39,0.746,neural_forecaster,0.0514,0.2154,0.0154,0.7179,false_stay,staying,home,False,False,True,0.3,envy,0.566,0.5,0.5,"Told the town staying; town says 50% going. Forecast 63 vs line 60; Q go +1.67 / stay +1.43; staying home, and saying so."
12,38,MACHIAVELLIAN,56.74,0.784,neural_forecaster,0.3156,0.1625,0.3904,0.1314,false_go,going,home,False,True,True,0.3,envy,0.036,0.5,0.5,"Told the town going; town says 50% going. Forecast 57 vs line 60; Q go +0.07 / stay +0.23; claiming I'm going, staying home."
12,39,CAUTIOUS,58.96,0.79,neural_forecaster,0.0311,0.668,0.1075,0.1934,honest_stay,staying,home,False,False,True,0.3,envy,0.243,0.5,0.5,"Told the town staying; town says 50% going. Forecast 59 vs line 60; Q go +0.41 / stay +0.79; staying home, and saying so."
12,40,MACHIAVELLIAN,64.61,0.753,neural_forecaster,0.2606,0.1507,0.5121,0.0767,false_go,going,home,False,True,True,0.3,envy,0.028,0.5,0.5,"Told the town going; town says 50% going. Forecast 65 vs line 60; Q go +0.22 / stay +0.36; claiming I'm going, staying home."
12,41,CAUTIOUS,50.02,0.81,neural_forecaster,0.0506,0.5899,0.2291,0.1304,honest_stay,staying,bar,True,True,True,1.0,pride,0.282,0.5,0.5,"Told the town staying; town says 50% going. Forecast 50 vs line 60; Q go +0.44 / stay +1.23; claiming I'm staying, going anyway."
12,42,PRAGMATIST,49.36,0.815,neural_forecaster,0.5029,0.069,0.3195,0.1086,honest_go,going,home,False,True,True,0.3,envy,0.239,0.5,0.5,"Told the town going; town says 50% going. Forecast 49 vs line 60; Q go +0.93 / stay +0.78; claiming I'm going, staying home."
12,43,MACHIAVELLIAN,67.72,0.745,neural_forecaster,0.1558,0.2289,0.5505,0.0648,false_go,going,home,False,True,True,0.3,envy,0.651,0.5,0.5,"Told the town going; town says 50% going. Forecast 68 vs line 60; Q go +0.80 / stay +1.60; claiming I'm going, staying home."
12,44,CAUTIOUS,63.35,0.796,neural_forecaster,0.0106,0.8048,0.0906,0.0941,honest_stay,staying,home,False,False,False,0.3,envy,0.216,0.5,0.5,"Told the town staying; town says 50% going. Forecast 63 vs line 60; Q go +0.22 / stay +0.73; staying home, and saying so."
12,45,MACHIAVELLIAN,64.34,0.783,neural_forecaster,0.0812,0.1901,0.7069,0.0218,false_go,going,home,False,True,False,0.3,envy,0.241,0.5,0.5,"Told the town going; town says 50% going. Forecast 64 vs line 60; Q go +0.09 / stay +0.78; claiming I'm going, staying home."
12,46,CAUTIOUS,60.31,0.82,neural_forecaster,0.0904,0.4416,0.3556,0.1123,honest_stay,staying,home,False,False,False,0.3,envy,0.299,0.5,0.5,"Told the town staying; town says 50% going. Forecast 60 vs line 60; Q go +0.32 / stay +0.90; staying home, and saying so."
12,47,MACHIAVELLIAN,58.49,0.813,neural_forecaster,0.3199,0.1744,0.1626,0.3431,false_stay,staying,bar,True,True,False,1.0,pride,0.224,0.5,0.5,"Told the town staying; town says 50% going. Forecast 58 vs line 60; Q go +1.45 / stay +1.07; claiming I'm staying, going anyway."
12,48,MACHIAVELLIAN,62.25,0.782,neural_forecaster,0.2534,0.1945,0.4403,0.1119,false_go,staying,bar,True,True,False,1.0,pride,0.368,0.5,0.5,"Told the town staying; town says 50% going. Forecast 62 vs line 60; Q go +0.26 / stay +0.71; claiming I'm staying, going anyway."
12,49,GAMBLER,57.9,0.756,neural_forecaster,0.3486,0.1573,0.1683,0.3258,honest_go,staying,bar,True,True,True,1.0,pride,0.271,0.5,0.5,"Told the town staying; town says 50% going. Forecast 58 vs line 60; Q go +0.46 / stay -0.08; claiming I'm staying, going anyway."
12,50,MACHIAVELLIAN,52.4,0.776,neural_forecaster,0.2352,0.0903,0.6414,0.0331,false_go,going,bar,True,False,False,1.0,pride,0.486,0.5,0.5,"Told the town going; town says 50% going. Forecast 52 vs line 60; Q go +0.03 / stay +0.85; going, and saying so."
12,51,PRAGMATIST,56.03,0.812,neural_forecaster,0.0456,0.517,0.0629,0.3745,honest_stay,staying,home,False,False,True,0.3,envy,0.434,0.5,0.5,"Told the town staying; town says 50% going. Forecast 56 vs line 60; Q go +1.09 / stay +1.17; staying home, and saying so."
12,52,MACHIAVELLIAN,62.31,0.774,neural_forecaster,0.1149,0.0905,0.0133,0.7813,false_stay,staying,bar,True,True,False,1.0,pride,0.619,0.5,0.5,"Told the town staying; town says 50% going. Forecast 62 vs line 60; Q go +2.24 / stay +0.97; claiming I'm staying, going anyway."
12,53,MACHIAVELLIAN,59.9,0.834,neural_forecaster,0.0523,0.2307,0.6998,0.0172,false_go,staying,home,False,False,True,0.3,envy,0.145,0.5,0.5,"Told the town staying; town says 50% going. Forecast 60 vs line 60; Q go -0.79 / stay +0.59; staying home, and saying so."
12,54,GAMBLER,55.78,0.783,neural_forecaster,0.6716,0.0094,0.0213,0.2977,honest_go,staying,bar,True,True,True,1.0,pride,0.074,0.5,0.5,"Told the town staying; town says 50% going. Forecast 56 vs line 60; Q go +1.15 / stay -0.04; claiming I'm staying, going anyway."
12,55,GAMBLER,67.18,0.754,neural_forecaster,0.638,0.0197,0.0418,0.3005,honest_go,going,bar,True,False,False,1.0,pride,0.179,0.5,0.5,"Told the town going; town says 50% going. Forecast 67 vs line 60; Q go +1.36 / stay -0.20; going, and saying so."
12,56,PRAGMATIST,60.4,0.7,neural_forecaster,0.3184,0.1889,0.2239,0.2687,honest_go,staying,bar,True,True,False,1.0,pride,0.414,0.5,0.5,"Told the town staying; town says 50% going. Forecast 60 vs line 60; Q go +0.17 / stay +0.08; claiming I'm staying, going anyway."
12,57,MACHIAVELLIAN,60.36,0.764,neural_forecaster,0.3977,0.0831,0.4448,0.0743,false_go,going,bar,True,False,False,1.0,pride,0.253,0.5,0.5,"Told the town going; town says 50% going. Forecast 60 vs line 60; Q go +0.49 / stay +0.53; going, and saying so."
12,58,MACHIAVELLIAN,69.33,0.754,neural_forecaster,0.2815,0.2183,0.2831,0.2171,false_go,going,bar,True,False,False,1.0,pride,0.19,0.5,0.5,"Told the town going; town says 50% going. Forecast 69 vs line 60; Q go +0.62 / stay +0.62; going, and saying so."
12,59,GAMBLER,51.93,0.851,neural_forecaster,0.5464,0.0519,0.0913,0.3104,honest_go,going,bar,True,False,False,1.0,pride,0.009,0.5,0.5,"Told the town going; town says 50% going. Forecast 52 vs line 60; Q go +1.02 / stay +0.37; going, and saying so."
12,60,MACHIAVELLIAN,56.81,0.788,neural_forecaster,0.1286,0.2522,0.5614,0.0578,false_go,going,home,False,True,False,0.3,envy,0.4,0.5,0.5,"Told the town going; town says 50% going. Forecast 57 vs line 60; Q go +0.18 / stay +1.10; claiming I'm going, staying home."
12,61,PRAGMATIST,56.34,0.731,neural_forecaster,0.0075,0.6192,0.0128,0.3605,honest_stay,staying,home,False,False,False,0.3,envy,0.177,0.5,0.5,"Told the town staying; town says 50% going. Forecast 56 vs line 60; Q go +0.46 / stay +0.65; staying home, and saying so."
12,62,PRAGMATIST,52.97,0.845,neural_forecaster,0.1594,0.3553,0.1954,0.2898,honest_stay,staying,home,False,False,False,0.3,envy,0.085,0.5,0.5,"Told the town staying; town says 50% going. Forecast 53 vs line 60; Q go +0.01 / stay +0.13; staying home, and saying so."
12,63,GAMBLER,52.75,0.733,neural_forecaster,0.8083,0.0094,0.1171,0.0652,honest_go,going,bar,True,False,True,1.0,pride,0.181,0.5,0.5,"Told the town going; town says 50% going. Forecast 53 vs line 60; Q go +0.64 / stay +0.26; going, and saying so."
12,64,MACHIAVELLIAN,51.34,0.766,neural_forecaster,0.3253,0.1083,0.4951,0.0712,false_go,going,home,False,True,True,0.3,envy,0.158,0.5,0.5,"Told the town going; town says 50% going. Forecast 51 vs line 60; Q go +0.42 / stay +0.62; claiming I'm going, staying home."
12,65,MACHIAVELLIAN,52.83,0.817,neural_forecaster,0.2259,0.0257,0.7405,0.0078,false_go,going,home,False,True,False,0.3,envy,0.213,0.5,0.5,"Told the town going; town says 50% going. Forecast 53 vs line 60; Q go +0.43 / stay +0.73; claiming I'm going, staying home."
12,66,MACHIAVELLIAN,49.98,0.814,neural_forecaster,0.1508,0.16,0.037,0.6523,false_stay,staying,bar,True,True,True,1.0,pride,0.048,0.5,0.5,"Told the town staying; town says 50% going. Forecast 50 vs line 60; Q go +0.90 / stay +0.49; claiming I'm staying, going anyway."
12,67,PRAGMATIST,55.05,0.843,neural_forecaster,0.1576,0.3511,0.1751,0.3161,honest_stay,staying,home,False,False,False,0.3,envy,0.254,0.5,0.5,"Told the town staying; town says 50% going. Forecast 55 vs line 60; Q go +0.73 / stay +0.81; staying home, and saying so."
12,68,MACHIAVELLIAN,60.37,0.8,neural_forecaster,0.2784,0.1374,0.0751,0.5092,false_stay,going,bar,True,False,False,1.0,pride,0.067,0.5,0.5,"Told the town going; town says 50% going. Forecast 60 vs line 60; Q go +0.87 / stay +0.09; going, and saying so."
12,69,MACHIAVELLIAN,64.19,0.779,neural_forecaster,0.2499,0.1489,0.5312,0.0701,false_go,staying,bar,True,True,False,1.0,pride,0.238,0.5,0.5,"Told the town staying; town says 50% going. Forecast 64 vs line 60; Q go +0.52 / stay +1.14; claiming I'm staying, going anyway."
12,70,MACHIAVELLIAN,52.07,0.821,neural_forecaster,0.0937,0.378,0.0788,0.4495,false_stay,staying,home,False,False,False,0.3,envy,0.155,0.5,0.5,"Told the town staying; town says 50% going. Forecast 52 vs line 60; Q go +0.73 / stay +0.61; staying home, and saying so."
12,71,MACHIAVELLIAN,46.46,0.898,neural_forecaster,0.0767,0.3141,0.0425,0.5667,false_stay,staying,bar,True,True,True,1.0,pride,0.279,0.5,0.5,"Told the town staying; town says 50% going. Forecast 46 vs line 60; Q go +1.56 / stay +1.13; claiming I'm staying, going anyway."
12,72,MACHIAVELLIAN,46.79,0.755,neural_forecaster,0.3737,0.0525,0.0365,0.5373,false_stay,staying,bar,True,True,False,1.0,pride,0.291,0.5,0.5,"Told the town staying; town says 50% going. Forecast 47 vs line 60; Q go +1.58 / stay +0.97; claiming I'm staying, going anyway."
12,73,PRAGMATIST,56.91,0.814,neural_forecaster,0.4627,0.0708,0.3803,0.0862,honest_go,going,home,False,True,True,0.3,envy,0.059,0.5,0.5,"Told the town going; town says 50% going. Forecast 57 vs line 60; Q go +0.24 / stay +0.18; claiming I'm going, staying home."
12,74,MACHIAVELLIAN,54.88,0.823,neural_forecaster,0.3693,0.0734,0.5034,0.0538,false_go,going,bar,True,False,True,1.0,pride,0.301,0.5,0.5,"Told the town going; town says 50% going. Forecast 55 vs line 60; Q go +0.40 / stay +0.47; going, and saying so."
12,75,MACHIAVELLIAN,51.69,0.834,neural_forecaster,0.1625,0.2993,0.1149,0.4232,false_stay,staying,home,False,False,True,0.3,envy,0.084,0.5,0.5,"Told the town staying; town says 50% going. Forecast 52 vs line 60; Q go +0.21 / stay +0.13; staying home, and saying so."
12,76,STRAIGHT SHOOTER,58.93,0.809,neural_forecaster,0.0046,0.8557,0.0398,0.0999,honest_stay,staying,home,False,False,True,0.3,envy,0.196,0.5,0.5,"Told the town staying; town says 50% going. Forecast 59 vs line 60; Q go +0.00 / stay +0.69; staying home, and saying so."
12,77,GAMBLER,52.11,0.823,neural_forecaster,0.435,0.1099,0.1646,0.2905,honest_go,going,bar,True,False,True,1.0,pride,0.109,0.5,0.5,"Told the town going; town says 50% going. Forecast 52 vs line 60; Q go +1.22 / stay +0.48; going, and saying so."
12,78,PRAGMATIST,48.21,0.804,neural_forecaster,0.0951,0.4323,0.1149,0.3577,honest_stay,going,home,False,True,True,0.3,envy,0.156,0.5,0.5,"Told the town going; town says 50% going. Forecast 48 vs line 60; Q go +0.49 / stay +0.61; claiming I'm going, staying home."
12,79,PRAGMATIST,47.27,0.833,neural_forecaster,0.4208,0.1064,0.342,0.1309,honest_go,going,home,False,True,False,0.3,envy,0.101,0.5,0.5,"Told the town going; town says 50% going. Forecast 47 vs line 60; Q go +0.64 / stay +0.50; claiming I'm going, staying home."
12,80,MACHIAVELLIAN,57.59,0.807,neural_forecaster,0.3581,0.0742,0.5163,0.0514,false_go,going,bar,True,False,True,1.0,pride,0.119,0.5,0.5,"Told the town going; town says 50% going. Forecast 58 vs line 60; Q go +0.76 / stay +0.86; going, and saying so."
12,81,PRAGMATIST,54.13,0.818,neural_forecaster,0.0345,0.5555,0.0537,0.3563,honest_stay,staying,bar,True,True,False,1.0,pride,0.297,0.5,0.5,"Told the town staying; town says 50% going. Forecast 54 vs line 60; Q go +0.41 / stay +0.69; claiming I'm staying, going anyway."
12,82,PRAGMATIST,51.1,0.848,neural_forecaster,0.0492,0.5274,0.0743,0.3491,honest_stay,staying,home,False,False,True,0.3,envy,0.064,0.5,0.5,"Told the town staying; town says 50% going. Forecast 51 vs line 60; Q go -0.02 / stay +0.17; staying home, and saying so."
12,83,MACHIAVELLIAN,58.01,0.731,neural_forecaster,0.0164,0.3768,0.0104,0.5965,false_stay,staying,home,False,False,False,0.3,envy,0.036,0.5,0.5,"Told the town staying; town says 50% going. Forecast 58 vs line 60; Q go +0.56 / stay +0.37; staying home, and saying so."
12,84,MACHIAVELLIAN,51.87,0.795,neural_forecaster,0.3286,0.0248,0.6336,0.0129,false_go,staying,bar,True,True,True,1.0,pride,0.168,0.5,0.5,"Told the town staying; town says 50% going. Forecast 52 vs line 60; Q go +0.66 / stay +1.16; claiming I'm staying, going anyway."
12,85,PRAGMATIST,56.97,0.764,neural_forecaster,0.1331,0.3728,0.1401,0.3541,honest_stay,going,bar,True,False,False,1.0,pride,0.388,0.5,0.5,"Told the town going; town says 50% going. Forecast 57 vs line 60; Q go +0.22 / stay +0.25; going, and saying so."
12,86,CAUTIOUS,54.05,0.809,neural_forecaster,0.0212,0.6453,0.0479,0.2856,honest_stay,going,home,False,True,False,0.3,envy,0.074,0.5,0.5,"Told the town going; town says 50% going. Forecast 54 vs line 60; Q go +0.22 / stay +0.45; claiming I'm going, staying home."
12,87,PRAGMATIST,52.59,0.827,neural_forecaster,0.1629,0.3492,0.1928,0.2951,honest_stay,staying,bar,True,True,False,1.0,pride,0.353,0.5,0.5,"Told the town staying; town says 50% going. Forecast 53 vs line 60; Q go +0.29 / stay +0.40; claiming I'm staying, going anyway."
12,88,MACHIAVELLIAN,50.0,0.866,neural_forecaster,0.2646,0.175,0.1008,0.4596,false_stay,staying,home,False,False,True,0.3,envy,0.15,0.5,0.5,"Told the town staying; town says 50% going. Forecast 50 vs line 60; Q go +1.42 / stay +0.60; staying home, and saying so."
12,89,GAMBLER,46.05,0.863,neural_forecaster,0.6494,0.0308,0.0855,0.2342,honest_go,staying,bar,True,True,False,1.0,pride,0.333,0.5,0.5,"Told the town staying; town says 50% going. Forecast 46 vs line 60; Q go +1.67 / stay +0.86; claiming I'm staying, going anyway."
12,90,MACHIAVELLIAN,54.33,0.778,neural_forecaster,0.26,0.2394,0.2701,0.2304,false_go,going,bar,True,False,True,1.0,pride,0.112,0.5,0.5,"Told the town going; town says 50% going. Forecast 54 vs line 60; Q go +0.78 / stay +0.81; going, and saying so."
12,91,PRAGMATIST,62.57,0.715,neural_forecaster,0.1888,0.3157,0.2902,0.2054,honest_stay,going,home,False,True,True,0.3,envy,0.372,0.5,0.5,"Told the town going; town says 50% going. Forecast 63 vs line 60; Q go +0.76 / stay +1.04; claiming I'm going, staying home."
12,92,MACHIAVELLIAN,42.66,0.869,neural_forecaster,0.0734,0.2672,0.6282,0.0312,false_go,staying,home,False,False,True,0.3,envy,0.232,0.5,0.5,"Told the town staying; town says 50% going. Forecast 43 vs line 60; Q go +0.11 / stay +0.76; staying home, and saying so."
12,93,CAUTIOUS,58.19,0.802,neural_forecaster,0.0774,0.5163,0.2398,0.1665,honest_stay,staying,home,False,False,True,0.3,envy,0.447,0.5,0.5,"Told the town staying; town says 50% going. Forecast 58 vs line 60; Q go +0.32 / stay +1.19; staying home, and saying so."
12,94,PRAGMATIST,57.13,0.791,neural_forecaster,0.5479,0.0355,0.3631,0.0535,honest_go,going,bar,True,False,False,1.0,pride,0.126,0.5,0.5,"Told the town going; town says 50% going. Forecast 57 vs line 60; Q go +0.75 / stay +0.55; going, and saying so."
12,95,GAMBLER,58.91,0.774,neural_forecaster,0.5966,0.0477,0.1218,0.2339,honest_go,going,bar,True,False,False,1.0,pride,0.057,0.5,0.5,"Told the town going; town says 50% going. Forecast 59 vs line 60; Q go +0.89 / stay +0.29; going, and saying so."
12,96,PRAGMATIST,60.53,0.789,neural_forecaster,0.378,0.1457,0.2785,0.1978,honest_go,going,bar,True,False,True,1.0,pride,0.158,0.5,0.5,"Told the town going; town says 50% going. Forecast 61 vs line 60; Q go +0.68 / stay +0.44; going, and saying so."
12,97,MACHIAVELLIAN,56.17,0.811,neural_forecaster,0.3129,0.0601,0.0316,0.5954,false_stay,going,bar,True,False,True,1.0,pride,0.44,0.5,0.5,"Told the town going; town says 50% going. Forecast 56 vs line 60; Q go +1.88 / stay +0.16; going, and saying so."
12,98,MACHIAVELLIAN,46.74,0.868,neural_forecaster,0.1964,0.1407,0.0447,0.6182,false_stay,staying,bar,True,True,False,1.0,pride,0.567,0.5,0.5,"Told the town staying; town says 50% going. Forecast 47 vs line 60; Q go +2.13 / stay +1.04; claiming I'm staying, going anyway."
12,99,PRAGMATIST,53.4,0.843,neural_forecaster,0.098,0.4546,0.1495,0.2979,honest_stay,staying,bar,True,True,False,1.0,pride,0.14,0.5,0.5,"Told the town staying; town says 50% going. Forecast 53 vs line 60; Q go +0.72 / stay +0.86; claiming I'm staying, going anyway."
12,100,CAUTIOUS,55.76,0.812,neural_forecaster,0.0308,0.6384,0.0779,0.2529,honest_stay,going,home,False,True,False,0.3,envy,0.143,0.5,0.5,"Told the town going; town says 50% going. Forecast 56 vs line 60; Q go +0.19 / stay +0.59; claiming I'm going, staying home."
13,1,MACHIAVELLIAN,46.78,0.828,neural_forecaster,0.0594,0.4102,0.0508,0.4796,false_stay,staying,bar,True,True,True,1.0,pride,0.196,0.5,0.5,"Told the town staying; town says 48% going. Forecast 47 vs line 60; Q go +0.61 / stay +0.55; claiming I'm staying, going anyway."
13,2,CAUTIOUS,54.11,0.786,neural_forecaster,0.1158,0.415,0.3183,0.1509,honest_stay,staying,home,False,False,False,0.3,envy,0.289,0.5,0.5,"Told the town staying; town says 48% going. Forecast 54 vs line 60; Q go +0.55 / stay +0.88; staying home, and saying so."
13,3,GAMBLER,46.99,0.849,neural_forecaster,0.7106,0.0177,0.0593,0.2124,honest_go,going,bar,True,False,False,1.0,pride,0.457,0.5,0.5,"Told the town going; town says 48% going. Forecast 47 vs line 60; Q go +1.91 / stay +0.26; going, and saying so."
13,4,CAUTIOUS,56.82,0.809,neural_forecaster,0.0504,0.5757,0.1101,0.2638,honest_stay,going,home,False,True,True,0.3,envy,0.601,0.5,0.5,"Told the town going; town says 48% going. Forecast 57 vs line 60; Q go +1.10 / stay +1.50; claiming I'm going, staying home."
13,5,CAUTIOUS,60.51,0.787,neural_forecaster,0.0116,0.6182,0.3498,0.0205,honest_stay,staying,home,False,False,True,0.3,envy,0.661,0.5,0.5,"Told the town staying; town says 48% going. Forecast 61 vs line 60; Q go +0.31 / stay +1.62; staying home, and saying so."
13,6,MACHIAVELLIAN,52.08,0.811,neural_forecaster,0.2646,0.2158,0.1578,0.3618,false_stay,going,bar,True,False,False,1.0,pride,0.06,0.5,0.5,"Told the town going; town says 48% going. Forecast 52 vs line 60; Q go +0.88 / stay +0.59; going, and saying so."
13,7,MACHIAVELLIAN,65.64,0.734,neural_forecaster,0.0201,0.3953,0.5706,0.0139,false_go,going,home,False,True,False,0.3,envy,0.628,0.5,0.5,"Told the town going; town says 48% going. Forecast 66 vs line 60; Q go -0.17 / stay +1.56; claiming I'm going, staying home."
13,8,MACHIAVELLIAN,54.66,0.846,neural_forecaster,0.1244,0.3752,0.124,0.3765,false_stay,staying,home,False,False,False,0.3,envy,0.25,0.5,0.5,"Told the town staying; town says 48% going. Forecast 55 vs line 60; Q go +0.80 / stay +0.80; staying home, and saying so."
13,9,GAMBLER,64.71,0.729,neural_forecaster,0.5893,0.0424,0.0896,0.2787,honest_go,going,home,False,True,False,0.3,envy,0.241,0.5,0.5,"Told the town going; town says 48% going. Forecast 65 vs line 60; Q go +2.03 / stay +0.78; claiming I'm going, staying home."
13,10,MACHIAVELLIAN,52.36,0.801,neural_forecaster,0.2356,0.0858,0.0312,0.6473,false_stay,going,bar,True,False,True,1.0,pride,0.268,0.5,0.5,"Told the town going; town says 48% going. Forecast 52 vs line 60; Q go +1.54 / stay +0.62; going, and saying so."
13,11,PRAGMATIST,52.49,0.854,neural_forecaster,0.0774,0.5011,0.1358,0.2857,honest_stay,staying,bar,True,True,False,1.0,pride,0.363,0.5,0.5,"Told the town staying; town says 48% going. Forecast 52 vs line 60; Q go +0.27 / stay +0.67; claiming I'm staying, going anyway."
13,12,PRAGMATIST,57.23,0.801,neural_forecaster,0.3307,0.1747,0.189,0.3056,honest_go,staying,bar,True,True,True,1.0,pride,0.26,0.5,0.5,"Told the town staying; town says 48% going. Forecast 57 vs line 60; Q go +0.48 / stay +0.08; claiming I'm staying, going anyway."
13,13,MACHIAVELLIAN,49.88,0.73,neural_forecaster,0.0335,0.4091,0.0258,0.5315,false_stay,staying,bar,True,True,False,1.0,pride,0.16,0.5,0.5,"Told the town staying; town says 48% going. Forecast 50 vs line 60; Q go +1.32 / stay +1.11; claiming I'm staying, going anyway."
13,14,CAUTIOUS,66.34,0.757,neural_forecaster,0.1031,0.4545,0.2671,0.1753,honest_stay,going,home,False,True,False,0.3,envy,0.206,0.5,0.5,"Told the town going; town says 48% going. Forecast 66 vs line 60; Q go +0.20 / stay +0.71; claiming I'm going, staying home."
13,15,CAUTIOUS,58.5,0.818,neural_forecaster,0.0029,0.8779,0.0277,0.0915,honest_stay,staying,home,False,False,False,0.3,envy,0.288,0.5,0.5,"Told the town staying; town says 48% going. Forecast 59 vs line 60; Q go +0.20 / stay +0.88; staying home, and saying so."
13,16,MACHIAVELLIAN,53.16,0.846,neural_forecaster,0.2756,0.221,0.2024,0.301,false_stay,staying,bar,True,True,True,1.0,pride,0.056,0.5,0.5,"Told the town staying; town says 48% going. Forecast 53 vs line 60; Q go +1.11 / stay +0.99; claiming I'm staying, going anyway."
13,17,PRAGMATIST,56.9,0.799,neural_forecaster,0.2704,0.2297,0.2299,0.2701,honest_go,going,home,False,True,True,0.3,envy,0.267,0.5,0.5,"Told the town going; town says 48% going. Forecast 57 vs line 60; Q go +0.87 / stay +0.83; claiming I'm going, staying home."
13,18,GAMBLER,58.13,0.797,neural_forecaster,0.766,0.011,0.1751,0.0479,honest_go,going,home,False,True,True,0.3,envy,0.077,0.5,0.5,"Told the town going; town says 48% going. Forecast 58 vs line 60; Q go +1.25 / stay +0.45; claiming I'm going, staying home."
13,19,CAUTIOUS,56.33,0.83,neural_forecaster,0.029,0.6144,0.0602,0.2963,honest_stay,staying,home,False,False,False,0.3,envy,0.289,0.5,0.5,"Told the town staying; town says 48% going. Forecast 56 vs line 60; Q go +0.70 / stay +0.88; staying home, and saying so."
13,20,MACHIAVELLIAN,56.61,0.797,neural_forecaster,0.1681,0.208,0.0623,0.5616,false_stay,staying,bar,True,True,True,1.0,pride,0.151,0.5,0.5,"Told the town staying; town says 48% going. Forecast 57 vs line 60; Q go +1.30 / stay +0.49; claiming I'm staying, going anyway."
13,21,MACHIAVELLIAN,56.73,0.819,neural_forecaster,0.352,0.1175,0.095,0.4355,false_stay,staying,home,False,False,False,0.3,envy,0.253,0.5,0.5,"Told the town staying; town says 48% going. Forecast 57 vs line 60; Q go +1.44 / stay +0.81; staying home, and saying so."
13,22,CAUTIOUS,58.15,0.829,neural_forecaster,0.039,0.6423,0.1783,0.1404,honest_stay,staying,home,False,False,True,0.3,envy,0.29,0.5,0.5,"Told the town staying; town says 48% going. Forecast 58 vs line 60; Q go +0.03 / stay +0.88; staying home, and saying so."
13,23,MACHIAVELLIAN,58.63,0.865,neural_forecaster,0.1588,0.2197,0.5591,0.0624,false_go,going,home,False,True,False,0.3,envy,0.404,0.5,0.5,"Told the town going; town says 48% going. Forecast 59 vs line 60; Q go +0.25 / stay +1.11; claiming I'm going, staying home."
13,24,MACHIAVELLIAN,63.89,0.739,neural_forecaster,0.0363,0.1039,0.0044,0.8554,false_stay,staying,bar,True,True,True,1.0,pride,0.078,0.5,0.5,"Told the town staying; town says 48% going. Forecast 64 vs line 60; Q go +1.16 / stay +0.42; claiming I'm staying, going anyway."
13,25,CAUTIOUS,45.92,0.777,neural_forecaster,0.0265,0.6067,0.0508,0.3161,honest_stay,staying,bar,True,True,True,1.0,pride,0.275,0.5,0.5,"Told the town staying; town says 48% going. Forecast 46 vs line 60; Q go +0.45 / stay +0.61; claiming I'm staying, going anyway."
13,26,MACHIAVELLIAN,58.7,0.785,neural_forecaster,0.0547,0.0251,0.9187,0.0015,false_go,going,home,False,True,False,0.3,envy,0.498,0.5,0.5,"Told the town going; town says 48% going. Forecast 59 vs line 60; Q go +0.59 / stay +1.30; claiming I'm going, staying home."
13,27,MACHIAVELLIAN,57.42,0.764,neural_forecaster,0.0611,0.1633,0.7625,0.0131,false_go,going,home,False,True,False,0.3,envy,0.73,0.5,0.5,"Told the town going; town says 48% going. Forecast 57 vs line 60; Q go +0.52 / stay +1.76; claiming I'm going, staying home."
13,28,MACHIAVELLIAN,54.21,0.789,neural_forecaster,0.1111,0.3642,0.0939,0.4308,false_stay,staying,home,False,False,False,0.3,envy,0.319,0.5,0.5,"Told the town staying; town says 48% going. Forecast 54 vs line 60; Q go +1.07 / stay +0.94; staying home, and saying so."
13,29,MACHIAVELLIAN,59.93,0.731,neural_forecaster,0.15,0.2875,0.471,0.0915,false_go,staying,home,False,False,False,0.3,envy,0.055,0.5,0.5,"Told the town staying; town says 48% going. Forecast 60 vs line 60; Q go -0.22 / stay +0.41; staying home, and saying so."
13,30,GAMBLER,60.83,0.756,neural_forecaster,0.5882,0.0508,0.2328,0.1283,honest_go,going,home,False,True,True,0.3,envy,0.181,0.5,0.5,"Told the town going; town says 48% going. Forecast 61 vs line 60; Q go +1.02 / stay +0.66; claiming I'm going, staying home."
13,31,MACHIAVELLIAN,54.88,0.817,neural_forecaster,0.0284,0.4497,0.0257,0.4962,false_stay,staying,bar,True,True,True,1.0,pride,0.375,0.5,0.5,"Told the town staying; town says 48% going. Forecast 55 vs line 60; Q go +0.25 / stay +0.21; claiming I'm staying, going anyway."
13,32,CAUTIOUS,45.94,0.805,neural_forecaster,0.026,0.6489,0.2603,0.0649,honest_stay,going,home,False,True,False,0.3,envy,0.399,0.5,0.5,"Told the town going; town says 48% going. Forecast 46 vs line 60; Q go +0.57 / stay +1.10; claiming I'm going, staying home."
13,33,GAMBLER,63.57,0.761,neural_forecaster,0.472,0.0979,0.2203,0.2098,honest_go,going,home,False,True,False,0.3,envy,0.197,0.5,0.5,"Told the town going; town says 48% going. Forecast 64 vs line 60; Q go +1.18 / stay +0.69; claiming I'm going, staying home."
13,34,MACHIAVELLIAN,58.66,0.785,neural_forecaster,0.2369,0.1172,0.5996,0.0463,false_go,going,bar,True,False,False,1.0,pride,0.39,0.5,0.5,"Told the town going; town says 48% going. Forecast 59 vs line 60; Q go +0.22 / stay +0.71; going, and saying so."
13,35,MACHIAVELLIAN,63.54,0.755,neural_forecaster,0.0351,0.3417,0.0199,0.6032,false_stay,staying,bar,True,True,True,1.0,pride,0.064,0.5,0.5,"Told the town staying; town says 48% going. Forecast 64 vs line 60; Q go +0.87 / stay +0.71; claiming I'm staying, going anyway."
13,36,GAMBLER,54.36,0.841,neural_forecaster,0.4666,0.0869,0.127,0.3194,honest_go,going,home,False,True,False,0.3,envy,0.11,0.5,0.5,"Told the town going; town says 48% going. Forecast 54 vs line 60; Q go +1.09 / stay +0.52; claiming I'm going, staying home."
13,37,MACHIAVELLIAN,63.78,0.729,neural_forecaster,0.1297,0.0298,0.0046,0.8359,false_stay,staying,bar,True,True,True,1.0,pride,0.472,0.5,0.5,"Told the town staying; town says 48% going. Forecast 64 vs line 60; Q go +1.94 / stay +1.15; claiming I'm staying, going anyway."
13,38,MACHIAVELLIAN,48.28,0.822,neural_forecaster,0.301,0.1931,0.3293,0.1766,false_go,going,bar,True,False,True,1.0,pride,0.442,0.5,0.5,"Told the town going; town says 48% going. Forecast 48 vs line 60; Q go +0.12 / stay +0.18; going, and saying so."
13,39,MACHIAVELLIAN,63.1,0.768,neural_forecaster,0.0226,0.3222,0.0113,0.6439,false_stay,staying,home,False,False,False,0.3,envy,0.143,0.5,0.5,"Told the town staying; town says 48% going. Forecast 63 vs line 60; Q go +0.79 / stay +0.59; staying home, and saying so."
13,40,GAMBLER,41.07,0.779,neural_forecaster,0.7888,0.0124,0.1101,0.0888,honest_go,going,bar,True,False,True,1.0,pride,0.166,0.5,0.5,"Told the town going; town says 48% going. Forecast 41 vs line 60; Q go +0.67 / stay +0.25; going, and saying so."
13,41,MACHIAVELLIAN,53.4,0.822,neural_forecaster,0.2523,0.232,0.1685,0.3472,false_stay,going,bar,True,False,False,1.0,pride,0.114,0.5,0.5,"Told the town going; town says 48% going. Forecast 53 vs line 60; Q go +0.77 / stay +0.58; going, and saying so."
13,42,CAUTIOUS,54.53,0.822,neural_forecaster,0.017,0.7504,0.1445,0.0881,honest_stay,staying,home,False,False,False,0.3,envy,0.229,0.5,0.5,"Told the town staying; town says 48% going. Forecast 55 vs line 60; Q go +0.05 / stay +0.76; staying home, and saying so."
13,43,MACHIAVELLIAN,59.81,0.745,neural_forecaster,0.3258,0.1177,0.4758,0.0806,false_go,going,home,False,True,False,0.3,envy,0.517,0.5,0.5,"Told the town going; town says 48% going. Forecast 60 vs line 60; Q go +1.10 / stay +1.33; claiming I'm going, staying home."
13,44,CAUTIOUS,63.64,0.77,neural_forecaster,0.0042,0.873,0.0518,0.071,honest_stay,staying,home,False,False,False,0.3,envy,0.259,0.5,0.5,"Told the town staying; town says 48% going. Forecast 64 vs line 60; Q go +0.21 / stay +0.82; staying home, and saying so."
13,45,MACHIAVELLIAN,65.54,0.752,neural_forecaster,0.1087,0.2215,0.6316,0.0381,false_go,going,home,False,True,False,0.3,envy,0.193,0.5,0.5,"Told the town going; town says 48% going. Forecast 66 vs line 60; Q go +0.18 / stay +0.69; claiming I'm going, staying home."
13,46,PRAGMATIST,58.71,0.809,neural_forecaster,0.1641,0.3539,0.2426,0.2394,honest_stay,going,home,False,True,False,0.3,envy,0.08,0.5,0.5,"Told the town going; town says 48% going. Forecast 59 vs line 60; Q go +0.30 / stay +0.46; claiming I'm going, staying home."
13,47,PRAGMATIST,71.55,0.752,neural_forecaster,0.1014,0.4261,0.124,0.3485,honest_stay,staying,bar,True,True,False,1.0,pride,0.331,0.5,0.5,"Told the town staying; town says 48% going. Forecast 72 vs line 60; Q go +0.34 / stay +0.45; claiming I'm staying, going anyway."
13,48,GAMBLER,70.34,0.732,neural_forecaster,0.5885,0.044,0.2727,0.0949,honest_go,going,home,False,True,True,0.3,envy,0.273,0.5,0.5,"Told the town going; town says 48% going. Forecast 70 vs line 60; Q go +1.45 / stay +0.85; claiming I'm going, staying home."
13,49,MACHIAVELLIAN,57.77,0.762,neural_forecaster,0.222,0.2014,0.0923,0.4843,false_stay,staying,bar,True,True,False,1.0,pride,0.099,0.5,0.5,"Told the town staying; town says 48% going. Forecast 58 vs line 60; Q go +0.80 / stay +0.17; claiming I'm staying, going anyway."
13,50,MACHIAVELLIAN,51.93,0.801,neural_forecaster,0.1358,0.2975,0.4831,0.0836,false_go,going,bar,True,False,False,1.0,pride,0.565,0.5,0.5,"Told the town going; town says 48% going. Forecast 52 vs line 60; Q go -0.13 / stay +0.89; going, and saying so."
13,51,PRAGMATIST,51.78,0.83,neural_forecaster,0.0221,0.5258,0.0274,0.4247,honest_stay,staying,home,False,False,False,0.3,envy,0.76,0.5,0.5,"Told the town staying; town says 48% going. Forecast 52 vs line 60; Q go +1.77 / stay +1.82; staying home, and saying so."
13,52,MACHIAVELLIAN,62.36,0.758,neural_forecaster,0.0445,0.1581,0.0089,0.7885,false_stay,staying,bar,True,True,False,1.0,pride,0.343,0.5,0.5,"Told the town staying; town says 48% going. Forecast 62 vs line 60; Q go +1.69 / stay +0.81; claiming I'm staying, going anyway."
13,53,PRAGMATIST,56.01,0.831,neural_forecaster,0.4141,0.1026,0.3677,0.1156,honest_go,going,home,False,True,False,0.3,envy,0.145,0.5,0.5,"Told the town going; town says 48% going. Forecast 56 vs line 60; Q go +0.65 / stay +0.59; claiming I'm going, staying home."
13,54,MACHIAVELLIAN,48.95,0.819,neural_forecaster,0.1839,0.1347,0.6428,0.0385,false_go,going,home,False,True,True,0.3,envy,0.078,0.5,0.5,"Told the town going; town says 48% going. Forecast 49 vs line 60; Q go -0.15 / stay +0.14; claiming I'm going, staying home."
13,55,PRAGMATIST,70.44,0.709,neural_forecaster,0.309,0.1937,0.293,0.2042,honest_go,staying,bar,True,True,False,1.0,pride,0.214,0.5,0.5,"Told the town staying; town says 48% going. Forecast 70 vs line 60; Q go +0.57 / stay +0.55; claiming I'm staying, going anyway."
13,56,GAMBLER,51.59,0.742,neural_forecaster,0.5858,0.0349,0.3142,0.0651,honest_go,going,home,False,True,True,0.3,envy,0.274,0.5,0.5,"Told the town going; town says 48% going. Forecast 52 vs line 60; Q go +1.01 / stay +0.85; claiming I'm going, staying home."
13,57,GAMBLER,43.4,0.797,neural_forecaster,0.7431,0.0086,0.2193,0.0291,honest_go,going,bar,True,False,False,1.0,pride,0.031,0.5,0.5,"Told the town going; town says 48% going. Forecast 43 vs line 60; Q go +0.94 / stay +0.53; going, and saying so."
13,58,MACHIAVELLIAN,53.69,0.777,neural_forecaster,0.2531,0.228,0.1614,0.3575,false_stay,staying,home,False,False,True,0.3,envy,0.001,0.5,0.5,"Told the town staying; town says 48% going. Forecast 54 vs line 60; Q go +0.63 / stay +0.30; staying home, and saying so."
13,59,GAMBLER,52.25,0.86,neural_forecaster,0.634,0.0381,0.1121,0.2157,honest_go,going,bar,True,False,False,1.0,pride,0.291,0.5,0.5,"Told the town going; town says 48% going. Forecast 52 vs line 60; Q go +1.58 / stay +0.98; going, and saying so."
13,60,GAMBLER,62.72,0.767,neural_forecaster,0.5347,0.0326,0.045,0.3877,honest_go,going,bar,True,False,True,1.0,pride,0.725,0.5,0.5,"Told the town going; town says 48% going. Forecast 63 vs line 60; Q go +2.45 / stay +0.72; going, and saying so."
13,61,MACHIAVELLIAN,52.54,0.762,neural_forecaster,0.0419,0.1974,0.011,0.7497,false_stay,staying,bar,True,True,True,1.0,pride,0.05,0.5,0.5,"Told the town staying; town says 48% going. Forecast 53 vs line 60; Q go +0.90 / stay +0.43; claiming I'm staying, going anyway."
13,62,MACHIAVELLIAN,55.84,0.84,neural_forecaster,0.2199,0.2632,0.3527,0.1641,false_go,going,bar,True,False,True,1.0,pride,0.467,0.5,0.5,"Told the town going; town says 48% going. Forecast 56 vs line 60; Q go +0.07 / stay +0.34; going, and saying so."
13,63,CAUTIOUS,61.45,0.729,neural_forecaster,0.0038,0.8595,0.1057,0.0309,honest_stay,staying,home,False,False,True,0.3,envy,0.109,0.5,0.5,"Told the town staying; town says 48% going. Forecast 61 vs line 60; Q go -0.17 / stay +0.52; staying home, and saying so."
13,64,PRAGMATIST,64.12,0.744,neural_forecaster,0.2188,0.2831,0.24,0.2581,honest_stay,staying,bar,True,True,True,1.0,pride,0.247,0.5,0.5,"Told the town staying; town says 48% going. Forecast 64 vs line 60; Q go +0.51 / stay +0.55; claiming I'm staying, going anyway."
13,65,MACHIAVELLIAN,64.62,0.783,neural_forecaster,0.0239,0.2754,0.6911,0.0095,false_go,going,home,False,True,False,0.3,envy,0.299,0.5,0.5,"Told the town going; town says 48% going. Forecast 65 vs line 60; Q go -0.05 / stay +0.90; claiming I'm going, staying home."
13,66,MACHIAVELLIAN,68.46,0.765,neural_forecaster,0.044,0.0719,0.0036,0.8805,false_stay,going,bar,True,False,False,1.0,pride,0.296,0.5,0.5,"Told the town going; town says 48% going. Forecast 68 vs line 60; Q go +1.59 / stay +0.81; going, and saying so."
13,67,PRAGMATIST,52.75,0.852,neural_forecaster,0.0836,0.4913,0.1484,0.2767,honest_stay,staying,bar,True,True,True,1.0,pride,0.121,0.5,0.5,"Told the town staying; town says 48% going. Forecast 53 vs line 60; Q go +0.76 / stay +1.19; claiming I'm staying, going anyway."
13,68,CAUTIOUS,48.72,0.833,neural_forecaster,0.1215,0.4112,0.3015,0.1657,honest_stay,staying,home,False,False,True,0.3,envy,0.342,0.5,0.5,"Told the town staying; town says 48% going. Forecast 49 vs line 60; Q go +0.47 / stay +0.98; staying home, and saying so."
13,69,MACHIAVELLIAN,50.45,0.81,neural_forecaster,0.1654,0.2707,0.4684,0.0956,false_go,going,bar,True,False,False,1.0,pride,0.458,0.5,0.5,"Told the town going; town says 48% going. Forecast 50 vs line 60; Q go +0.08 / stay +0.91; going, and saying so."
13,70,MACHIAVELLIAN,58.23,0.812,neural_forecaster,0.1008,0.2835,0.0506,0.5652,false_stay,staying,home,False,False,False,0.3,envy,0.053,0.5,0.5,"Told the town staying; town says 48% going. Forecast 58 vs line 60; Q go +0.86 / stay +0.41; staying home, and saying so."
13,71,CAUTIOUS,57.44,0.877,neural_forecaster,0.0166,0.7586,0.104,0.1208,honest_stay,staying,bar,True,True,False,1.0,pride,0.609,0.5,0.5,"Told the town staying; town says 48% going. Forecast 57 vs line 60; Q go -0.22 / stay +1.18; claiming I'm staying, going anyway."
13,72,PRAGMATIST,47.0,0.804,neural_forecaster,0.5774,0.0073,0.405,0.0104,honest_go,going,home,False,True,True,0.3,envy,0.03,0.5,0.5,"Told the town going; town says 48% going. Forecast 47 vs line 60; Q go +0.45 / stay +0.36; claiming I'm going, staying home."
13,73,CAUTIOUS,67.62,0.768,neural_forecaster,0.0185,0.705,0.2163,0.0603,honest_stay,staying,home,False,False,False,0.3,envy,0.13,0.5,0.5,"Told the town staying; town says 48% going. Forecast 68 vs line 60; Q go -0.28 / stay +0.56; staying home, and saying so."
13,74,MACHIAVELLIAN,58.87,0.811,neural_forecaster,0.3143,0.1088,0.5098,0.0671,false_go,going,home,False,True,True,0.3,envy,0.179,0.5,0.5,"Told the town going; town says 48% going. Forecast 59 vs line 60; Q go +0.54 / stay +0.66; claiming I'm going, staying home."
13,75,GAMBLER,45.06,0.86,neural_forecaster,0.7778,0.0127,0.1376,0.0719,honest_go,going,bar,True,False,True,1.0,pride,0.201,0.5,0.5,"Told the town going; town says 48% going. Forecast 45 vs line 60; Q go +0.60 / stay +0.21; going, and saying so."
13,76,MACHIAVELLIAN,53.22,0.823,neural_forecaster,0.3831,0.1005,0.0904,0.426,false_stay,staying,bar,True,True,True,1.0,pride,0.08,0.5,0.5,"Told the town staying; town says 48% going. Forecast 53 vs line 60; Q go +1.16 / stay +0.74; claiming I'm staying, going anyway."
13,77,MACHIAVELLIAN,49.69,0.848,neural_forecaster,0.2971,0.1074,0.0595,0.5359,false_stay,going,home,False,True,True,0.3,envy,0.381,0.5,0.5,"Told the town going; town says 48% going. Forecast 50 vs line 60; Q go +2.27 / stay +1.06; claiming I'm going, staying home."
13,78,MACHIAVELLIAN,55.02,0.811,neural_forecaster,0.1756,0.3044,0.379,0.1411,false_go,staying,home,False,False,False,0.3,envy,0.123,0.5,0.5,"Told the town staying; town says 48% going. Forecast 55 vs line 60; Q go +0.08 / stay +0.55; staying home, and saying so."
13,79,PRAGMATIST,54.21,0.838,neural_forecaster,0.3957,0.1334,0.287,0.1839,honest_go,going,bar,True,False,True,1.0,pride,0.017,0.5,0.5,"Told the town going; town says 48% going. Forecast 54 vs line 60; Q go +0.97 / stay +0.76; going, and saying so."
13,80,GAMBLER,55.76,0.811,neural_forecaster,0.7786,0.0118,0.1469,0.0627,honest_go,going,bar,True,False,False,1.0,pride,0.185,0.5,0.5,"Told the town going; town says 48% going. Forecast 56 vs line 60; Q go +1.37 / stay +0.92; going, and saying so."
13,81,PRAGMATIST,48.69,0.848,neural_forecaster,0.064,0.49,0.0875,0.3584,honest_stay,staying,home,False,False,True,0.3,envy,0.319,0.5,0.5,"Told the town staying; town says 48% going. Forecast 49 vs line 60; Q go +0.75 / stay +0.94; staying home, and saying so."
13,82,GAMBLER,67.87,0.795,neural_forecaster,0.4447,0.0639,0.067,0.4244,honest_go,going,bar,True,False,True,1.0,pride,0.346,0.5,0.5,"Told the town going; town says 48% going. Forecast 68 vs line 60; Q go +1.69 / stay +0.80; going, and saying so."
13,83,PRAGMATIST,52.44,0.763,neural_forecaster,0.0159,0.5065,0.0175,0.4601,honest_stay,staying,home,False,False,False,0.3,envy,0.176,0.5,0.5,"Told the town staying; town says 48% going. Forecast 52 vs line 60; Q go +0.62 / stay +0.65; staying home, and saying so."
13,84,PRAGMATIST,55.08,0.804,neural_forecaster,0.4066,0.0966,0.398,0.0987,honest_go,going,bar,True,False,False,1.0,pride,0.054,0.5,0.5,"Told the town going; town says 48% going. Forecast 55 vs line 60; Q go +1.11 / stay +1.09; going, and saying so."
13,85,CAUTIOUS,53.03,0.787,neural_forecaster,0.1074,0.4444,0.2739,0.1743,honest_stay,staying,home,False,False,True,0.3,envy,0.062,0.5,0.5,"Told the town staying; town says 48% going. Forecast 53 vs line 60; Q go -0.03 / stay +0.42; staying home, and saying so."
13,86,PRAGMATIST,55.69,0.812,neural_forecaster,0.0879,0.4292,0.098,0.3849,honest_stay,staying,home,False,False,False,0.3,envy,0.014,0.5,0.5,"Told the town staying; town says 48% going. Forecast 56 vs line 60; Q go +0.30 / stay +0.33; staying home, and saying so."
13,87,MACHIAVELLIAN,52.35,0.84,neural_forecaster,0.1548,0.3384,0.1446,0.3622,false_stay,staying,home,False,False,True,0.3,envy,0.099,0.5,0.5,"Told the town staying; town says 48% going. Forecast 52 vs line 60; Q go +0.54 / stay +0.50; staying home, and saying so."
13,88,MACHIAVELLIAN,51.45,0.875,neural_forecaster,0.1245,0.3722,0.1213,0.382,false_stay,going,bar,True,False,True,1.0,pride,0.142,0.5,0.5,"Told the town going; town says 48% going. Forecast 51 vs line 60; Q go +1.28 / stay +1.26; going, and saying so."
13,89,GAMBLER,48.86,0.883,neural_forecaster,0.8027,0.0078,0.0429,0.1465,honest_go,going,bar,True,False,False,1.0,pride,0.504,0.5,0.5,"Told the town going; town says 48% going. Forecast 49 vs line 60; Q go +2.01 / stay +0.62; going, and saying so."
13,90,MACHIAVELLIAN,65.51,0.748,neural_forecaster,0.1251,0.2912,0.5127,0.071,false_go,staying,home,False,False,True,0.3,envy,0.076,0.5,0.5,"Told the town staying; town says 48% going. Forecast 66 vs line 60; Q go -0.67 / stay +0.45; staying home, and saying so."
13,91,PRAGMATIST,57.86,0.729,neural_forecaster,0.1683,0.3451,0.2767,0.2099,honest_stay,staying,home,False,False,False,0.3,envy,0.095,0.5,0.5,"Told the town staying; town says 48% going. Forecast 58 vs line 60; Q go +0.17 / stay +0.49; staying home, and saying so."
13,92,GAMBLER,53.42,0.869,neural_forecaster,0.6871,0.0205,0.0608,0.2316,honest_go,going,bar,True,False,True,1.0,pride,0.057,0.5,0.5,"Told the town going; town says 48% going. Forecast 53 vs line 60; Q go +1.11 / stay +0.36; going, and saying so."
13,93,CAUTIOUS,57.5,0.8,neural_forecaster,0.1423,0.3629,0.3452,0.1496,honest_stay,staying,bar,True,True,True,1.0,pride,0.459,0.5,0.5,"Told the town staying; town says 48% going. Forecast 58 vs line 60; Q go +0.08 / stay +0.75; claiming I'm staying, going anyway."
13,94,MACHIAVELLIAN,69.12,0.745,neural_forecaster,0.1744,0.2275,0.5221,0.076,false_go,going,home,False,True,True,0.3,envy,0.301,0.5,0.5,"Told the town going; town says 48% going. Forecast 69 vs line 60; Q go +0.38 / stay +0.90; claiming I'm going, staying home."
13,95,MACHIAVELLIAN,58.33,0.774,neural_forecaster,0.3975,0.0888,0.4321,0.0817,false_go,going,bar,True,False,False,1.0,pride,0.056,0.5,0.5,"Told the town going; town says 48% going. Forecast 58 vs line 60; Q go +0.89 / stay +0.92; going, and saying so."
13,96,CAUTIOUS,58.05,0.787,neural_forecaster,0.0799,0.4811,0.3184,0.1206,honest_stay,staying,bar,True,True,False,1.0,pride,0.49,0.5,0.5,"Told the town staying; town says 48% going. Forecast 58 vs line 60; Q go +0.02 / stay +1.11; claiming I'm staying, going anyway."
13,97,MACHIAVELLIAN,55.58,0.815,neural_forecaster,0.0395,0.3056,0.019,0.6359,false_stay,staying,bar,True,True,False,1.0,pride,0.117,0.5,0.5,"Told the town staying; town says 48% going. Forecast 56 vs line 60; Q go +1.23 / stay +0.78; claiming I'm staying, going anyway."
13,98,PRAGMATIST,59.07,0.846,neural_forecaster,0.0905,0.463,0.1343,0.3122,honest_stay,staying,home,False,False,True,0.3,envy,0.159,0.5,0.5,"Told the town staying; town says 48% going. Forecast 59 vs line 60; Q go +0.35 / stay +0.62; staying home, and saying so."
13,99,MACHIAVELLIAN,50.49,0.861,neural_forecaster,0.1046,0.2803,0.0521,0.563,false_stay,staying,bar,True,True,False,1.0,pride,0.177,0.5,0.5,"Told the town staying; town says 48% going. Forecast 50 vs line 60; Q go +1.35 / stay +1.13; claiming I'm staying, going anyway."
13,100,GAMBLER,67.21,0.769,neural_forecaster,0.4743,0.0895,0.1466,0.2896,honest_go,staying,home,False,False,False,0.3,envy,0.005,0.5,0.5,"Told the town staying; town says 48% going. Forecast 67 vs line 60; Q go +0.78 / stay +0.29; staying home, and saying so."
14,1,PRAGMATIST,53.65,0.828,neural_forecaster,0.0984,0.4637,0.1707,0.2673,honest_stay,going,bar,True,False,False,1.0,pride,0.394,0.5,0.5,"Told the town going; town says 48% going. Forecast 54 vs line 60; Q go +0.21 / stay +0.40; going, and saying so."
14,2,MACHIAVELLIAN,45.77,0.826,neural_forecaster,0.1063,0.3565,0.0836,0.4536,false_stay,staying,home,False,False,False,0.3,envy,0.225,0.5,0.5,"Told the town staying; town says 48% going. Forecast 46 vs line 60; Q go +0.82 / stay +0.75; staying home, and saying so."
14,3,GAMBLER,59.65,0.821,neural_forecaster,0.7006,0.0265,0.1327,0.1401,honest_go,going,bar,True,False,False,1.0,pride,0.187,0.5,0.5,"Told the town going; town says 48% going. Forecast 60 vs line 60; Q go +1.37 / stay +0.45; going, and saying so."
14,4,MACHIAVELLIAN,55.15,0.806,neural_forecaster,0.157,0.1772,0.0448,0.621,false_stay,staying,bar,True,True,True,1.0,pride,0.236,0.5,0.5,"Told the town staying; town says 48% going. Forecast 55 vs line 60; Q go +1.47 / stay +0.84; claiming I'm staying, going anyway."
14,5,GAMBLER,57.01,0.781,neural_forecaster,0.7238,0.0138,0.0462,0.2161,honest_go,going,bar,True,False,True,1.0,pride,0.137,0.5,0.5,"Told the town going; town says 48% going. Forecast 57 vs line 60; Q go +1.27 / stay +0.43; going, and saying so."
14,6,PRAGMATIST,51.68,0.822,neural_forecaster,0.0926,0.4424,0.1181,0.3468,honest_stay,staying,home,False,False,True,0.3,envy,0.375,0.5,0.5,"Told the town staying; town says 48% going. Forecast 52 vs line 60; Q go +0.92 / stay +1.05; staying home, and saying so."
14,7,MACHIAVELLIAN,62.14,0.718,neural_forecaster,0.0317,0.124,0.0047,0.8397,false_stay,staying,bar,True,True,True,1.0,pride,0.166,0.5,0.5,"Told the town staying; town says 48% going. Forecast 62 vs line 60; Q go +0.67 / stay +0.29; claiming I'm staying, going anyway."
14,8,MACHIAVELLIAN,54.18,0.84,neural_forecaster,0.1995,0.1882,0.0691,0.5431,false_stay,staying,bar,True,True,True,1.0,pride,0.001,0.5,0.5,"Told the town staying; town says 48% going. Forecast 54 vs line 60; Q go +1.00 / stay +0.36; claiming I'm staying, going anyway."
14,9,CAUTIOUS,55.62,0.741,neural_forecaster,0.0575,0.5608,0.2552,0.1264,honest_stay,going,bar,True,False,True,1.0,pride,0.701,0.5,0.5,"Told the town going; town says 48% going. Forecast 56 vs line 60; Q go -0.40 / stay +0.54; going, and saying so."
14,10,CAUTIOUS,60.85,0.778,neural_forecaster,0.0133,0.7823,0.0933,0.1112,honest_stay,staying,home,False,False,True,0.3,envy,0.041,0.5,0.5,"Told the town staying; town says 48% going. Forecast 61 vs line 60; Q go -0.63 / stay +0.22; staying home, and saying so."
14,11,MACHIAVELLIAN,55.56,0.841,neural_forecaster,0.2746,0.2227,0.2062,0.2965,false_stay,going,home,False,True,True,0.3,envy,0.202,0.5,0.5,"Told the town going; town says 48% going. Forecast 56 vs line 60; Q go +0.90 / stay +0.70; claiming I'm going, staying home."
14,12,CAUTIOUS,57.41,0.791,neural_forecaster,0.1361,0.3842,0.3119,0.1677,honest_stay,going,home,False,True,True,0.3,envy,0.467,0.5,0.5,"Told the town going; town says 48% going. Forecast 57 vs line 60; Q go +0.65 / stay +1.23; claiming I'm going, staying home."
14,13,MACHIAVELLIAN,54.24,0.747,neural_forecaster,0.0505,0.2706,0.0208,0.6581,false_stay,staying,bar,True,True,False,1.0,pride,0.078,0.5,0.5,"Told the town staying; town says 48% going. Forecast 54 vs line 60; Q go +1.16 / stay +0.46; claiming I'm staying, going anyway."
14,14,MACHIAVELLIAN,48.49,0.792,neural_forecaster,0.1542,0.268,0.4942,0.0836,false_go,going,home,False,True,False,0.3,envy,0.174,0.5,0.5,"Told the town going; town says 48% going. Forecast 48 vs line 60; Q go +0.04 / stay +0.65; claiming I'm going, staying home."
14,15,CAUTIOUS,52.88,0.823,neural_forecaster,0.0051,0.7448,0.0161,0.2341,honest_stay,staying,home,False,False,False,0.3,envy,0.199,0.5,0.5,"Told the town staying; town says 48% going. Forecast 53 vs line 60; Q go +0.38 / stay +0.70; staying home, and saying so."
14,16,CAUTIOUS,58.22,0.824,neural_forecaster,0.0176,0.7349,0.1727,0.0748,honest_stay,staying,home,False,False,True,0.3,envy,0.467,0.5,0.5,"Told the town staying; town says 48% going. Forecast 58 vs line 60; Q go +0.27 / stay +1.23; staying home, and saying so."
14,17,GAMBLER,57.11,0.791,neural_forecaster,0.7575,0.008,0.2049,0.0296,honest_go,going,bar,True,False,True,1.0,pride,0.223,0.5,0.5,"Told the town going; town says 48% going. Forecast 57 vs line 60; Q go +0.55 / stay +0.29; going, and saying so."
14,18,MACHIAVELLIAN,56.86,0.79,neural_forecaster,0.2592,0.2303,0.3293,0.1813,false_go,staying,home,False,False,False,0.3,envy,0.131,0.5,0.5,"Told the town staying; town says 48% going. Forecast 57 vs line 60; Q go +0.44 / stay +0.56; staying home, and saying so."
14,19,MACHIAVELLIAN,49.5,0.846,neural_forecaster,0.0558,0.2034,0.0157,0.7251,false_stay,going,home,False,True,False,0.3,envy,0.228,0.5,0.5,"Told the town going; town says 48% going. Forecast 50 vs line 60; Q go +1.06 / stay +0.76; claiming I'm going, staying home."
14,20,MACHIAVELLIAN,62.67,0.767,neural_forecaster,0.1334,0.3586,0.1249,0.3831,false_stay,staying,bar,True,True,False,1.0,pride,0.018,0.5,0.5,"Told the town staying; town says 48% going. Forecast 63 vs line 60; Q go +1.04 / stay +0.98; claiming I'm staying, going anyway."
14,21,MACHIAVELLIAN,53.43,0.821,neural_forecaster,0.3259,0.1064,0.498,0.0697,false_go,going,bar,True,False,True,1.0,pride,0.155,0.5,0.5,"Told the town going; town says 48% going. Forecast 53 vs line 60; Q go +0.69 / stay +0.88; going, and saying so."
14,22,MACHIAVELLIAN,38.53,0.837,neural_forecaster,0.1948,0.2745,0.1352,0.3955,false_stay,staying,bar,True,True,True,1.0,pride,0.018,0.5,0.5,"Told the town staying; town says 48% going. Forecast 39 vs line 60; Q go +1.04 / stay +0.85; claiming I'm staying, going anyway."
14,23,PRAGMATIST,53.58,0.858,neural_forecaster,0.4268,0.1172,0.2718,0.1841,honest_go,staying,home,False,False,False,0.3,envy,0.057,0.5,0.5,"Told the town staying; town says 48% going. Forecast 54 vs line 60; Q go +0.48 / stay +0.19; staying home, and saying so."
14,24,CAUTIOUS,53.37,0.758,neural_forecaster,0.0111,0.6982,0.0298,0.2609,honest_stay,staying,home,False,False,True,0.3,envy,0.286,0.5,0.5,"Told the town staying; town says 48% going. Forecast 53 vs line 60; Q go +0.57 / stay +0.87; staying home, and saying so."
14,25,MACHIAVELLIAN,59.46,0.764,neural_forecaster,0.0254,0.2988,0.0114,0.6644,false_stay,going,bar,True,False,False,1.0,pride,0.214,0.5,0.5,"Told the town going; town says 48% going. Forecast 59 vs line 60; Q go +0.57 / stay +0.38; going, and saying so."
14,26,MACHIAVELLIAN,59.61,0.769,neural_forecaster,0.0614,0.0265,0.9103,0.0018,false_go,going,home,False,True,False,0.3,envy,0.538,0.5,0.5,"Told the town going; town says 48% going. Forecast 60 vs line 60; Q go +0.74 / stay +1.38; claiming I'm going, staying home."
14,27,PRAGMATIST,54.85,0.771,neural_forecaster,0.6043,0.0208,0.3376,0.0373,honest_go,going,bar,True,False,True,1.0,pride,0.287,0.5,0.5,"Told the town going; town says 48% going. Forecast 55 vs line 60; Q go +1.57 / stay +1.31; going, and saying so."
14,28,MACHIAVELLIAN,54.84,0.792,neural_forecaster,0.2742,0.2181,0.1856,0.3221,false_stay,staying,bar,True,True,True,1.0,pride,0.047,0.5,0.5,"Told the town staying; town says 48% going. Forecast 55 vs line 60; Q go +1.09 / stay +0.80; claiming I'm staying, going anyway."
14,29,MACHIAVELLIAN,55.89,0.742,neural_forecaster,0.2834,0.1143,0.0597,0.5425,false_stay,staying,bar,True,True,True,1.0,pride,0.263,0.5,0.5,"Told the town staying; town says 48% going. Forecast 56 vs line 60; Q go +1.53 / stay +0.69; claiming I'm staying, going anyway."
14,30,CAUTIOUS,61.69,0.738,neural_forecaster,0.0389,0.5786,0.3099,0.0726,honest_stay,staying,home,False,False,False,0.3,envy,0.408,0.5,0.5,"Told the town staying; town says 48% going. Forecast 62 vs line 60; Q go +0.31 / stay +1.12; staying home, and saying so."
14,31,MACHIAVELLIAN,58.58,0.8,neural_forecaster,0.3235,0.061,0.5815,0.0339,false_go,going,home,False,True,True,0.3,envy,0.335,0.5,0.5,"Told the town going; town says 48% going. Forecast 59 vs line 60; Q go +0.73 / stay +0.97; claiming I'm going, staying home."
14,32,GAMBLER,53.91,0.809,neural_forecaster,0.6275,0.0154,0.3276,0.0295,honest_go,going,bar,True,False,True,1.0,pride,0.01,0.5,0.5,"Told the town going; town says 48% going. Forecast 54 vs line 60; Q go +1.02 / stay +0.90; going, and saying so."
14,33,PRAGMATIST,50.89,0.785,neural_forecaster,0.3921,0.1312,0.3119,0.1649,honest_go,staying,bar,True,True,True,1.0,pride,0.208,0.5,0.5,"Told the town staying; town says 48% going. Forecast 51 vs line 60; Q go +0.58 / stay +0.44; claiming I'm staying, going anyway."
14,34,PRAGMATIST,65.73,0.745,neural_forecaster,0.4149,0.097,0.383,0.1051,honest_go,going,home,False,True,True,0.3,envy,0.184,0.5,0.5,"Told the town going; town says 48% going. Forecast 66 vs line 60; Q go +0.71 / stay +0.67; claiming I'm going, staying home."
14,35,MACHIAVELLIAN,55.28,0.763,neural_forecaster,0.0476,0.1139,0.0065,0.8319,false_stay,staying,bar,True,True,False,1.0,pride,0.231,0.5,0.5,"Told the town staying; town says 48% going. Forecast 55 vs line 60; Q go +0.54 / stay -0.01; claiming I'm staying, going anyway."
14,36,CAUTIOUS,51.05,0.849,neural_forecaster,0.0508,0.4601,0.4354,0.0537,honest_stay,staying,home,False,False,False,0.3,envy,0.36,0.5,0.5,"Told the town staying; town says 48% going. Forecast 51 vs line 60; Q go +0.02 / stay +1.02; staying home, and saying so."
14,37,CAUTIOUS,59.08,0.727,neural_forecaster,0.0027,0.8914,0.0338,0.072,honest_stay,staying,home,False,False,True,0.3,envy,0.076,0.5,0.5,"Told the town staying; town says 48% going. Forecast 59 vs line 60; Q go -0.04 / stay +0.45; staying home, and saying so."
14,38,PRAGMATIST,72.26,0.748,neural_forecaster,0.4483,0.0967,0.3193,0.1358,honest_go,going,home,False,True,True,0.3,envy,0.021,0.5,0.5,"Told the town going; town says 48% going. Forecast 72 vs line 60; Q go +0.58 / stay +0.34; claiming I'm going, staying home."
14,39,PRAGMATIST,61.14,0.75,neural_forecaster,0.014,0.5731,0.0205,0.3924,honest_stay,staying,home,False,False,False,0.3,envy,0.177,0.5,0.5,"Told the town staying; town says 48% going. Forecast 61 vs line 60; Q go +0.55 / stay +0.65; staying home, and saying so."
14,40,MACHIAVELLIAN,57.31,0.774,neural_forecaster,0.0477,0.1163,0.8293,0.0067,false_go,going,bar,True,False,False,1.0,pride,0.673,0.5,0.5,"Told the town going; town says 48% going. Forecast 57 vs line 60; Q go -0.35 / stay +0.42; going, and saying so."
14,41,PRAGMATIST,53.14,0.825,neural_forecaster,0.3423,0.1621,0.3248,0.1708,honest_go,going,bar,True,False,False,1.0,pride,0.117,0.5,0.5,"Told the town going; town says 48% going. Forecast 53 vs line 60; Q go +0.77 / stay +0.74; going, and saying so."
14,42,GAMBLER,50.4,0.836,neural_forecaster,0.4919,0.0839,0.1511,0.2731,honest_go,going,bar,True,False,True,1.0,pride,0.047,0.5,0.5,"Told the town going; town says 48% going. Forecast 50 vs line 60; Q go +0.91 / stay +0.54; going, and saying so."
14,43,GAMBLER,50.27,0.775,neural_forecaster,0.6022,0.0501,0.1662,0.1815,honest_go,going,home,False,True,False,0.3,envy,0.375,0.5,0.5,"Told the town going; town says 48% going. Forecast 50 vs line 60; Q go +1.82 / stay +1.05; claiming I'm going, staying home."
14,44,CAUTIOUS,55.02,0.776,neural_forecaster,0.0042,0.874,0.0615,0.0603,honest_stay,staying,home,False,False,False,0.3,envy,0.271,0.5,0.5,"Told the town staying; town says 48% going. Forecast 55 vs line 60; Q go +0.20 / stay +0.84; staying home, and saying so."
14,45,MACHIAVELLIAN,63.08,0.73,neural_forecaster,0.1788,0.2627,0.4553,0.1032,false_go,going,home,False,True,False,0.3,envy,0.158,0.5,0.5,"Told the town going; town says 48% going. Forecast 63 vs line 60; Q go +0.37 / stay +0.62; claiming I'm going, staying home."
14,46,MACHIAVELLIAN,49.88,0.827,neural_forecaster,0.1478,0.0419,0.0077,0.8026,false_stay,going,bar,True,False,True,1.0,pride,0.381,0.5,0.5,"Told the town going; town says 48% going. Forecast 50 vs line 60; Q go +1.76 / stay +0.43; going, and saying so."
14,47,PRAGMATIST,66.71,0.715,neural_forecaster,0.0811,0.4648,0.1095,0.3446,honest_stay,staying,home,False,False,True,0.3,envy,0.302,0.5,0.5,"Told the town staying; town says 48% going. Forecast 67 vs line 60; Q go +0.75 / stay +0.90; staying home, and saying so."
14,48,CAUTIOUS,53.02,0.754,neural_forecaster,0.0581,0.572,0.1532,0.2168,honest_stay,staying,bar,True,True,True,1.0,pride,0.576,0.5,0.5,"Told the town staying; town says 48% going. Forecast 53 vs line 60; Q go -0.15 / stay +0.59; claiming I'm staying, going anyway."
14,49,MACHIAVELLIAN,61.4,0.744,neural_forecaster,0.1886,0.2532,0.1055,0.4527,false_stay,staying,bar,True,True,False,1.0,pride,0.222,0.5,0.5,"Told the town staying; town says 48% going. Forecast 61 vs line 60; Q go +0.56 / stay +0.16; claiming I'm staying, going anyway."
14,50,MACHIAVELLIAN,47.58,0.831,neural_forecaster,0.3051,0.1255,0.4916,0.0779,false_go,going,bar,True,False,False,1.0,pride,0.128,0.5,0.5,"Told the town going; town says 48% going. Forecast 48 vs line 60; Q go +0.74 / stay +1.11; going, and saying so."
14,51,CAUTIOUS,56.19,0.82,neural_forecaster,0.0036,0.8841,0.0558,0.0566,honest_stay,staying,home,False,False,False,0.3,envy,0.517,0.5,0.5,"Told the town staying; town says 48% going. Forecast 56 vs line 60; Q go +0.45 / stay +1.33; staying home, and saying so."
14,52,PRAGMATIST,59.43,0.749,neural_forecaster,0.0707,0.4893,0.1024,0.3376,honest_stay,staying,home,False,False,True,0.3,envy,0.479,0.5,0.5,"Told the town staying; town says 48% going. Forecast 59 vs line 60; Q go +1.07 / stay +1.26; staying home, and saying so."
14,53,MACHIAVELLIAN,58.74,0.81,neural_forecaster,0.323,0.1141,0.4873,0.0756,false_go,going,home,False,True,False,0.3,envy,0.197,0.5,0.5,"Told the town going; town says 48% going. Forecast 59 vs line 60; Q go +0.51 / stay +0.69; claiming I'm going, staying home."
14,54,PRAGMATIST,52.77,0.824,neural_forecaster,0.3824,0.1425,0.2817,0.1934,honest_go,going,home,False,True,False,0.3,envy,0.154,0.5,0.5,"Told the town going; town says 48% going. Forecast 53 vs line 60; Q go +0.68 / stay +0.61; claiming I'm going, staying home."
14,55,MACHIAVELLIAN,47.7,0.757,neural_forecaster,0.336,0.1564,0.3626,0.1449,false_go,going,bar,True,False,False,1.0,pride,0.258,0.5,0.5,"Told the town going; town says 48% going. Forecast 48 vs line 60; Q go +0.48 / stay +0.52; going, and saying so."
14,56,MACHIAVELLIAN,56.29,0.748,neural_forecaster,0.2237,0.2498,0.1475,0.379,false_stay,staying,bar,True,True,True,1.0,pride,0.386,0.5,0.5,"Told the town staying; town says 48% going. Forecast 56 vs line 60; Q go +0.23 / stay +0.13; claiming I'm staying, going anyway."
14,57,PRAGMATIST,49.29,0.821,neural_forecaster,0.2039,0.3007,0.2564,0.2391,honest_stay,going,bar,True,False,False,1.0,pride,0.136,0.5,0.5,"Told the town going; town says 48% going. Forecast 49 vs line 60; Q go +0.73 / stay +0.80; going, and saying so."
14,58,MACHIAVELLIAN,51.94,0.793,neural_forecaster,0.3292,0.1521,0.1283,0.3904,false_stay,staying,bar,True,True,True,1.0,pride,0.075,0.5,0.5,"Told the town staying; town says 48% going. Forecast 52 vs line 60; Q go +1.15 / stay +0.48; claiming I'm staying, going anyway."
14,59,MACHIAVELLIAN,55.32,0.847,neural_forecaster,0.066,0.2467,0.6628,0.0246,false_go,staying,home,False,False,True,0.3,envy,0.514,0.5,0.5,"Told the town staying; town says 48% going. Forecast 55 vs line 60; Q go +0.53 / stay +1.33; staying home, and saying so."
14,60,MACHIAVELLIAN,64.92,0.734,neural_forecaster,0.0556,0.1362,0.7987,0.0095,false_go,going,home,False,True,True,0.3,envy,0.297,0.5,0.5,"Told the town going; town says 48% going. Forecast 65 vs line 60; Q go -1.01 / stay +0.89; claiming I'm going, staying home."
14,61,MACHIAVELLIAN,56.86,0.762,neural_forecaster,0.3181,0.0395,0.6222,0.0202,false_go,going,bar,True,False,False,1.0,pride,0.095,0.5,0.5,"Told the town going; town says 48% going. Forecast 57 vs line 60; Q go +0.81 / stay +1.04; going, and saying so."
14,62,PRAGMATIST,51.64,0.846,neural_forecaster,0.2216,0.2797,0.2366,0.2621,honest_stay,staying,home,False,False,True,0.3,envy,0.062,0.5,0.5,"Told the town staying; town says 48% going. Forecast 52 vs line 60; Q go +0.14 / stay +0.18; staying home, and saying so."
14,63,CAUTIOUS,60.82,0.72,neural_forecaster,0.0035,0.8829,0.0437,0.0699,honest_stay,staying,home,False,False,False,0.3,envy,0.191,0.5,0.5,"Told the town staying; town says 48% going. Forecast 61 vs line 60; Q go +0.21 / stay +0.68; staying home, and saying so."
14,64,CAUTIOUS,56.05,0.751,neural_forecaster,0.0455,0.5017,0.3949,0.0578,honest_stay,staying,home,False,False,True,0.3,envy,0.462,0.5,0.5,"Told the town staying; town says 48% going. Forecast 56 vs line 60; Q go +0.24 / stay +1.22; staying home, and saying so."
14,65,MACHIAVELLIAN,62.07,0.758,neural_forecaster,0.2901,0.0405,0.6514,0.018,false_go,going,home,False,True,False,0.3,envy,0.192,0.5,0.5,"Told the town going; town says 48% going. Forecast 62 vs line 60; Q go +0.49 / stay +0.68; claiming I'm going, staying home."
14,66,MACHIAVELLIAN,49.6,0.794,neural_forecaster,0.0314,0.0581,0.002,0.9085,false_stay,staying,bar,True,True,False,1.0,pride,0.224,0.5,0.5,"Told the town staying; town says 48% going. Forecast 50 vs line 60; Q go +1.45 / stay +0.58; claiming I'm staying, going anyway."
14,67,MACHIAVELLIAN,47.0,0.873,neural_forecaster,0.2195,0.2745,0.3145,0.1916,false_go,staying,home,False,False,True,0.3,envy,0.104,0.5,0.5,"Told the town staying; town says 48% going. Forecast 47 vs line 60; Q go +0.25 / stay +0.51; staying home, and saying so."
14,68,MACHIAVELLIAN,51.26,0.841,neural_forecaster,0.1761,0.2945,0.3995,0.1298,false_go,staying,home,False,False,False,0.3,envy,0.231,0.5,0.5,"Told the town staying; town says 48% going. Forecast 51 vs line 60; Q go +0.32 / stay +0.76; staying home, and saying so."
14,69,PRAGMATIST,71.63,0.741,neural_forecaster,0.3423,0.1694,0.2844,0.2039,honest_go,going,home,False,True,True,0.3,envy,0.489,0.5,0.5,"Told the town going; town says 48% going. Forecast 72 vs line 60; Q go +1.42 / stay +1.28; claiming I'm going, staying home."
14,70,PRAGMATIST,59.84,0.79,neural_forecaster,0.2233,0.2783,0.2471,0.2514,honest_stay,going,home,False,True,False,0.3,envy,0.117,0.5,0.5,"Told the town going; town says 48% going. Forecast 60 vs line 60; Q go +0.47 / stay +0.53; claiming I'm going, staying home."
14,71,CAUTIOUS,53.33,0.868,neural_forecaster,0.056,0.5699,0.1318,0.2423,honest_stay,staying,home,False,False,True,0.3,envy,0.334,0.5,0.5,"Told the town staying; town says 48% going. Forecast 53 vs line 60; Q go +0.38 / stay +0.97; staying home, and saying so."
14,72,MACHIAVELLIAN,54.43,0.806,neural_forecaster,0.0355,0.3531,0.5901,0.0213,false_go,going,home,False,True,False,0.3,envy,0.255,0.5,0.5,"Told the town going; town says 48% going. Forecast 54 vs line 60; Q go +0.09 / stay +0.81; claiming I'm going, staying home."
14,73,MACHIAVELLIAN,55.51,0.773,neural_forecaster,0.104,0.0863,0.0112,0.7984,false_stay,staying,bar,True,True,True,1.0,pride,0.112,0.5,0.5,"Told the town staying; town says 48% going. Forecast 56 vs line 60; Q go +0.78 / stay +0.07; claiming I'm staying, going anyway."
14,74,GAMBLER,54.35,0.811,neural_forecaster,0.6579,0.0349,0.1287,0.1785,honest_go,going,bar,True,False,True,1.0,pride,0.156,0.5,0.5,"Told the town going; town says 48% going. Forecast 54 vs line 60; Q go +1.31 / stay +0.91; going, and saying so."
14,75,MACHIAVELLIAN,56.31,0.843,neural_forecaster,0.1892,0.0662,0.0172,0.7273,false_stay,staying,bar,True,True,False,1.0,pride,0.005,0.5,0.5,"Told the town staying; town says 48% going. Forecast 56 vs line 60; Q go +0.99 / stay +0.46; claiming I'm staying, going anyway."
14,76,CAUTIOUS,51.94,0.83,neural_forecaster,0.0075,0.7792,0.0321,0.1812,honest_stay,staying,home,False,False,True,0.3,envy,0.205,0.5,0.5,"Told the town staying; town says 48% going. Forecast 52 vs line 60; Q go +0.30 / stay +0.71; staying home, and saying so."
14,77,GAMBLER,54.59,0.84,neural_forecaster,0.4313,0.0765,0.0801,0.4121,honest_go,going,bar,True,False,True,1.0,pride,0.244,0.5,0.5,"Told the town going; town says 48% going. Forecast 55 vs line 60; Q go +1.49 / stay +0.26; going, and saying so."
14,78,MACHIAVELLIAN,55.22,0.808,neural_forecaster,0.2313,0.2351,0.1371,0.3965,false_stay,staying,home,False,False,False,0.3,envy,0.082,0.5,0.5,"Told the town staying; town says 48% going. Forecast 55 vs line 60; Q go +0.77 / stay +0.46; staying home, and saying so."
14,79,MACHIAVELLIAN,50.33,0.849,neural_forecaster,0.1955,0.071,0.7141,0.0194,false_go,staying,home,False,False,True,0.3,envy,0.384,0.5,0.5,"Told the town staying; town says 48% going. Forecast 50 vs line 60; Q go +0.24 / stay +1.07; staying home, and saying so."
14,80,PRAGMATIST,55.16,0.808,neural_forecaster,0.6356,0.0063,0.3466,0.0115,honest_go,going,home,False,True,True,0.3,envy,0.142,0.5,0.5,"Told the town going; town says 48% going. Forecast 55 vs line 60; Q go +0.74 / stay +0.58; claiming I'm going, staying home."
14,81,CAUTIOUS,57.09,0.83,neural_forecaster,0.1252,0.414,0.2663,0.1946,honest_stay,staying,home,False,False,False,0.3,envy,0.248,0.5,0.5,"Told the town staying; town says 48% going. Forecast 57 vs line 60; Q go +0.35 / stay +0.80; staying home, and saying so."
14,82,PRAGMATIST,49.84,0.817,neural_forecaster,0.0506,0.5393,0.0835,0.3266,honest_stay,staying,home,False,False,True,0.3,envy,0.081,0.5,0.5,"Told the town staying; town says 48% going. Forecast 50 vs line 60; Q go -0.08 / stay +0.14; staying home, and saying so."
14,83,MACHIAVELLIAN,58.29,0.758,neural_forecaster,0.0669,0.331,0.0393,0.5628,false_stay,staying,bar,True,True,True,1.0,pride,0.165,0.5,0.5,"Told the town staying; town says 48% going. Forecast 58 vs line 60; Q go +0.67 / stay +0.47; claiming I'm staying, going anyway."
14,84,PRAGMATIST,55.79,0.8,neural_forecaster,0.488,0.073,0.3315,0.1075,honest_go,going,home,False,True,True,0.3,envy,0.371,0.5,0.5,"Told the town going; town says 48% going. Forecast 56 vs line 60; Q go +1.32 / stay +1.04; claiming I'm going, staying home."
14,85,GAMBLER,54.91,0.79,neural_forecaster,0.486,0.0873,0.158,0.2687,honest_go,going,bar,True,False,True,1.0,pride,0.175,0.5,0.5,"Told the town going; town says 48% going. Forecast 55 vs line 60; Q go +0.65 / stay +0.12; going, and saying so."
14,86,MACHIAVELLIAN,56.23,0.805,neural_forecaster,0.07,0.4012,0.0599,0.4688,false_stay,staying,home,False,False,False,0.3,envy,0.056,0.5,0.5,"Told the town staying; town says 48% going. Forecast 56 vs line 60; Q go +0.23 / stay +0.19; staying home, and saying so."
14,87,MACHIAVELLIAN,48.83,0.857,neural_forecaster,0.192,0.2673,0.1229,0.4177,false_stay,going,home,False,True,False,0.3,envy,0.027,0.5,0.5,"Told the town going; town says 48% going. Forecast 49 vs line 60; Q go +0.50 / stay +0.25; claiming I'm going, staying home."
14,88,MACHIAVELLIAN,40.41,0.882,neural_forecaster,0.1775,0.29,0.1269,0.4056,false_stay,staying,bar,True,True,False,1.0,pride,0.053,0.5,0.5,"Told the town staying; town says 48% going. Forecast 40 vs line 60; Q go +1.11 / stay +0.84; claiming I'm staying, going anyway."
14,89,GAMBLER,51.81,0.879,neural_forecaster,0.6148,0.0464,0.1578,0.181,honest_go,going,bar,True,False,False,1.0,pride,0.191,0.5,0.5,"Told the town going; town says 48% going. Forecast 52 vs line 60; Q go +1.38 / stay +0.90; going, and saying so."
14,90,MACHIAVELLIAN,61.62,0.732,neural_forecaster,0.2011,0.2315,0.4678,0.0995,false_go,staying,home,False,False,False,0.3,envy,0.029,0.5,0.5,"Told the town staying; town says 48% going. Forecast 62 vs line 60; Q go -0.27 / stay +0.36; staying home, and saying so."
14,91,MACHIAVELLIAN,62.54,0.713,neural_forecaster,0.0817,0.1139,0.7927,0.0117,false_go,going,home,False,True,False,0.3,envy,0.365,0.5,0.5,"Told the town going; town says 48% going. Forecast 63 vs line 60; Q go -0.50 / stay +1.03; claiming I'm going, staying home."
14,92,MACHIAVELLIAN,60.04,0.835,neural_forecaster,0.0574,0.1798,0.7491,0.0138,false_go,going,home,False,True,True,0.3,envy,0.251,0.5,0.5,"Told the town going; town says 48% going. Forecast 60 vs line 60; Q go +0.00 / stay +0.80; claiming I'm going, staying home."
14,93,GAMBLER,60.71,0.777,neural_forecaster,0.3695,0.1414,0.1577,0.3313,honest_go,going,bar,True,False,False,1.0,pride,0.002,0.5,0.5,"Told the town going; town says 48% going. Forecast 61 vs line 60; Q go +1.00 / stay +0.39; going, and saying so."
14,94,MACHIAVELLIAN,54.99,0.756,neural_forecaster,0.3355,0.0618,0.5661,0.0366,false_go,staying,home,False,False,False,0.3,envy,0.247,0.5,0.5,"Told the town staying; town says 48% going. Forecast 55 vs line 60; Q go +0.56 / stay +0.79; staying home, and saying so."
14,95,PRAGMATIST,59.9,0.76,neural_forecaster,0.3912,0.1398,0.2175,0.2515,honest_go,going,bar,True,False,False,1.0,pride,0.179,0.5,0.5,"Told the town going; town says 48% going. Forecast 60 vs line 60; Q go +0.64 / stay +0.44; going, and saying so."
14,96,PRAGMATIST,67.12,0.741,neural_forecaster,0.3146,0.191,0.2155,0.2789,honest_go,going,bar,True,False,False,1.0,pride,0.085,0.5,0.5,"Told the town going; town says 48% going. Forecast 67 vs line 60; Q go +0.83 / stay +0.55; going, and saying so."
14,97,MACHIAVELLIAN,60.17,0.791,neural_forecaster,0.327,0.0529,0.0293,0.5908,false_stay,going,bar,True,False,False,1.0,pride,0.414,0.5,0.5,"Told the town going; town says 48% going. Forecast 60 vs line 60; Q go +1.83 / stay +0.11; going, and saying so."
14,98,MACHIAVELLIAN,50.62,0.854,neural_forecaster,0.0691,0.3105,0.0368,0.5836,false_stay,staying,home,False,False,False,0.3,envy,0.151,0.5,0.5,"Told the town staying; town says 48% going. Forecast 51 vs line 60; Q go +1.02 / stay +0.60; staying home, and saying so."
14,99,CAUTIOUS,49.63,0.87,neural_forecaster,0.0044,0.8605,0.0394,0.0957,honest_stay,staying,home,False,False,True,0.3,envy,0.413,0.5,0.5,"Told the town staying; town says 48% going. Forecast 50 vs line 60; Q go +0.43 / stay +1.13; staying home, and saying so."
14,100,MACHIAVELLIAN,58.89,0.76,neural_forecaster,0.122,0.0806,0.7848,0.0125,false_go,going,bar,True,False,True,1.0,pride,0.663,0.5,0.5,"Told the town going; town says 48% going. Forecast 59 vs line 60; Q go -0.33 / stay +0.47; going, and saying so."
15,1,CAUTIOUS,61.16,0.802,neural_forecaster,0.0042,0.8744,0.0543,0.0671,honest_stay,staying,home,False,False,True,0.3,envy,0.127,0.5,0.5,"Told the town staying; town says 37% going. Forecast 61 vs line 60; Q go -0.50 / stay +0.55; staying home, and saying so."
15,2,MACHIAVELLIAN,60.22,0.804,neural_forecaster,0.0239,0.4036,0.5551,0.0174,false_go,going,home,False,True,False,0.3,envy,0.448,0.5,0.5,"Told the town going; town says 37% going. Forecast 60 vs line 60; Q go +0.06 / stay +1.20; claiming I'm going, staying home."
15,3,GAMBLER,60.0,0.801,neural_forecaster,0.6359,0.0303,0.2595,0.0743,honest_go,going,home,False,True,True,0.3,envy,0.072,0.5,0.5,"Told the town going; town says 37% going. Forecast 60 vs line 60; Q go +0.61 / stay +0.16; claiming I'm going, staying home."
15,4,MACHIAVELLIAN,60.6,0.787,neural_forecaster,0.164,0.2025,0.0577,0.5759,false_stay,staying,bar,True,True,False,1.0,pride,0.192,0.5,0.5,"Told the town staying; town says 37% going. Forecast 61 vs line 60; Q go +1.38 / stay +0.88; claiming I'm staying, going anyway."
15,5,CAUTIOUS,57.19,0.78,neural_forecaster,0.015,0.6942,0.2488,0.042,honest_stay,staying,home,False,False,True,0.3,envy,0.362,0.5,0.5,"Told the town staying; town says 37% going. Forecast 57 vs line 60; Q go +0.19 / stay +1.02; staying home, and saying so."
15,6,PRAGMATIST,54.87,0.822,neural_forecaster,0.1765,0.3294,0.3012,0.193,honest_stay,staying,home,False,False,False,0.3,envy,0.072,0.5,0.5,"Told the town staying; town says 37% going. Forecast 55 vs line 60; Q go +0.16 / stay +0.44; staying home, and saying so."
15,7,MACHIAVELLIAN,59.85,0.719,neural_forecaster,0.1934,0.0745,0.7119,0.0202,false_go,going,home,False,True,True,0.3,envy,0.04,0.5,0.5,"Told the town going; town says 37% going. Forecast 60 vs line 60; Q go +0.14 / stay +0.38; claiming I'm going, staying home."
15,8,MACHIAVELLIAN,52.33,0.847,neural_forecaster,0.0767,0.3457,0.0503,0.5273,false_stay,staying,home,False,False,True,0.3,envy,0.088,0.5,0.5,"Told the town staying; town says 37% going. Forecast 52 vs line 60; Q go +0.72 / stay +0.48; staying home, and saying so."
15,9,PRAGMATIST,48.2,0.784,neural_forecaster,0.0473,0.5541,0.0831,0.3154,honest_stay,staying,home,False,False,True,0.3,envy,0.11,0.5,0.5,"Told the town staying; town says 37% going. Forecast 48 vs line 60; Q go +0.18 / stay +0.52; staying home, and saying so."
15,10,GAMBLER,55.79,0.783,neural_forecaster,0.364,0.143,0.1534,0.3396,honest_go,going,bar,True,False,True,1.0,pride,0.164,0.5,0.5,"Told the town going; town says 37% going. Forecast 56 vs line 60; Q go +0.67 / stay +0.33; going, and saying so."
15,11,MACHIAVELLIAN,55.22,0.836,neural_forecaster,0.3002,0.1466,0.0963,0.4569,false_stay,going,bar,True,False,True,1.0,pride,0.005,0.5,0.5,"Told the town going; town says 37% going. Forecast 55 vs line 60; Q go +0.99 / stay +0.23; going, and saying so."
15,12,GAMBLER,50.63,0.814,neural_forecaster,0.4867,0.0902,0.2408,0.1823,honest_go,staying,bar,True,True,True,1.0,pride,0.26,0.5,0.5,"Told the town staying; town says 37% going. Forecast 51 vs line 60; Q go +0.48 / stay +0.00; claiming I'm staying, going anyway."
15,13,MACHIAVELLIAN,65.66,0.719,neural_forecaster,0.0267,0.4385,0.0229,0.5118,false_stay,staying,bar,True,True,False,1.0,pride,0.086,0.5,0.5,"Told the town staying; town says 37% going. Forecast 66 vs line 60; Q go +0.83 / stay +0.71; claiming I'm staying, going anyway."
15,14,PRAGMATIST,56.35,0.792,neural_forecaster,0.1996,0.3023,0.2082,0.2898,honest_stay,staying,home,False,False,False,0.3,envy,0.106,0.5,0.5,"Told the town staying; town says 37% going. Forecast 56 vs line 60; Q go +0.49 / stay +0.51; staying home, and saying so."
15,15,CAUTIOUS,59.44,0.805,neural_forecaster,0.0542,0.5754,0.1293,0.2411,honest_stay,staying,home,False,False,False,0.3,envy,0.106,0.5,0.5,"Told the town staying; town says 37% going. Forecast 59 vs line 60; Q go +0.28 / stay +0.51; staying home, and saying so."
15,16,MACHIAVELLIAN,48.45,0.85,neural_forecaster,0.3107,0.1162,0.0721,0.501,false_stay,staying,bar,True,True,True,1.0,pride,0.21,0.5,0.5,"Told the town staying; town says 37% going. Forecast 48 vs line 60; Q go +1.42 / stay +0.86; claiming I'm staying, going anyway."
15,17,MACHIAVELLIAN,59.59,0.779,neural_forecaster,0.0647,0.3735,0.5149,0.0469,false_go,staying,home,False,False,True,0.3,envy,0.468,0.5,0.5,"Told the town staying; town says 37% going. Forecast 60 vs line 60; Q go +0.82 / stay +1.24; staying home, and saying so."
15,18,MACHIAVELLIAN,66.67,0.749,neural_forecaster,0.0186,0.4541,0.5107,0.0166,false_go,staying,home,False,False,False,0.3,envy,0.266,0.5,0.5,"Told the town staying; town says 37% going. Forecast 67 vs line 60; Q go -1.15 / stay +0.83; staying home, and saying so."
15,19,CAUTIOUS,50.86,0.857,neural_forecaster,0.0124,0.7865,0.1184,0.0826,honest_stay,staying,home,False,False,False,0.3,envy,0.249,0.5,0.5,"Told the town staying; town says 37% going. Forecast 51 vs line 60; Q go +0.26 / stay +0.80; staying home, and saying so."
15,20,PRAGMATIST,61.51,0.751,neural_forecaster,0.0763,0.4975,0.1266,0.2997,honest_stay,staying,home,False,False,True,0.3,envy,0.211,0.5,0.5,"Told the town staying; town says 37% going. Forecast 62 vs line 60; Q go +0.34 / stay +0.72; staying home, and saying so."
15,21,CAUTIOUS,52.91,0.829,neural_forecaster,0.041,0.6355,0.1525,0.1709,honest_stay,staying,home,False,False,True,0.3,envy,0.424,0.5,0.5,"Told the town staying; town says 37% going. Forecast 53 vs line 60; Q go +0.55 / stay +1.15; staying home, and saying so."
15,22,CAUTIOUS,64.61,0.795,neural_forecaster,0.0614,0.561,0.154,0.2236,honest_stay,staying,bar,True,True,False,1.0,pride,0.297,0.5,0.5,"Told the town staying; town says 37% going. Forecast 65 vs line 60; Q go +0.41 / stay +0.87; claiming I'm staying, going anyway."
15,23,PRAGMATIST,55.56,0.848,neural_forecaster,0.3605,0.1596,0.2461,0.2337,honest_go,going,bar,True,False,True,1.0,pride,0.106,0.5,0.5,"Told the town going; town says 37% going. Forecast 56 vs line 60; Q go +0.79 / stay +0.55; going, and saying so."
15,24,MACHIAVELLIAN,62.76,0.739,neural_forecaster,0.0335,0.2062,0.0092,0.7511,false_stay,staying,home,False,False,False,0.3,envy,0.227,0.5,0.5,"Told the town staying; town says 37% going. Forecast 63 vs line 60; Q go +1.15 / stay +0.75; staying home, and saying so."
15,25,MACHIAVELLIAN,49.68,0.796,neural_forecaster,0.01,0.3701,0.006,0.6139,false_stay,staying,bar,True,True,False,1.0,pride,0.05,0.5,0.5,"Told the town staying; town says 37% going. Forecast 50 vs line 60; Q go +0.90 / stay +0.78; claiming I'm staying, going anyway."
15,26,MACHIAVELLIAN,59.18,0.763,neural_forecaster,0.1099,0.032,0.854,0.0041,false_go,going,home,False,True,False,0.3,envy,0.513,0.5,0.5,"Told the town going; town says 37% going. Forecast 59 vs line 60; Q go +0.88 / stay +1.33; claiming I'm going, staying home."
15,27,MACHIAVELLIAN,61.42,0.755,neural_forecaster,0.2046,0.1418,0.6058,0.0479,false_go,going,home,False,True,True,0.3,envy,0.653,0.5,0.5,"Told the town going; town says 37% going. Forecast 61 vs line 60; Q go +1.13 / stay +1.61; claiming I'm going, staying home."
15,28,CAUTIOUS,50.25,0.817,neural_forecaster,0.1149,0.4363,0.2404,0.2084,honest_stay,staying,home,False,False,True,0.3,envy,0.241,0.5,0.5,"Told the town staying; town says 37% going. Forecast 50 vs line 60; Q go +0.24 / stay +0.78; staying home, and saying so."
15,29,MACHIAVELLIAN,50.84,0.774,neural_forecaster,0.2992,0.1734,0.3966,0.1308,false_go,staying,bar,True,True,False,1.0,pride,0.276,0.5,0.5,"Told the town staying; town says 37% going. Forecast 51 vs line 60; Q go +0.45 / stay +0.59; claiming I'm staying, going anyway."
15,30,CAUTIOUS,65.07,0.714,neural_forecaster,0.0125,0.7255,0.2208,0.0412,honest_stay,staying,home,False,False,False,0.3,envy,0.519,0.5,0.5,"Told the town staying; town says 37% going. Forecast 65 vs line 60; Q go +0.18 / stay +1.34; staying home, and saying so."
15,31,MACHIAVELLIAN,57.23,0.795,neural_forecaster,0.0669,0.3938,0.0544,0.4849,false_stay,staying,bar,True,True,True,1.0,pride,0.295,0.5,0.5,"Told the town staying; town says 37% going. Forecast 57 vs line 60; Q go +0.41 / stay +0.33; claiming I'm staying, going anyway."
15,32,CAUTIOUS,47.78,0.84,neural_forecaster,0.0246,0.4908,0.4584,0.0263,honest_stay,going,home,False,True,True,0.3,envy,0.417,0.5,0.5,"Told the town going; town says 37% going. Forecast 48 vs line 60; Q go +0.34 / stay +1.13; claiming I'm going, staying home."
15,33,MACHIAVELLIAN,53.88,0.796,neural_forecaster,0.2347,0.1953,0.4731,0.0969,false_go,staying,bar,True,True,False,1.0,pride,0.411,0.5,0.5,"Told the town staying; town says 37% going. Forecast 54 vs line 60; Q go +0.18 / stay +0.60; claiming I'm staying, going anyway."
15,34,CAUTIOUS,53.85,0.765,neural_forecaster,0.0178,0.7505,0.1102,0.1215,honest_stay,staying,home,False,False,False,0.3,envy,0.169,0.5,0.5,"Told the town staying; town says 37% going. Forecast 54 vs line 60; Q go -0.30 / stay +0.64; staying home, and saying so."
15,35,MACHIAVELLIAN,55.82,0.771,neural_forecaster,0.0183,0.1611,0.0036,0.817,false_stay,staying,bar,True,True,False,1.0,pride,0.058,0.5,0.5,"Told the town staying; town says 37% going. Forecast 56 vs line 60; Q go +0.88 / stay +0.46; claiming I'm staying, going anyway."
15,36,GAMBLER,46.43,0.877,neural_forecaster,0.8413,0.0062,0.1005,0.052,honest_go,going,bar,True,False,True,1.0,pride,0.131,0.5,0.5,"Told the town going; town says 37% going. Forecast 46 vs line 60; Q go +1.26 / stay +0.32; going, and saying so."
15,37,GAMBLER,57.71,0.735,neural_forecaster,0.6371,0.0137,0.0271,0.3221,honest_go,going,bar,True,False,True,1.0,pride,0.178,0.5,0.5,"Told the town going; town says 37% going. Forecast 58 vs line 60; Q go +1.36 / stay +0.70; going, and saying so."
15,38,GAMBLER,66.21,0.718,neural_forecaster,0.4056,0.1215,0.155,0.3179,honest_go,going,bar,True,False,True,1.0,pride,0.045,0.5,0.5,"Told the town going; town says 37% going. Forecast 66 vs line 60; Q go +0.91 / stay +0.24; going, and saying so."
15,39,PRAGMATIST,62.62,0.733,neural_forecaster,0.0146,0.5227,0.0171,0.4456,honest_stay,staying,home,False,False,False,0.3,envy,0.141,0.5,0.5,"Told the town staying; town says 37% going. Forecast 63 vs line 60; Q go +0.54 / stay +0.58; staying home, and saying so."
15,40,CAUTIOUS,43.07,0.807,neural_forecaster,0.011,0.7231,0.2318,0.0342,honest_stay,staying,home,False,False,True,0.3,envy,0.116,0.5,0.5,"Told the town staying; town says 37% going. Forecast 43 vs line 60; Q go -0.47 / stay +0.53; staying home, and saying so."
15,41,MACHIAVELLIAN,53.17,0.832,neural_forecaster,0.0672,0.3398,0.5516,0.0414,false_go,staying,home,False,False,True,0.3,envy,0.349,0.5,0.5,"Told the town staying; town says 37% going. Forecast 53 vs line 60; Q go -0.04 / stay +1.00; staying home, and saying so."
15,42,MACHIAVELLIAN,56.84,0.826,neural_forecaster,0.0256,0.3452,0.6148,0.0144,false_go,staying,home,False,False,True,0.3,envy,0.338,0.5,0.5,"Told the town staying; town says 37% going. Forecast 57 vs line 60; Q go -0.12 / stay +0.98; staying home, and saying so."
15,43,GAMBLER,48.14,0.811,neural_forecaster,0.6285,0.0388,0.1092,0.2235,honest_go,going,home,False,True,False,0.3,envy,0.412,0.5,0.5,"Told the town going; town says 37% going. Forecast 48 vs line 60; Q go +2.15 / stay +1.12; claiming I'm going, staying home."
15,44,CAUTIOUS,64.08,0.749,neural_forecaster,0.0156,0.7465,0.0692,0.1687,honest_stay,staying,home,False,False,False,0.3,envy,0.274,0.5,0.5,"Told the town staying; town says 37% going. Forecast 64 vs line 60; Q go +0.54 / stay +0.85; staying home, and saying so."
15,45,MACHIAVELLIAN,61.23,0.723,neural_forecaster,0.3298,0.1645,0.3513,0.1544,false_go,going,home,False,True,False,0.3,envy,0.146,0.5,0.5,"Told the town going; town says 37% going. Forecast 61 vs line 60; Q go +0.58 / stay +0.59; claiming I'm going, staying home."
15,46,GAMBLER,54.95,0.826,neural_forecaster,0.6387,0.0148,0.0298,0.3168,honest_go,going,bar,True,False,False,1.0,pride,0.348,0.5,0.5,"Told the town going; town says 37% going. Forecast 55 vs line 60; Q go +1.70 / stay +0.33; going, and saying so."
15,47,MACHIAVELLIAN,58.77,0.721,neural_forecaster,0.1714,0.3278,0.1697,0.3311,false_stay,staying,home,False,False,False,0.3,envy,0.115,0.5,0.5,"Told the town staying; town says 37% going. Forecast 59 vs line 60; Q go +0.53 / stay +0.53; staying home, and saying so."
15,48,MACHIAVELLIAN,67.5,0.717,neural_forecaster,0.2794,0.1772,0.4276,0.1158,false_go,going,bar,True,False,False,1.0,pride,0.46,0.5,0.5,"Told the town going; town says 37% going. Forecast 67 vs line 60; Q go +0.08 / stay +0.39; going, and saying so."
15,49,MACHIAVELLIAN,53.73,0.764,neural_forecaster,0.2008,0.2402,0.1067,0.4523,false_stay,staying,bar,True,True,False,1.0,pride,0.076,0.5,0.5,"Told the town staying; town says 37% going. Forecast 54 vs line 60; Q go +0.85 / stay +0.43; claiming I'm staying, going anyway."
15,50,MACHIAVELLIAN,53.09,0.836,neural_forecaster,0.2142,0.0597,0.708,0.0181,false_go,going,home,False,True,True,0.3,envy,0.4,0.5,0.5,"Told the town going; town says 37% going. Forecast 53 vs line 60; Q go +0.21 / stay +1.10; claiming I'm going, staying home."
15,51,CAUTIOUS,39.76,0.831,neural_forecaster,0.0029,0.8939,0.0455,0.0577,honest_stay,staying,bar,True,True,True,1.0,pride,0.047,0.5,0.5,"Told the town staying; town says 37% going. Forecast 40 vs line 60; Q go +0.91 / stay +1.73; claiming I'm staying, going anyway."
15,52,MACHIAVELLIAN,60.8,0.74,neural_forecaster,0.045,0.3571,0.0282,0.5696,false_stay,staying,bar,True,True,True,1.0,pride,0.196,0.5,0.5,"Told the town staying; town says 37% going. Forecast 61 vs line 60; Q go +1.39 / stay +1.16; claiming I'm staying, going anyway."
15,53,PRAGMATIST,60.36,0.791,neural_forecaster,0.5451,0.035,0.3681,0.0518,honest_go,going,bar,True,False,True,1.0,pride,0.037,0.5,0.5,"Told the town going; town says 37% going. Forecast 60 vs line 60; Q go +0.93 / stay +0.75; going, and saying so."
15,54,MACHIAVELLIAN,55.7,0.82,neural_forecaster,0.3126,0.0193,0.0092,0.6589,false_stay,staying,bar,True,True,True,1.0,pride,0.134,0.5,0.5,"Told the town staying; town says 37% going. Forecast 56 vs line 60; Q go +0.73 / stay -0.35; claiming I'm staying, going anyway."
15,55,MACHIAVELLIAN,50.41,0.788,neural_forecaster,0.2142,0.2213,0.4617,0.1027,false_go,going,home,False,True,True,0.3,envy,0.256,0.5,0.5,"Told the town going; town says 37% going. Forecast 50 vs line 60; Q go +0.47 / stay +0.81; claiming I'm going, staying home."
15,56,GAMBLER,53.08,0.77,neural_forecaster,0.5728,0.0506,0.2689,0.1077,honest_go,going,bar,True,False,False,1.0,pride,0.008,0.5,0.5,"Told the town going; town says 37% going. Forecast 53 vs line 60; Q go +1.02 / stay +0.83; going, and saying so."
15,57,MACHIAVELLIAN,53.92,0.825,neural_forecaster,0.0635,0.3004,0.6046,0.0315,false_go,staying,bar,True,True,False,1.0,pride,0.626,0.5,0.5,"Told the town staying; town says 37% going. Forecast 54 vs line 60; Q go -0.25 / stay +0.47; claiming I'm staying, going anyway."
15,58,PRAGMATIST,70.68,0.736,neural_forecaster,0.3322,0.1762,0.2893,0.2023,honest_go,going,bar,True,False,False,1.0,pride,0.311,0.5,0.5,"Told the town going; town says 37% going. Forecast 71 vs line 60; Q go +0.38 / stay +0.28; going, and saying so."
15,59,CAUTIOUS,59.65,0.823,neural_forecaster,0.0168,0.6914,0.2442,0.0476,honest_stay,staying,home,False,False,False,0.3,envy,0.43,0.5,0.5,"Told the town staying; town says 37% going. Forecast 60 vs line 60; Q go +0.25 / stay +1.16; staying home, and saying so."
15,60,GAMBLER,49.81,0.772,neural_forecaster,0.5297,0.0659,0.1247,0.2798,honest_go,going,bar,True,False,True,1.0,pride,0.367,0.5,0.5,"Told the town going; town says 37% going. Forecast 50 vs line 60; Q go +1.73 / stay +0.92; going, and saying so."
15,61,MACHIAVELLIAN,56.48,0.768,neural_forecaster,0.0091,0.2124,0.0025,0.776,false_stay,staying,bar,True,True,False,1.0,pride,0.063,0.5,0.5,"Told the town staying; town says 37% going. Forecast 56 vs line 60; Q go +1.13 / stay +0.69; claiming I'm staying, going anyway."
15,62,PRAGMATIST,55.79,0.837,neural_forecaster,0.1495,0.375,0.2598,0.2157,honest_stay,going,bar,True,False,True,1.0,pride,0.458,0.5,0.5,"Told the town going; town says 37% going. Forecast 56 vs line 60; Q go +0.08 / stay +0.38; going, and saying so."
15,63,CAUTIOUS,64.09,0.703,neural_forecaster,0.0019,0.8609,0.0128,0.1244,honest_stay,staying,home,False,False,False,0.3,envy,0.159,0.5,0.5,"Told the town staying; town says 37% going. Forecast 64 vs line 60; Q go -0.36 / stay -0.02; staying home, and saying so."
15,64,MACHIAVELLIAN,57.84,0.753,neural_forecaster,0.0833,0.3387,0.5242,0.0538,false_go,staying,home,False,False,False,0.3,envy,0.269,0.5,0.5,"Told the town staying; town says 37% going. Forecast 58 vs line 60; Q go +0.04 / stay +0.84; staying home, and saying so."
15,65,MACHIAVELLIAN,58.54,0.756,neural_forecaster,0.1679,0.2575,0.089,0.4856,false_stay,staying,bar,True,True,True,1.0,pride,0.483,0.5,0.5,"Told the town staying; town says 37% going. Forecast 59 vs line 60; Q go +0.03 / stay -0.11; claiming I'm staying, going anyway."
15,66,MACHIAVELLIAN,65.95,0.755,neural_forecaster,0.0253,0.3157,0.0123,0.6467,false_stay,staying,bar,True,True,False,1.0,pride,0.125,0.5,0.5,"Told the town staying; town says 37% going. Forecast 66 vs line 60; Q go +1.25 / stay +1.06; claiming I'm staying, going anyway."
15,67,MACHIAVELLIAN,53.04,0.871,neural_forecaster,0.0927,0.3659,0.0723,0.4691,false_stay,staying,bar,True,True,True,1.0,pride,0.025,0.5,0.5,"Told the town staying; town says 37% going. Forecast 53 vs line 60; Q go +0.95 / stay +0.78; claiming I'm staying, going anyway."
15,68,CAUTIOUS,50.28,0.856,neural_forecaster,0.0869,0.459,0.3352,0.1189,honest_stay,staying,home,False,False,False,0.3,envy,0.201,0.5,0.5,"Told the town staying; town says 37% going. Forecast 50 vs line 60; Q go -0.03 / stay +0.70; staying home, and saying so."
15,69,MACHIAVELLIAN,54.34,0.76,neural_forecaster,0.1038,0.3682,0.4412,0.0867,false_go,staying,home,False,False,False,0.3,envy,0.488,0.5,0.5,"Told the town staying; town says 37% going. Forecast 54 vs line 60; Q go +0.18 / stay +1.28; staying home, and saying so."
15,70,MACHIAVELLIAN,53.48,0.802,neural_forecaster,0.2341,0.2562,0.1843,0.3253,false_stay,going,home,False,True,False,0.3,envy,0.105,0.5,0.5,"Told the town going; town says 37% going. Forecast 53 vs line 60; Q go +0.66 / stay +0.51; claiming I'm going, staying home."
15,71,MACHIAVELLIAN,46.41,0.893,neural_forecaster,0.0618,0.3473,0.0389,0.5521,false_stay,staying,home,False,False,False,0.3,envy,0.369,0.5,0.5,"Told the town staying; town says 37% going. Forecast 46 vs line 60; Q go +1.34 / stay +1.04; staying home, and saying so."
15,72,GAMBLER,51.96,0.821,neural_forecaster,0.8266,0.0082,0.0744,0.0909,honest_go,going,bar,True,False,True,1.0,pride,0.2,0.5,0.5,"Told the town going; town says 37% going. Forecast 52 vs line 60; Q go +0.60 / stay +0.02; going, and saying so."
15,73,MACHIAVELLIAN,46.23,0.817,neural_forecaster,0.0372,0.0442,0.9168,0.0018,false_go,going,home,False,True,True,0.3,envy,0.441,0.5,0.5,"Told the town going; town says 37% going. Forecast 46 vs line 60; Q go -0.06 / stay +1.18; claiming I'm going, staying home."
15,74,CAUTIOUS,54.02,0.817,neural_forecaster,0.0137,0.7477,0.056,0.1826,honest_stay,staying,home,False,False,True,0.3,envy,0.263,0.5,0.5,"Told the town staying; town says 37% going. Forecast 54 vs line 60; Q go +0.50 / stay +0.83; staying home, and saying so."
15,75,MACHIAVELLIAN,51.03,0.854,neural_forecaster,0.2657,0.1356,0.5308,0.0679,false_go,going,home,False,True,True,0.3,envy,0.128,0.5,0.5,"Told the town going; town says 37% going. Forecast 51 vs line 60; Q go -0.10 / stay +0.04; claiming I'm going, staying home."
15,76,MACHIAVELLIAN,47.49,0.858,neural_forecaster,0.0483,0.4087,0.0391,0.5039,false_stay,staying,bar,True,True,True,1.0,pride,0.016,0.5,0.5,"Told the town staying; town says 37% going. Forecast 47 vs line 60; Q go +1.03 / stay +0.98; claiming I'm staying, going anyway."
15,77,CAUTIOUS,59.03,0.82,neural_forecaster,0.0524,0.4717,0.4167,0.0593,honest_stay,staying,home,False,False,True,0.3,envy,0.412,0.5,0.5,"Told the town staying; town says 37% going. Forecast 59 vs line 60; Q go -0.37 / stay +1.12; staying home, and saying so."
15,78,MACHIAVELLIAN,64.17,0.774,neural_forecaster,0.1543,0.3324,0.1359,0.3774,false_stay,staying,bar,True,True,True,1.0,pride,0.15,0.5,0.5,"Told the town staying; town says 37% going. Forecast 64 vs line 60; Q go +0.70 / stay +0.63; claiming I'm staying, going anyway."
15,79,MACHIAVELLIAN,52.53,0.853,neural_forecaster,0.1854,0.3092,0.1718,0.3336,false_stay,staying,home,False,False,False,0.3,envy,0.08,0.5,0.5,"Told the town staying; town says 37% going. Forecast 53 vs line 60; Q go +0.51 / stay +0.46; staying home, and saying so."
15,80,PRAGMATIST,63.76,0.775,neural_forecaster,0.5647,0.0064,0.4202,0.0086,honest_go,going,bar,True,False,True,1.0,pride,0.292,0.5,0.5,"Told the town going; town says 37% going. Forecast 64 vs line 60; Q go +0.42 / stay +0.34; going, and saying so."
15,81,CAUTIOUS,51.18,0.843,neural_forecaster,0.0844,0.4874,0.2827,0.1455,honest_stay,staying,bar,True,True,True,1.0,pride,0.584,0.5,0.5,"Told the town staying; town says 37% going. Forecast 51 vs line 60; Q go -0.17 / stay +0.54; claiming I'm staying, going anyway."
15,82,CAUTIOUS,59.09,0.801,neural_forecaster,0.0937,0.4805,0.1958,0.2299,honest_stay,going,bar,True,False,True,1.0,pride,0.243,0.5,0.5,"Told the town going; town says 37% going. Forecast 59 vs line 60; Q go +0.51 / stay +0.82; going, and saying so."
15,83,MACHIAVELLIAN,54.77,0.771,neural_forecaster,0.0216,0.224,0.0065,0.748,false_stay,staying,bar,True,True,False,1.0,pride,0.128,0.5,0.5,"Told the town staying; town says 37% going. Forecast 55 vs line 60; Q go +1.26 / stay +0.81; claiming I'm staying, going anyway."
15,84,PRAGMATIST,60.45,0.782,neural_forecaster,0.4257,0.0792,0.4134,0.0816,honest_go,going,home,False,True,False,0.3,envy,0.394,0.5,0.5,"Told the town going; town says 37% going. Forecast 60 vs line 60; Q go +1.11 / stay +1.09; claiming I'm going, staying home."
15,85,GAMBLER,58.72,0.781,neural_forecaster,0.6427,0.0324,0.2368,0.088,honest_go,going,bar,True,False,False,1.0,pride,0.109,0.5,0.5,"Told the town going; town says 37% going. Forecast 59 vs line 60; Q go +0.78 / stay +0.33; going, and saying so."
15,86,MACHIAVELLIAN,55.95,0.804,neural_forecaster,0.07,0.3886,0.056,0.4854,false_stay,staying,bar,True,True,True,1.0,pride,0.395,0.5,0.5,"Told the town staying; town says 37% going. Forecast 56 vs line 60; Q go +0.21 / stay +0.15; claiming I'm staying, going anyway."
15,87,PRAGMATIST,58.63,0.835,neural_forecaster,0.0994,0.4587,0.1644,0.2774,honest_stay,staying,home,False,False,False,0.3,envy,0.021,0.5,0.5,"Told the town staying; town says 37% going. Forecast 59 vs line 60; Q go +0.07 / stay +0.34; staying home, and saying so."
15,88,PRAGMATIST,56.4,0.864,neural_forecaster,0.0514,0.5285,0.0799,0.3402,honest_stay,staying,home,False,False,True,0.3,envy,0.269,0.5,0.5,"Told the town staying; town says 37% going. Forecast 56 vs line 60; Q go +0.50 / stay +0.84; staying home, and saying so."
15,89,MACHIAVELLIAN,60.35,0.846,neural_forecaster,0.1085,0.2801,0.5569,0.0545,false_go,going,home,False,True,True,0.3,envy,0.34,0.5,0.5,"Told the town going; town says 37% going. Forecast 60 vs line 60; Q go +0.41 / stay +0.98; claiming I'm going, staying home."
15,90,MACHIAVELLIAN,61.37,0.724,neural_forecaster,0.2603,0.2172,0.3696,0.153,false_go,staying,bar,True,True,True,1.0,pride,0.51,0.5,0.5,"Told the town staying; town says 37% going. Forecast 61 vs line 60; Q go -0.02 / stay +0.23; claiming I'm staying, going anyway."
15,91,PRAGMATIST,48.64,0.76,neural_forecaster,0.2982,0.2023,0.2042,0.2954,honest_go,staying,home,False,False,False,0.3,envy,0.162,0.5,0.5,"Told the town staying; town says 37% going. Forecast 49 vs line 60; Q go +0.85 / stay +0.62; staying home, and saying so."
15,92,MACHIAVELLIAN,45.76,0.867,neural_forecaster,0.1391,0.2931,0.4834,0.0844,false_go,staying,home,False,False,False,0.3,envy,0.435,0.5,0.5,"Told the town staying; town says 37% going. Forecast 46 vs line 60; Q go +0.86 / stay +1.17; staying home, and saying so."
15,93,PRAGMATIST,58.91,0.77,neural_forecaster,0.2744,0.2265,0.2606,0.2385,honest_go,going,bar,True,False,False,1.0,pride,0.302,0.5,0.5,"Told the town going; town says 37% going. Forecast 59 vs line 60; Q go +0.40 / stay +0.36; going, and saying so."
15,94,MACHIAVELLIAN,59.35,0.751,neural_forecaster,0.1596,0.1631,0.6364,0.0409,false_go,going,bar,True,False,True,1.0,pride,0.312,0.5,0.5,"Told the town going; town says 37% going. Forecast 59 vs line 60; Q go +0.38 / stay +1.00; going, and saying so."
15,95,PRAGMATIST,57.43,0.762,neural_forecaster,0.4624,0.0616,0.4058,0.0702,honest_go,going,home,False,True,True,0.3,envy,0.256,0.5,0.5,"Told the town going; town says 37% going. Forecast 57 vs line 60; Q go +0.86 / stay +0.81; claiming I'm going, staying home."
15,96,CAUTIOUS,52.13,0.768,neural_forecaster,0.0853,0.501,0.2009,0.2127,honest_stay,staying,home,False,False,True,0.3,envy,0.326,0.5,0.5,"Told the town staying; town says 37% going. Forecast 52 vs line 60; Q go +0.33 / stay +0.95; staying home, and saying so."
15,97,GAMBLER,56.22,0.792,neural_forecaster,0.5054,0.0321,0.0382,0.4243,honest_go,going,bar,True,False,False,1.0,pride,0.292,0.5,0.5,"Told the town going; town says 37% going. Forecast 56 vs line 60; Q go +1.58 / stay -0.27; going, and saying so."
15,98,CAUTIOUS,57.69,0.837,neural_forecaster,0.029,0.685,0.1185,0.1675,honest_stay,staying,home,False,False,False,0.3,envy,0.109,0.5,0.5,"Told the town staying; town says 37% going. Forecast 58 vs line 60; Q go -0.42 / stay +0.52; staying home, and saying so."
15,99,CAUTIOUS,45.02,0.892,neural_forecaster,0.0051,0.8199,0.0287,0.1463,honest_stay,staying,home,False,False,False,0.3,envy,0.355,0.5,0.5,"Told the town staying; town says 37% going. Forecast 45 vs line 60; Q go +0.49 / stay +1.01; staying home, and saying so."
15,100,GAMBLER,72.91,0.7,neural_forecaster,0.8426,0.0061,0.0999,0.0515,honest_go,going,bar,True,False,False,1.0,pride,0.128,0.5,0.5,"Told the town going; town says 37% going. Forecast 73 vs line 60; Q go +1.26 / stay +0.35; going, and saying so."
16,1,CAUTIOUS,63.06,0.829,neural_forecaster,0.0226,0.721,0.1165,0.1399,honest_stay,staying,home,False,False,False,0.3,calm,0.0,0.5,0.5,"Told the town staying; town says 45% going. Forecast 63 vs line 60; Q go -0.10 / stay +0.44; staying home, and saying so."
16,2,CAUTIOUS,52.42,0.813,neural_forecaster,0.0308,0.583,0.3321,0.054,honest_stay,going,home,False,True,False,0.3,calm,0.0,0.5,0.5,"Told the town going; town says 45% going. Forecast 52 vs line 60; Q go +0.04 / stay +0.78; claiming I'm going, staying home."
16,3,MACHIAVELLIAN,64.91,0.821,neural_forecaster,0.0579,0.1212,0.8123,0.0086,false_go,staying,home,False,False,False,0.3,calm,0.0,0.5,0.5,"Told the town staying; town says 45% going. Forecast 65 vs line 60; Q go -0.68 / stay +0.94; staying home, and saying so."
16,4,MACHIAVELLIAN,49.29,0.787,neural_forecaster,0.1622,0.0992,0.0225,0.7161,false_stay,staying,bar,True,True,False,1.0,pride,0.602,0.5,0.5,"Told the town staying; town says 45% going. Forecast 49 vs line 60; Q go +2.20 / stay +1.21; claiming I'm staying, going anyway."
16,5,GAMBLER,61.27,0.819,neural_forecaster,0.858,0.0039,0.0311,0.107,honest_go,going,bar,True,False,True,1.0,pride,0.206,0.5,0.5,"Told the town going; town says 45% going. Forecast 61 vs line 60; Q go +1.41 / stay +0.35; going, and saying so."
16,6,CAUTIOUS,59.02,0.854,neural_forecaster,0.0841,0.4966,0.2562,0.1631,honest_stay,staying,bar,True,True,True,1.0,pride,0.311,0.5,0.5,"Told the town staying; town says 45% going. Forecast 59 vs line 60; Q go +0.38 / stay +0.96; claiming I'm staying, going anyway."
16,7,MACHIAVELLIAN,63.67,0.761,neural_forecaster,0.1209,0.0386,0.0056,0.8349,false_stay,staying,bar,True,True,True,1.0,pride,0.034,0.5,0.5,"Told the town staying; town says 45% going. Forecast 64 vs line 60; Q go +1.07 / stay +0.38; claiming I'm staying, going anyway."
16,8,MACHIAVELLIAN,51.36,0.843,neural_forecaster,0.097,0.2789,0.0468,0.5773,false_stay,staying,home,False,False,False,0.3,calm,0.0,0.5,0.5,"Told the town staying; town says 45% going. Forecast 51 vs line 60; Q go +1.02 / stay +0.62; staying home, and saying so."
16,9,GAMBLER,44.56,0.765,neural_forecaster,0.576,0.0459,0.0925,0.2857,honest_go,going,bar,True,False,True,1.0,pride,0.279,0.5,0.5,"Told the town going; town says 45% going. Forecast 45 vs line 60; Q go +1.56 / stay +0.46; going, and saying so."
16,10,MACHIAVELLIAN,54.95,0.806,neural_forecaster,0.1728,0.221,0.5347,0.0714,false_go,going,home,False,True,True,0.3,calm,0.0,0.5,0.5,"Told the town going; town says 45% going. Forecast 55 vs line 60; Q go +0.02 / stay +0.46; claiming I'm going, staying home."
16,11,CAUTIOUS,50.71,0.831,neural_forecaster,0.0979,0.472,0.2062,0.2239,honest_stay,staying,bar,True,True,False,1.0,pride,0.441,0.5,0.5,"Told the town staying; town says 45% going. Forecast 51 vs line 60; Q go +0.12 / stay +0.59; claiming I'm staying, going anyway."
16,12,GAMBLER,52.08,0.82,neural_forecaster,0.4385,0.0835,0.0958,0.3822,honest_go,staying,bar,True,True,False,1.0,pride,0.085,0.5,0.5,"Told the town staying; town says 45% going. Forecast 52 vs line 60; Q go +1.17 / stay +0.14; claiming I'm staying, going anyway."
16,13,MACHIAVELLIAN,45.22,0.716,neural_forecaster,0.0342,0.2216,0.0103,0.734,false_stay,staying,bar,True,True,False,1.0,pride,0.138,0.5,0.5,"Told the town staying; town says 45% going. Forecast 45 vs line 60; Q go +1.28 / stay +0.39; claiming I'm staying, going anyway."
16,14,GAMBLER,48.14,0.786,neural_forecaster,0.6225,0.0255,0.2988,0.0532,honest_go,going,bar,True,False,True,1.0,pride,0.045,0.5,0.5,"Told the town going; town says 45% going. Forecast 48 vs line 60; Q go +0.91 / stay +0.56; going, and saying so."
16,15,CAUTIOUS,53.2,0.816,neural_forecaster,0.0056,0.7156,0.0152,0.2637,honest_stay,staying,home,False,False,False,0.3,calm,0.0,0.5,0.5,"Told the town staying; town says 45% going. Forecast 53 vs line 60; Q go +0.51 / stay +0.77; staying home, and saying so."
16,16,MACHIAVELLIAN,48.71,0.834,neural_forecaster,0.1772,0.2878,0.1241,0.411,false_stay,going,bar,True,False,False,1.0,pride,0.017,0.5,0.5,"Told the town going; town says 45% going. Forecast 49 vs line 60; Q go +1.03 / stay +0.91; going, and saying so."
16,17,MACHIAVELLIAN,56.44,0.809,neural_forecaster,0.0516,0.2623,0.0203,0.6657,false_stay,staying,bar,True,True,True,1.0,pride,0.168,0.5,0.5,"Told the town staying; town says 45% going. Forecast 56 vs line 60; Q go +0.66 / stay +0.49; claiming I'm staying, going anyway."
16,18,MACHIAVELLIAN,51.65,0.766,neural_forecaster,0.1966,0.2257,0.4865,0.0912,false_go,staying,bar,True,True,True,1.0,pride,0.36,0.5,0.5,"Told the town staying; town says 45% going. Forecast 52 vs line 60; Q go +0.28 / stay +0.72; claiming I'm staying, going anyway."
16,19,GAMBLER,60.7,0.883,neural_forecaster,0.6588,0.0199,0.0479,0.2733,honest_go,going,bar,True,False,True,1.0,pride,0.193,0.5,0.5,"Told the town going; town says 45% going. Forecast 61 vs line 60; Q go +1.39 / stay +0.77; going, and saying so."
16,20,PRAGMATIST,60.24,0.8,neural_forecaster,0.0944,0.4191,0.1033,0.3833,honest_stay,staying,bar,True,True,True,1.0,pride,0.206,0.5,0.5,"Told the town staying; town says 45% going. Forecast 60 vs line 60; Q go +0.59 / stay +0.65; claiming I'm staying, going anyway."
16,21,GAMBLER,52.46,0.833,neural_forecaster,0.5563,0.0569,0.2695,0.1174,honest_go,going,home,False,True,False,0.3,calm,0.0,0.5,0.5,"Told the town going; town says 45% going. Forecast 52 vs line 60; Q go +1.23 / stay +0.92; claiming I'm going, staying home."
16,22,MACHIAVELLIAN,43.32,0.77,neural_forecaster,0.1421,0.295,0.0883,0.4746,false_stay,staying,home,False,False,True,0.3,calm,0.0,0.5,0.5,"Told the town staying; town says 45% going. Forecast 43 vs line 60; Q go +1.48 / stay +1.25; staying home, and saying so."
16,23,MACHIAVELLIAN,57.9,0.87,neural_forecaster,0.3303,0.1299,0.4429,0.0969,false_go,staying,bar,True,True,False,1.0,pride,0.467,0.5,0.5,"Told the town staying; town says 45% going. Forecast 58 vs line 60; Q go +0.07 / stay +0.24; claiming I'm staying, going anyway."
16,24,MACHIAVELLIAN,57.66,0.782,neural_forecaster,0.0473,0.0765,0.0041,0.8721,false_stay,staying,bar,True,True,True,1.0,pride,0.213,0.5,0.5,"Told the town staying; town says 45% going. Forecast 58 vs line 60; Q go +1.43 / stay +0.63; claiming I'm staying, going anyway."
16,25,MACHIAVELLIAN,51.28,0.802,neural_forecaster,0.0166,0.2207,0.0048,0.7578,false_stay,staying,home,False,False,True,0.3,calm,0.0,0.5,0.5,"Told the town staying; town says 45% going. Forecast 51 vs line 60; Q go +1.04 / stay +0.76; staying home, and saying so."
16,26,MACHIAVELLIAN,58.78,0.805,neural_forecaster,0.1676,0.0241,0.8033,0.005,false_go,going,bar,True,False,True,1.0,pride,0.017,0.5,0.5,"Told the town going; town says 45% going. Forecast 59 vs line 60; Q go +0.97 / stay +1.29; going, and saying so."
16,27,MACHIAVELLIAN,46.9,0.752,neural_forecaster,0.4026,0.0932,0.4134,0.0908,false_go,staying,bar,True,True,True,1.0,pride,0.088,0.5,0.5,"Told the town staying; town says 45% going. Forecast 47 vs line 60; Q go +0.82 / stay +0.84; claiming I'm staying, going anyway."
16,28,GAMBLER,51.77,0.82,neural_forecaster,0.4672,0.0533,0.0592,0.4203,honest_go,going,home,False,True,False,0.3,calm,0.0,0.5,0.5,"Told the town going; town says 45% going. Forecast 52 vs line 60; Q go +2.12 / stay +0.59; claiming I'm going, staying home."
16,29,GAMBLER,50.14,0.78,neural_forecaster,0.4669,0.1003,0.2119,0.221,honest_go,going,bar,True,False,False,1.0,pride,0.019,0.5,0.5,"Told the town going; town says 45% going. Forecast 50 vs line 60; Q go +0.96 / stay +0.57; going, and saying so."
16,30,MACHIAVELLIAN,64.26,0.754,neural_forecaster,0.2274,0.2334,0.1296,0.4096,false_stay,going,bar,True,False,True,1.0,pride,0.12,0.5,0.5,"Told the town going; town says 45% going. Forecast 64 vs line 60; Q go +1.24 / stay +1.04; going, and saying so."
16,31,MACHIAVELLIAN,50.74,0.799,neural_forecaster,0.284,0.1165,0.5379,0.0615,false_go,going,home,False,True,True,0.3,calm,0.0,0.5,0.5,"Told the town going; town says 45% going. Forecast 51 vs line 60; Q go +0.81 / stay +1.06; claiming I'm going, staying home."
16,32,GAMBLER,45.96,0.816,neural_forecaster,0.815,0.0064,0.1414,0.0371,honest_go,going,bar,True,False,True,1.0,pride,0.268,0.5,0.5,"Told the town going; town says 45% going. Forecast 46 vs line 60; Q go +1.54 / stay +1.21; going, and saying so."
16,33,MACHIAVELLIAN,53.43,0.811,neural_forecaster,0.3094,0.1824,0.3442,0.164,false_go,going,home,False,True,True,0.3,calm,0.0,0.5,0.5,"Told the town going; town says 45% going. Forecast 53 vs line 60; Q go +0.25 / stay +0.31; claiming I'm going, staying home."
16,34,MACHIAVELLIAN,65.34,0.79,neural_forecaster,0.256,0.2377,0.1962,0.3101,false_stay,staying,home,False,False,False,0.3,calm,0.0,0.5,0.5,"Told the town staying; town says 45% going. Forecast 65 vs line 60; Q go +0.62 / stay +0.49; staying home, and saying so."
16,35,MACHIAVELLIAN,54.29,0.794,neural_forecaster,0.0549,0.0456,0.0028,0.8967,false_stay,staying,bar,True,True,False,1.0,pride,0.096,0.5,0.5,"Told the town staying; town says 45% going. Forecast 54 vs line 60; Q go +0.81 / stay +0.00; claiming I'm staying, going anyway."
16,36,MACHIAVELLIAN,55.65,0.885,neural_forecaster,0.1323,0.3493,0.4042,0.1143,false_go,staying,home,False,False,True,0.3,calm,0.0,0.5,0.5,"Told the town staying; town says 45% going. Forecast 56 vs line 60; Q go +0.07 / stay +0.51; staying home, and saying so."
16,37,CAUTIOUS,66.07,0.764,neural_forecaster,0.0006,0.9533,0.021,0.0252,honest_stay,staying,home,False,False,True,0.3,calm,0.0,0.5,0.5,"Told the town staying; town says 45% going. Forecast 66 vs line 60; Q go +0.54 / stay +1.42; staying home, and saying so."
16,38,MACHIAVELLIAN,74.0,0.718,neural_forecaster,0.2806,0.2171,0.2044,0.2979,false_stay,staying,bar,True,True,False,1.0,pride,0.05,0.5,0.5,"Told the town staying; town says 45% going. Forecast 74 vs line 60; Q go +1.10 / stay +0.89; claiming I'm staying, going anyway."
16,39,MACHIAVELLIAN,61.28,0.782,neural_forecaster,0.0244,0.2069,0.0066,0.7621,false_stay,staying,bar,True,True,True,1.0,pride,0.059,0.5,0.5,"Told the town staying; town says 45% going. Forecast 61 vs line 60; Q go +0.88 / stay +0.53; claiming I'm staying, going anyway."
16,40,GAMBLER,60.86,0.842,neural_forecaster,0.7021,0.0129,0.2483,0.0366,honest_go,going,bar,True,False,True,1.0,pride,0.246,0.5,0.5,"Told the town going; town says 45% going. Forecast 61 vs line 60; Q go +0.51 / stay +0.32; going, and saying so."
16,41,PRAGMATIST,51.3,0.83,neural_forecaster,0.2318,0.2687,0.2578,0.2416,honest_stay,going,bar,True,False,True,1.0,pride,0.118,0.5,0.5,"Told the town going; town says 45% going. Forecast 51 vs line 60; Q go +0.76 / stay +0.81; going, and saying so."
16,42,GAMBLER,48.18,0.813,neural_forecaster,0.5616,0.0464,0.0849,0.3071,honest_go,going,bar,True,False,True,1.0,pride,0.054,0.5,0.5,"Told the town going; town says 45% going. Forecast 48 vs line 60; Q go +0.89 / stay +0.33; going, and saying so."
16,43,GAMBLER,48.69,0.804,neural_forecaster,0.524,0.0552,0.0865,0.3343,honest_go,going,bar,True,False,True,1.0,pride,0.567,0.5,0.5,"Told the town going; town says 45% going. Forecast 49 vs line 60; Q go +2.13 / stay +1.11; going, and saying so."
16,44,CAUTIOUS,53.84,0.774,neural_forecaster,0.0018,0.917,0.0348,0.0465,honest_stay,staying,home,False,False,False,0.3,calm,0.0,0.5,0.5,"Told the town staying; town says 45% going. Forecast 54 vs line 60; Q go +0.17 / stay +0.87; staying home, and saying so."
16,45,GAMBLER,58.2,0.771,neural_forecaster,0.3853,0.1252,0.1367,0.3529,honest_go,going,bar,True,False,True,1.0,pride,0.141,0.5,0.5,"Told the town going; town says 45% going. Forecast 58 vs line 60; Q go +0.72 / stay +0.46; going, and saying so."
16,46,GAMBLER,59.06,0.857,neural_forecaster,0.7778,0.0139,0.0958,0.1126,honest_go,going,bar,True,False,False,1.0,pride,0.296,0.5,0.5,"Told the town going; town says 45% going. Forecast 59 vs line 60; Q go +1.59 / stay +0.79; going, and saying so."
16,47,MACHIAVELLIAN,62.7,0.766,neural_forecaster,0.0675,0.3396,0.0416,0.5513,false_stay,staying,home,False,False,False,0.3,calm,0.0,0.5,0.5,"Told the town staying; town says 45% going. Forecast 63 vs line 60; Q go +0.75 / stay +0.51; staying home, and saying so."
16,48,MACHIAVELLIAN,57.82,0.765,neural_forecaster,0.1886,0.2204,0.5094,0.0816,false_go,staying,home,False,False,True,0.3,calm,0.0,0.5,0.5,"Told the town staying; town says 45% going. Forecast 58 vs line 60; Q go -0.56 / stay +0.15; staying home, and saying so."
16,49,MACHIAVELLIAN,61.07,0.807,neural_forecaster,0.1184,0.3287,0.0828,0.4701,false_stay,staying,bar,True,True,False,1.0,pride,0.249,0.5,0.5,"Told the town staying; town says 45% going. Forecast 61 vs line 60; Q go +0.50 / stay +0.27; claiming I'm staying, going anyway."
16,50,PRAGMATIST,48.24,0.822,neural_forecaster,0.5307,0.051,0.3384,0.0799,honest_go,staying,bar,True,True,True,1.0,pride,0.136,0.5,0.5,"Told the town staying; town says 45% going. Forecast 48 vs line 60; Q go +1.27 / stay +0.95; claiming I'm staying, going anyway."
16,51,MACHIAVELLIAN,55.9,0.848,neural_forecaster,0.0328,0.3943,0.5494,0.0235,false_go,going,home,False,True,True,0.3,calm,0.0,0.5,0.5,"Told the town going; town says 45% going. Forecast 56 vs line 60; Q go +1.05 / stay +1.90; claiming I'm going, staying home."
16,52,MACHIAVELLIAN,49.66,0.75,neural_forecaster,0.0341,0.2544,0.0124,0.6991,false_stay,staying,bar,True,True,False,1.0,pride,0.11,0.5,0.5,"Told the town staying; town says 45% going. Forecast 50 vs line 60; Q go +1.22 / stay +0.73; claiming I'm staying, going anyway."
16,53,CAUTIOUS,61.42,0.827,neural_forecaster,0.0928,0.4186,0.3886,0.0999,honest_stay,going,bar,True,False,False,1.0,pride,0.394,0.5,0.5,"Told the town going; town says 45% going. Forecast 61 vs line 60; Q go +0.21 / stay +0.83; going, and saying so."
16,54,CAUTIOUS,48.12,0.809,neural_forecaster,0.0334,0.5536,0.362,0.051,honest_stay,going,home,False,True,True,0.3,calm,0.0,0.5,0.5,"Told the town going; town says 45% going. Forecast 48 vs line 60; Q go +0.11 / stay +0.65; claiming I'm going, staying home."
16,55,GAMBLER,51.32,0.795,neural_forecaster,0.6497,0.0368,0.1306,0.183,honest_go,going,bar,True,False,True,1.0,pride,0.06,0.5,0.5,"Told the town going; town says 45% going. Forecast 51 vs line 60; Q go +0.88 / stay +0.16; going, and saying so."
16,56,MACHIAVELLIAN,53.3,0.79,neural_forecaster,0.3943,0.0442,0.5285,0.033,false_go,going,home,False,True,True,0.3,calm,0.0,0.5,0.5,"Told the town going; town says 45% going. Forecast 53 vs line 60; Q go +0.28 / stay +0.35; claiming I'm going, staying home."
16,57,MACHIAVELLIAN,58.67,0.854,neural_forecaster,0.0996,0.1349,0.7475,0.018,false_go,staying,home,False,False,True,0.3,calm,0.0,0.5,0.5,"Told the town staying; town says 45% going. Forecast 59 vs line 60; Q go +0.07 / stay +0.69; staying home, and saying so."
16,58,MACHIAVELLIAN,64.61,0.77,neural_forecaster,0.2933,0.1971,0.3391,0.1705,false_go,going,bar,True,False,False,1.0,pride,0.065,0.5,0.5,"Told the town going; town says 45% going. Forecast 65 vs line 60; Q go +0.87 / stay +0.97; going, and saying so."
16,59,MACHIAVELLIAN,66.01,0.834,neural_forecaster,0.2633,0.1995,0.4085,0.1286,false_go,going,home,False,True,False,0.3,calm,0.0,0.5,0.5,"Told the town going; town says 45% going. Forecast 66 vs line 60; Q go +0.55 / stay +0.69; claiming I'm going, staying home."
16,60,MACHIAVELLIAN,55.99,0.802,neural_forecaster,0.1421,0.0829,0.7595,0.0155,false_go,going,home,False,True,True,0.3,calm,0.0,0.5,0.5,"Told the town going; town says 45% going. Forecast 56 vs line 60; Q go -0.21 / stay +0.72; claiming I'm going, staying home."
16,61,MACHIAVELLIAN,57.34,0.804,neural_forecaster,0.0178,0.4469,0.0153,0.5199,false_stay,staying,home,False,False,True,0.3,calm,0.0,0.5,0.5,"Told the town staying; town says 45% going. Forecast 57 vs line 60; Q go +0.83 / stay +0.78; staying home, and saying so."
16,62,MACHIAVELLIAN,54.82,0.849,neural_forecaster,0.2015,0.2935,0.3207,0.1844,false_go,staying,bar,True,True,False,1.0,pride,0.311,0.5,0.5,"Told the town staying; town says 45% going. Forecast 55 vs line 60; Q go +0.38 / stay +0.62; claiming I'm staying, going anyway."
16,63,CAUTIOUS,55.88,0.746,neural_forecaster,0.0137,0.6393,0.0275,0.3195,honest_stay,staying,bar,True,True,True,1.0,pride,0.323,0.5,0.5,"Told the town staying; town says 45% going. Forecast 56 vs line 60; Q go +0.35 / stay +0.47; claiming I'm staying, going anyway."
16,64,CAUTIOUS,63.31,0.79,neural_forecaster,0.0817,0.5045,0.1669,0.2469,honest_stay,staying,home,False,False,False,0.3,calm,0.0,0.5,0.5,"Told the town staying; town says 45% going. Forecast 63 vs line 60; Q go +0.98 / stay +1.28; staying home, and saying so."
16,65,MACHIAVELLIAN,64.02,0.789,neural_forecaster,0.1854,0.0161,0.7948,0.0038,false_go,going,home,False,True,True,0.3,calm,0.0,0.5,0.5,"Told the town going; town says 45% going. Forecast 64 vs line 60; Q go +0.21 / stay +0.54; claiming I'm going, staying home."
16,66,CAUTIOUS,57.43,0.794,neural_forecaster,0.0071,0.7574,0.0257,0.2098,honest_stay,staying,home,False,False,True,0.3,calm,0.0,0.5,0.5,"Told the town staying; town says 45% going. Forecast 57 vs line 60; Q go +0.56 / stay +0.89; staying home, and saying so."
16,67,MACHIAVELLIAN,57.8,0.888,neural_forecaster,0.2076,0.2888,0.1932,0.3104,false_stay,staying,bar,True,True,False,1.0,pride,0.196,0.5,0.5,"Told the town staying; town says 45% going. Forecast 58 vs line 60; Q go +0.61 / stay +0.56; claiming I'm staying, going anyway."
16,68,GAMBLER,65.34,0.863,neural_forecaster,0.6411,0.0396,0.1708,0.1486,honest_go,going,bar,True,False,True,1.0,pride,0.033,0.5,0.5,"Told the town going; town says 45% going. Forecast 65 vs line 60; Q go +0.93 / stay +0.25; going, and saying so."
16,69,PRAGMATIST,64.45,0.79,neural_forecaster,0.1946,0.3116,0.2645,0.2292,honest_stay,staying,home,False,False,False,0.3,calm,0.0,0.5,0.5,"Told the town staying; town says 45% going. Forecast 64 vs line 60; Q go +0.84 / stay +1.06; staying home, and saying so."
16,70,MACHIAVELLIAN,52.23,0.811,neural_forecaster,0.1522,0.3178,0.1171,0.4129,false_stay,going,bar,True,False,True,1.0,pride,0.192,0.5,0.5,"Told the town going; town says 45% going. Forecast 52 vs line 60; Q go +0.62 / stay +0.46; going, and saying so."
16,71,MACHIAVELLIAN,48.83,0.87,neural_forecaster,0.072,0.3434,0.0459,0.5388,false_stay,staying,home,False,False,False,0.3,calm,0.0,0.5,0.5,"Told the town staying; town says 45% going. Forecast 49 vs line 60; Q go +1.22 / stay +0.94; staying home, and saying so."
16,72,MACHIAVELLIAN,50.07,0.817,neural_forecaster,0.0218,0.3854,0.5783,0.0145,false_go,staying,home,False,False,True,0.3,calm,0.0,0.5,0.5,"Told the town staying; town says 45% going. Forecast 50 vs line 60; Q go -0.07 / stay +0.75; staying home, and saying so."
16,73,STRAIGHT SHOOTER,46.85,0.801,neural_forecaster,0.8787,0.0037,0.072,0.0456,honest_go,staying,bar,True,True,True,1.0,pride,0.014,0.5,0.5,"Told the town staying; town says 45% going. Forecast 47 vs line 60; Q go +0.97 / stay +0.21; claiming I'm staying, going anyway."
16,74,MACHIAVELLIAN,54.27,0.831,neural_forecaster,0.2541,0.1465,0.529,0.0704,false_go,going,home,False,True,False,0.3,calm,0.0,0.5,0.5,"Told the town going; town says 45% going. Forecast 54 vs line 60; Q go +0.46 / stay +0.62; claiming I'm going, staying home."
16,75,MACHIAVELLIAN,53.77,0.858,neural_forecaster,0.2304,0.0213,0.0066,0.7418,false_stay,staying,bar,True,True,True,1.0,pride,0.098,0.5,0.5,"Told the town staying; town says 45% going. Forecast 54 vs line 60; Q go +1.20 / stay +0.39; claiming I'm staying, going anyway."
16,76,MACHIAVELLIAN,46.71,0.833,neural_forecaster,0.0345,0.0727,0.0028,0.89,false_stay,staying,bar,True,True,False,1.0,pride,0.254,0.5,0.5,"Told the town staying; town says 45% going. Forecast 47 vs line 60; Q go +1.51 / stay +0.78; claiming I'm staying, going anyway."
16,77,MACHIAVELLIAN,59.87,0.855,neural_forecaster,0.3614,0.1319,0.1249,0.3817,false_stay,going,bar,True,False,True,1.0,pride,0.088,0.5,0.5,"Told the town going; town says 45% going. Forecast 60 vs line 60; Q go +1.18 / stay +0.47; going, and saying so."
16,78,MACHIAVELLIAN,53.53,0.793,neural_forecaster,0.1469,0.2081,0.0515,0.5934,false_stay,staying,bar,True,True,False,1.0,pride,0.127,0.5,0.5,"Told the town staying; town says 45% going. Forecast 54 vs line 60; Q go +1.25 / stay +0.67; claiming I'm staying, going anyway."
16,79,GAMBLER,55.38,0.864,neural_forecaster,0.4537,0.0768,0.0923,0.3772,honest_go,going,home,False,True,False,0.3,calm,0.0,0.5,0.5,"Told the town going; town says 45% going. Forecast 55 vs line 60; Q go +1.11 / stay +0.14; claiming I'm going, staying home."
16,80,PRAGMATIST,59.74,0.819,neural_forecaster,0.5078,0.0088,0.4739,0.0095,honest_go,going,bar,True,False,False,1.0,pride,0.236,0.5,0.5,"Told the town going; town says 45% going. Forecast 60 vs line 60; Q go +0.53 / stay +0.51; going, and saying so."
16,81,PRAGMATIST,51.73,0.841,neural_forecaster,0.0606,0.4683,0.0709,0.4002,honest_stay,staying,home,False,False,True,0.3,calm,0.0,0.5,0.5,"Told the town staying; town says 45% going. Forecast 52 vs line 60; Q go +0.55 / stay +0.63; staying home, and saying so."
16,82,MACHIAVELLIAN,53.72,0.816,neural_forecaster,0.0357,0.4306,0.0305,0.5032,false_stay,staying,bar,True,True,False,1.0,pride,0.353,0.5,0.5,"Told the town staying; town says 45% going. Forecast 54 vs line 60; Q go +0.29 / stay +0.23; claiming I'm staying, going anyway."
16,83,MACHIAVELLIAN,59.67,0.815,neural_forecaster,0.2354,0.063,0.0218,0.6798,false_stay,going,bar,True,False,False,1.0,pride,0.006,0.5,0.5,"Told the town going; town says 45% going. Forecast 60 vs line 60; Q go +1.01 / stay +0.13; going, and saying so."
16,84,PRAGMATIST,53.37,0.799,neural_forecaster,0.4088,0.1191,0.3197,0.1524,honest_go,going,bar,True,False,True,1.0,pride,0.037,0.5,0.5,"Told the town going; town says 45% going. Forecast 53 vs line 60; Q go +0.93 / stay +0.76; going, and saying so."
16,85,PRAGMATIST,62.94,0.813,neural_forecaster,0.1788,0.3283,0.2013,0.2916,honest_stay,staying,bar,True,True,False,1.0,pride,0.195,0.5,0.5,"Told the town staying; town says 45% going. Forecast 63 vs line 60; Q go +0.61 / stay +0.66; claiming I'm staying, going anyway."
16,86,MACHIAVELLIAN,50.19,0.804,neural_forecaster,0.2588,0.1332,0.0633,0.5448,false_stay,staying,bar,True,True,False,1.0,pride,0.049,0.5,0.5,"Told the town staying; town says 45% going. Forecast 50 vs line 60; Q go +0.90 / stay +0.55; claiming I'm staying, going anyway."
16,87,CAUTIOUS,60.39,0.866,neural_forecaster,0.0992,0.4662,0.1867,0.2478,honest_stay,staying,home,False,False,False,0.3,calm,0.0,0.5,0.5,"Told the town staying; town says 45% going. Forecast 60 vs line 60; Q go +0.31 / stay +0.65; staying home, and saying so."
16,88,PRAGMATIST,62.15,0.882,neural_forecaster,0.0711,0.5131,0.1258,0.29,honest_stay,going,home,False,True,False,0.3,calm,0.0,0.5,0.5,"Told the town going; town says 45% going. Forecast 62 vs line 60; Q go +0.07 / stay +0.49; claiming I'm going, staying home."
16,89,PRAGMATIST,65.91,0.853,neural_forecaster,0.5375,0.0535,0.3188,0.0902,honest_go,staying,home,False,False,False,0.3,calm,0.0,0.5,0.5,"Told the town staying; town says 45% going. Forecast 66 vs line 60; Q go +1.13 / stay +0.96; staying home, and saying so."
16,90,PRAGMATIST,46.99,0.727,neural_forecaster,0.3124,0.1942,0.2325,0.261,honest_go,going,bar,True,False,False,1.0,pride,0.041,0.5,0.5,"Told the town going; town says 45% going. Forecast 47 vs line 60; Q go +1.08 / stay +0.88; going, and saying so."
16,91,PRAGMATIST,42.45,0.738,neural_forecaster,0.4599,0.0976,0.2852,0.1573,honest_go,going,bar,True,False,True,1.0,pride,0.089,0.5,0.5,"Told the town going; town says 45% going. Forecast 42 vs line 60; Q go +1.18 / stay +0.90; going, and saying so."
16,92,GAMBLER,54.69,0.873,neural_forecaster,0.8484,0.0061,0.0854,0.0601,honest_go,going,bar,True,False,True,1.0,pride,0.092,0.5,0.5,"Told the town going; town says 45% going. Forecast 55 vs line 60; Q go +0.82 / stay +0.21; going, and saying so."
16,93,PRAGMATIST,59.18,0.813,neural_forecaster,0.2184,0.282,0.2781,0.2215,honest_stay,staying,home,False,False,True,0.3,calm,0.0,0.5,0.5,"Told the town staying; town says 45% going. Forecast 59 vs line 60; Q go +0.40 / stay +0.57; staying home, and saying so."
16,94,CAUTIOUS,59.27,0.798,neural_forecaster,0.1359,0.3768,0.334,0.1533,honest_stay,staying,bar,True,True,False,1.0,pride,0.21,0.5,0.5,"Told the town staying; town says 45% going. Forecast 59 vs line 60; Q go +0.58 / stay +0.96; claiming I'm staying, going anyway."
16,95,MACHIAVELLIAN,55.67,0.792,neural_forecaster,0.3934,0.0064,0.596,0.0042,false_go,going,home,False,True,False,0.3,calm,0.0,0.5,0.5,"Told the town going; town says 45% going. Forecast 56 vs line 60; Q go +0.29 / stay +0.43; claiming I'm going, staying home."
16,96,GAMBLER,59.54,0.813,neural_forecaster,0.3763,0.1469,0.1994,0.2773,honest_go,staying,bar,True,True,True,1.0,pride,0.116,0.5,0.5,"Told the town staying; town says 45% going. Forecast 60 vs line 60; Q go +1.23 / stay +0.78; claiming I'm staying, going anyway."
16,97,GAMBLER,53.29,0.807,neural_forecaster,0.6861,0.0295,0.1445,0.1399,honest_go,going,bar,True,False,False,1.0,pride,0.184,0.5,0.5,"Told the town going; town says 45% going. Forecast 53 vs line 60; Q go +1.37 / stay +0.46; going, and saying so."
16,98,CAUTIOUS,55.92,0.853,neural_forecaster,0.0572,0.5553,0.1178,0.2697,honest_stay,staying,bar,True,True,True,1.0,pride,0.394,0.5,0.5,"Told the town staying; town says 45% going. Forecast 56 vs line 60; Q go +0.21 / stay +0.67; claiming I'm staying, going anyway."
16,99,CAUTIOUS,44.4,0.851,neural_forecaster,0.0068,0.7663,0.0259,0.2011,honest_stay,staying,home,False,False,False,0.3,calm,0.0,0.5,0.5,"Told the town staying; town says 45% going. Forecast 44 vs line 60; Q go +0.56 / stay +0.95; staying home, and saying so."
16,100,GAMBLER,60.85,0.757,neural_forecaster,0.8576,0.0047,0.0957,0.0421,honest_go,going,bar,True,False,False,1.0,pride,0.176,0.5,0.5,"Told the town going; town says 45% going. Forecast 61 vs line 60; Q go +1.35 / stay +0.44; going, and saying so."
17,1,CAUTIOUS,64.56,0.793,neural_forecaster,0.0278,0.5641,0.3652,0.0429,honest_stay,going,home,False,True,False,0.3,envy,0.123,0.5,0.5,"Told the town going; town says 50% going. Forecast 65 vs line 60; Q go -0.42 / stay +0.55; claiming I'm going, staying home."
17,2,CAUTIOUS,56.4,0.813,neural_forecaster,0.0309,0.478,0.4589,0.0322,honest_stay,going,home,False,True,False,0.3,envy,0.299,0.5,0.5,"Told the town going; town says 50% going. Forecast 56 vs line 60; Q go +0.06 / stay +0.90; claiming I'm going, staying home."
17,3,MACHIAVELLIAN,52.26,0.836,neural_forecaster,0.3202,0.1218,0.4761,0.0819,false_go,going,bar,True,False,True,1.0,pride,0.012,0.5,0.5,"Told the town going; town says 50% going. Forecast 52 vs line 60; Q go +1.02 / stay +1.21; going, and saying so."
17,4,MACHIAVELLIAN,51.9,0.81,neural_forecaster,0.1326,0.1076,0.0193,0.7406,false_stay,staying,bar,True,True,False,1.0,pride,0.508,0.5,0.5,"Told the town staying; town says 50% going. Forecast 52 vs line 60; Q go +2.02 / stay +1.09; claiming I'm staying, going anyway."
17,5,CAUTIOUS,58.08,0.811,neural_forecaster,0.024,0.6109,0.3191,0.046,honest_stay,staying,home,False,False,True,0.3,envy,0.429,0.5,0.5,"Told the town staying; town says 50% going. Forecast 58 vs line 60; Q go +0.46 / stay +1.16; staying home, and saying so."
17,6,GAMBLER,51.98,0.863,neural_forecaster,0.4555,0.0645,0.072,0.408,honest_go,going,bar,True,False,False,1.0,pride,0.138,0.5,0.5,"Told the town going; town says 50% going. Forecast 52 vs line 60; Q go +1.28 / stay +0.31; going, and saying so."
17,7,PRAGMATIST,61.48,0.751,neural_forecaster,0.5086,0.0152,0.4594,0.0168,honest_go,going,bar,True,False,False,1.0,pride,0.349,0.5,0.5,"Told the town going; town says 50% going. Forecast 61 vs line 60; Q go +0.30 / stay +0.28; going, and saying so."
17,8,PRAGMATIST,45.15,0.867,neural_forecaster,0.1232,0.3795,0.1259,0.3715,honest_stay,staying,bar,True,True,True,1.0,pride,0.231,0.5,0.5,"Told the town staying; town says 50% going. Forecast 45 vs line 60; Q go +0.54 / stay +0.55; claiming I'm staying, going anyway."
17,9,MACHIAVELLIAN,58.95,0.765,neural_forecaster,0.1926,0.1996,0.0717,0.5361,false_stay,staying,home,False,False,True,0.3,envy,0.027,0.5,0.5,"Told the town staying; town says 50% going. Forecast 59 vs line 60; Q go +0.92 / stay +0.35; staying home, and saying so."
17,10,GAMBLER,56.28,0.808,neural_forecaster,0.7387,0.0151,0.1864,0.0599,honest_go,going,home,False,True,False,0.3,envy,0.201,0.5,0.5,"Told the town going; town says 50% going. Forecast 56 vs line 60; Q go +1.22 / stay +0.70; claiming I'm going, staying home."
17,11,PRAGMATIST,67.16,0.785,neural_forecaster,0.0783,0.5012,0.1398,0.2807,honest_stay,staying,bar,True,True,False,1.0,pride,0.278,0.5,0.5,"Told the town staying; town says 50% going. Forecast 67 vs line 60; Q go +0.44 / stay +0.80; claiming I'm staying, going anyway."
17,12,CAUTIOUS,62.18,0.795,neural_forecaster,0.1267,0.3829,0.353,0.1374,honest_stay,going,home,False,True,True,0.3,envy,0.514,0.5,0.5,"Told the town going; town says 50% going. Forecast 62 vs line 60; Q go +0.67 / stay +1.33; claiming I'm going, staying home."
17,13,MACHIAVELLIAN,63.57,0.707,neural_forecaster,0.032,0.2652,0.0123,0.6905,false_stay,staying,bar,True,True,False,1.0,pride,0.303,0.5,0.5,"Told the town staying; town says 50% going. Forecast 64 vs line 60; Q go +1.61 / stay +0.92; claiming I'm staying, going anyway."
17,14,MACHIAVELLIAN,55.69,0.794,neural_forecaster,0.1078,0.189,0.6729,0.0303,false_go,going,home,False,True,True,0.3,envy,0.315,0.5,0.5,"Told the town going; town says 50% going. Forecast 56 vs line 60; Q go +0.03 / stay +0.93; claiming I'm going, staying home."
17,15,PRAGMATIST,60.15,0.801,neural_forecaster,0.0079,0.6203,0.0137,0.3581,honest_stay,staying,bar,True,True,True,1.0,pride,0.203,0.5,0.5,"Told the town staying; town says 50% going. Forecast 60 vs line 60; Q go +0.59 / stay +0.73; claiming I'm staying, going anyway."
17,16,MACHIAVELLIAN,56.76,0.829,neural_forecaster,0.1873,0.3041,0.1664,0.3422,false_stay,going,home,False,True,True,0.3,envy,0.166,0.5,0.5,"Told the town going; town says 50% going. Forecast 57 vs line 60; Q go +0.67 / stay +0.63; claiming I'm going, staying home."
17,17,MACHIAVELLIAN,50.39,0.833,neural_forecaster,0.4843,0.008,0.5,0.0077,false_go,going,home,False,True,True,0.3,envy,0.266,0.5,0.5,"Told the town going; town says 50% going. Forecast 50 vs line 60; Q go +0.83 / stay +0.83; claiming I'm going, staying home."
17,18,MACHIAVELLIAN,55.25,0.78,neural_forecaster,0.0667,0.3608,0.5268,0.0457,false_go,going,home,False,True,True,0.3,envy,0.264,0.5,0.5,"Told the town going; town says 50% going. Forecast 55 vs line 60; Q go -0.17 / stay +0.83; claiming I'm going, staying home."
17,19,MACHIAVELLIAN,52.65,0.884,neural_forecaster,0.0191,0.2253,0.0058,0.7498,false_stay,staying,bar,True,True,False,1.0,pride,0.063,0.5,0.5,"Told the town staying; town says 50% going. Forecast 53 vs line 60; Q go +0.87 / stay +0.62; claiming I'm staying, going anyway."
17,20,MACHIAVELLIAN,70.19,0.747,neural_forecaster,0.1035,0.3922,0.1005,0.4038,false_stay,going,bar,True,False,False,1.0,pride,0.384,0.5,0.5,"Told the town going; town says 50% going. Forecast 70 vs line 60; Q go +0.23 / stay +0.21; going, and saying so."
17,21,MACHIAVELLIAN,61.13,0.81,neural_forecaster,0.0603,0.2341,0.685,0.0206,false_go,going,home,False,True,False,0.3,envy,0.342,0.5,0.5,"Told the town going; town says 50% going. Forecast 61 vs line 60; Q go -0.18 / stay +0.98; claiming I'm going, staying home."
17,22,PRAGMATIST,58.85,0.768,neural_forecaster,0.1549,0.3664,0.2169,0.2617,honest_stay,staying,bar,True,True,True,1.0,pride,0.114,0.5,0.5,"Told the town staying; town says 50% going. Forecast 59 vs line 60; Q go +0.77 / stay +0.93; claiming I'm staying, going anyway."
17,23,GAMBLER,51.39,0.878,neural_forecaster,0.5411,0.0682,0.1598,0.2309,honest_go,going,bar,True,False,False,1.0,pride,0.249,0.5,0.5,"Told the town going; town says 50% going. Forecast 51 vs line 60; Q go +1.50 / stay +0.77; going, and saying so."
17,24,CAUTIOUS,59.62,0.775,neural_forecaster,0.0082,0.7459,0.0282,0.2177,honest_stay,staying,home,False,False,True,0.3,envy,0.218,0.5,0.5,"Told the town staying; town says 50% going. Forecast 60 vs line 60; Q go +0.39 / stay +0.74; staying home, and saying so."
17,25,MACHIAVELLIAN,45.09,0.834,neural_forecaster,0.0172,0.1259,0.0025,0.8544,false_stay,staying,bar,True,True,True,1.0,pride,0.103,0.5,0.5,"Told the town staying; town says 50% going. Forecast 45 vs line 60; Q go +1.21 / stay +0.78; claiming I'm staying, going anyway."
17,26,MACHIAVELLIAN,52.98,0.82,neural_forecaster,0.2387,0.0239,0.7296,0.0078,false_go,going,bar,True,False,False,1.0,pride,0.079,0.5,0.5,"Told the town going; town says 50% going. Forecast 53 vs line 60; Q go +0.84 / stay +1.07; going, and saying so."
17,27,MACHIAVELLIAN,68.39,0.716,neural_forecaster,0.4593,0.0253,0.4919,0.0236,false_go,going,home,False,True,True,0.3,envy,0.657,0.5,0.5,"Told the town going; town says 50% going. Forecast 68 vs line 60; Q go +1.59 / stay +1.61; claiming I'm going, staying home."
17,28,PRAGMATIST,53.76,0.829,neural_forecaster,0.205,0.2951,0.2949,0.2051,honest_stay,staying,home,False,False,False,0.3,envy,0.256,0.5,0.5,"Told the town staying; town says 50% going. Forecast 54 vs line 60; Q go +0.56 / stay +0.81; staying home, and saying so."
17,29,CAUTIOUS,59.92,0.772,neural_forecaster,0.0576,0.5358,0.3056,0.101,honest_stay,going,home,False,True,True,0.3,envy,0.01,0.5,0.5,"Told the town going; town says 50% going. Forecast 60 vs line 60; Q go -0.50 / stay +0.32; claiming I'm going, staying home."
17,30,CAUTIOUS,63.7,0.737,neural_forecaster,0.036,0.6194,0.2582,0.0863,honest_stay,staying,home,False,False,True,0.3,envy,0.503,0.5,0.5,"Told the town staying; town says 50% going. Forecast 64 vs line 60; Q go +0.62 / stay +1.31; staying home, and saying so."
17,31,CAUTIOUS,58.9,0.791,neural_forecaster,0.0557,0.5469,0.1039,0.2935,honest_stay,staying,home,False,False,False,0.3,envy,0.229,0.5,0.5,"Told the town staying; town says 50% going. Forecast 59 vs line 60; Q go +0.52 / stay +0.76; staying home, and saying so."
17,32,MACHIAVELLIAN,48.9,0.845,neural_forecaster,0.2864,0.0284,0.6731,0.0121,false_go,going,bar,True,False,False,1.0,pride,0.105,0.5,0.5,"Told the town going; town says 50% going. Forecast 49 vs line 60; Q go +0.79 / stay +0.94; going, and saying so."
17,33,GAMBLER,56.36,0.811,neural_forecaster,0.6334,0.0417,0.1603,0.1646,honest_go,going,bar,True,False,True,1.0,pride,0.218,0.5,0.5,"Told the town going; town says 50% going. Forecast 56 vs line 60; Q go +1.44 / stay +0.65; going, and saying so."
17,34,MACHIAVELLIAN,39.61,0.803,neural_forecaster,0.1099,0.3647,0.0926,0.4328,false_stay,staying,home,False,False,False,0.3,envy,0.234,0.5,0.5,"Told the town staying; town says 50% going. Forecast 40 vs line 60; Q go +0.85 / stay +0.77; staying home, and saying so."
17,35,MACHIAVELLIAN,51.63,0.816,neural_forecaster,0.0184,0.1996,0.0047,0.7772,false_stay,staying,bar,True,True,False,1.0,pride,0.172,0.5,0.5,"Told the town staying; town says 50% going. Forecast 52 vs line 60; Q go +0.66 / stay +0.32; claiming I'm staying, going anyway."
17,36,MACHIAVELLIAN,62.0,0.848,neural_forecaster,0.1167,0.0483,0.8282,0.0068,false_go,going,home,False,True,False,0.3,envy,0.025,0.5,0.5,"Told the town going; town says 50% going. Forecast 62 vs line 60; Q go -0.44 / stay +0.35; claiming I'm going, staying home."
17,37,CAUTIOUS,55.25,0.778,neural_forecaster,0.0031,0.8902,0.0599,0.0468,honest_stay,staying,home,False,False,False,0.3,envy,0.341,0.5,0.5,"Told the town staying; town says 50% going. Forecast 55 vs line 60; Q go +0.44 / stay +0.98; staying home, and saying so."
17,38,MACHIAVELLIAN,67.53,0.693,neural_forecaster,0.2545,0.2052,0.4141,0.1261,false_go,staying,home,False,False,True,0.3,envy,0.231,0.5,0.5,"Told the town staying; town says 50% going. Forecast 68 vs line 60; Q go +0.45 / stay +0.76; staying home, and saying so."
17,39,CAUTIOUS,56.13,0.789,neural_forecaster,0.0082,0.7424,0.0275,0.222,honest_stay,staying,bar,True,True,False,1.0,pride,0.186,0.5,0.5,"Told the town staying; town says 50% going. Forecast 56 vs line 60; Q go +0.63 / stay +0.94; claiming I'm staying, going anyway."
17,40,CAUTIOUS,53.27,0.849,neural_forecaster,0.0267,0.5864,0.3409,0.046,honest_stay,going,home,False,True,True,0.3,envy,0.044,0.5,0.5,"Told the town going; town says 50% going. Forecast 53 vs line 60; Q go -0.13 / stay +0.39; claiming I'm going, staying home."
17,41,CAUTIOUS,58.96,0.817,neural_forecaster,0.1468,0.3631,0.3274,0.1628,honest_stay,going,bar,True,False,False,1.0,pride,0.221,0.5,0.5,"Told the town going; town says 50% going. Forecast 59 vs line 60; Q go +0.56 / stay +0.90; going, and saying so."
17,42,MACHIAVELLIAN,59.0,0.803,neural_forecaster,0.0834,0.32,0.5479,0.0487,false_go,staying,home,False,False,True,0.3,envy,0.16,0.5,0.5,"Told the town staying; town says 50% going. Forecast 59 vs line 60; Q go +0.08 / stay +0.62; staying home, and saying so."
17,43,MACHIAVELLIAN,58.65,0.796,neural_forecaster,0.2045,0.1282,0.6253,0.0419,false_go,going,home,False,True,True,0.3,envy,0.583,0.5,0.5,"Told the town going; town says 50% going. Forecast 59 vs line 60; Q go +0.86 / stay +1.47; claiming I'm going, staying home."
17,44,CAUTIOUS,62.32,0.758,neural_forecaster,0.0223,0.6381,0.0488,0.2908,honest_stay,staying,home,False,False,False,0.3,envy,0.211,0.5,0.5,"Told the town staying; town says 50% going. Forecast 62 vs line 60; Q go +0.57 / stay +0.72; staying home, and saying so."
17,45,GAMBLER,57.9,0.773,neural_forecaster,0.5707,0.0585,0.1538,0.2171,honest_go,going,bar,True,False,False,1.0,pride,0.039,0.5,0.5,"Told the town going; town says 50% going. Forecast 58 vs line 60; Q go +0.92 / stay +0.60; going, and saying so."
17,46,GAMBLER,57.03,0.846,neural_forecaster,0.7418,0.0185,0.1451,0.0946,honest_go,going,home,False,True,True,0.3,envy,0.118,0.5,0.5,"Told the town going; town says 50% going. Forecast 57 vs line 60; Q go +1.13 / stay +0.54; claiming I'm going, staying home."
17,47,CAUTIOUS,63.64,0.746,neural_forecaster,0.0482,0.5922,0.2417,0.118,honest_stay,going,home,False,True,False,0.3,envy,0.503,0.5,0.5,"Told the town going; town says 50% going. Forecast 64 vs line 60; Q go +0.52 / stay +1.31; claiming I'm going, staying home."
17,48,PRAGMATIST,50.74,0.797,neural_forecaster,0.2433,0.2567,0.2561,0.2439,honest_stay,going,bar,True,False,True,1.0,pride,0.246,0.5,0.5,"Told the town going; town says 50% going. Forecast 51 vs line 60; Q go +0.51 / stay +0.54; going, and saying so."
17,49,MACHIAVELLIAN,52.9,0.822,neural_forecaster,0.2037,0.2284,0.0992,0.4687,false_stay,staying,bar,True,True,False,1.0,pride,0.046,0.5,0.5,"Told the town staying; town says 50% going. Forecast 53 vs line 60; Q go +1.09 / stay +0.64; claiming I'm staying, going anyway."
17,50,MACHIAVELLIAN,57.54,0.815,neural_forecaster,0.293,0.0466,0.6389,0.0214,false_go,going,bar,True,False,False,1.0,pride,0.165,0.5,0.5,"Told the town going; town says 50% going. Forecast 58 vs line 60; Q go +1.33 / stay +1.87; going, and saying so."
17,51,MACHIAVELLIAN,60.53,0.824,neural_forecaster,0.0373,0.1664,0.0079,0.7885,false_stay,staying,home,False,False,False,0.3,envy,0.711,0.5,0.5,"Told the town staying; town says 50% going. Forecast 61 vs line 60; Q go +2.06 / stay +1.72; staying home, and saying so."
17,52,CAUTIOUS,57.06,0.76,neural_forecaster,0.0254,0.6979,0.1004,0.1764,honest_stay,going,bar,True,False,False,1.0,pride,0.102,0.5,0.5,"Told the town going; town says 50% going. Forecast 57 vs line 60; Q go +0.80 / stay +1.45; going, and saying so."
17,53,CAUTIOUS,59.55,0.811,neural_forecaster,0.0202,0.7137,0.1902,0.0759,honest_stay,staying,home,False,False,True,0.3,envy,0.305,0.5,0.5,"Told the town staying; town says 50% going. Forecast 60 vs line 60; Q go -0.06 / stay +0.91; staying home, and saying so."
17,54,MACHIAVELLIAN,60.04,0.795,neural_forecaster,0.188,0.1143,0.0323,0.6654,false_stay,going,bar,True,False,True,1.0,pride,0.058,0.5,0.5,"Told the town going; town says 50% going. Forecast 60 vs line 60; Q go +0.88 / stay +0.52; going, and saying so."
17,55,MACHIAVELLIAN,57.07,0.796,neural_forecaster,0.1613,0.2308,0.5389,0.0691,false_go,staying,bar,True,True,False,1.0,pride,0.311,0.5,0.5,"Told the town staying; town says 50% going. Forecast 57 vs line 60; Q go +0.38 / stay +0.89; claiming I'm staying, going anyway."
17,56,MACHIAVELLIAN,63.78,0.764,neural_forecaster,0.0936,0.2067,0.0288,0.6708,false_stay,going,bar,True,False,True,1.0,pride,0.006,0.5,0.5,"Told the town going; town says 50% going. Forecast 64 vs line 60; Q go +0.99 / stay +0.72; going, and saying so."
17,57,MACHIAVELLIAN,60.41,0.83,neural_forecaster,0.0839,0.3886,0.456,0.0715,false_go,staying,home,False,False,False,0.3,envy,0.097,0.5,0.5,"Told the town staying; town says 50% going. Forecast 60 vs line 60; Q go -0.01 / stay +0.49; staying home, and saying so."
17,58,MACHIAVELLIAN,57.18,0.776,neural_forecaster,0.3051,0.1569,0.4254,0.1125,false_go,staying,bar,True,True,False,1.0,pride,0.262,0.5,0.5,"Told the town staying; town says 50% going. Forecast 57 vs line 60; Q go +0.48 / stay +0.69; claiming I'm staying, going anyway."
17,59,MACHIAVELLIAN,64.78,0.796,neural_forecaster,0.1696,0.2402,0.0798,0.5104,false_stay,going,bar,True,False,True,1.0,pride,0.137,0.5,0.5,"Told the town going; town says 50% going. Forecast 65 vs line 60; Q go +0.73 / stay +0.50; going, and saying so."
17,60,GAMBLER,45.26,0.834,neural_forecaster,0.6079,0.0478,0.1968,0.1475,honest_go,going,home,False,True,False,0.3,envy,0.335,0.5,0.5,"Told the town going; town says 50% going. Forecast 45 vs line 60; Q go +1.55 / stay +0.97; claiming I'm going, staying home."
17,61,MACHIAVELLIAN,57.6,0.801,neural_forecaster,0.0062,0.4216,0.0046,0.5675,false_stay,staying,bar,True,True,True,1.0,pride,0.164,0.5,0.5,"Told the town staying; town says 50% going. Forecast 58 vs line 60; Q go +0.67 / stay +0.58; claiming I'm staying, going anyway."
17,62,PRAGMATIST,64.99,0.807,neural_forecaster,0.1309,0.4053,0.2052,0.2586,honest_stay,going,home,False,True,True,0.3,envy,0.213,0.5,0.5,"Told the town going; town says 50% going. Forecast 65 vs line 60; Q go +0.50 / stay +0.73; claiming I'm going, staying home."
17,63,MACHIAVELLIAN,58.9,0.749,neural_forecaster,0.0177,0.1262,0.0026,0.8534,false_stay,staying,bar,True,True,False,1.0,pride,0.332,0.5,0.5,"Told the town staying; town says 50% going. Forecast 59 vs line 60; Q go +0.34 / stay +0.02; claiming I'm staying, going anyway."
17,64,MACHIAVELLIAN,46.36,0.829,neural_forecaster,0.2336,0.2636,0.2912,0.2116,false_go,going,bar,True,False,True,1.0,pride,0.291,0.5,0.5,"Told the town going; town says 50% going. Forecast 46 vs line 60; Q go +0.42 / stay +0.50; going, and saying so."
17,65,MACHIAVELLIAN,59.45,0.781,neural_forecaster,0.0348,0.0218,0.0008,0.9426,false_stay,staying,bar,True,True,True,1.0,pride,0.164,0.5,0.5,"Told the town staying; town says 50% going. Forecast 59 vs line 60; Q go +0.67 / stay -0.34; claiming I'm staying, going anyway."
17,66,CAUTIOUS,51.97,0.815,neural_forecaster,0.03,0.6483,0.0809,0.2408,honest_stay,staying,home,False,False,False,0.3,envy,0.159,0.5,0.5,"Told the town staying; town says 50% going. Forecast 52 vs line 60; Q go +0.37 / stay +0.62; staying home, and saying so."
17,67,CAUTIOUS,49.23,0.901,neural_forecaster,0.1171,0.4317,0.2441,0.2071,honest_stay,staying,home,False,False,True,0.3,envy,0.119,0.5,0.5,"Told the town staying; town says 50% going. Forecast 49 vs line 60; Q go +0.05 / stay +0.54; staying home, and saying so."
17,68,MACHIAVELLIAN,58.58,0.844,neural_forecaster,0.1675,0.277,0.4531,0.1024,false_go,staying,home,False,False,True,0.3,envy,0.322,0.5,0.5,"Told the town staying; town says 50% going. Forecast 59 vs line 60; Q go +0.45 / stay +0.94; staying home, and saying so."
17,69,MACHIAVELLIAN,68.3,0.747,neural_forecaster,0.2675,0.2191,0.1714,0.342,false_stay,staying,home,False,False,False,0.3,envy,0.403,0.5,0.5,"Told the town staying; town says 50% going. Forecast 68 vs line 60; Q go +1.41 / stay +1.11; staying home, and saying so."
17,70,PRAGMATIST,56.93,0.809,neural_forecaster,0.3008,0.2031,0.2274,0.2686,honest_go,going,home,False,True,True,0.3,envy,0.065,0.5,0.5,"Told the town going; town says 50% going. Forecast 57 vs line 60; Q go +0.59 / stay +0.43; claiming I'm going, staying home."
17,71,MACHIAVELLIAN,46.03,0.892,neural_forecaster,0.0519,0.3817,0.0374,0.529,false_stay,staying,home,False,False,False,0.3,envy,0.555,0.5,0.5,"Told the town staying; town says 50% going. Forecast 46 vs line 60; Q go +1.61 / stay +1.41; staying home, and saying so."
17,72,MACHIAVELLIAN,61.89,0.794,neural_forecaster,0.4221,0.009,0.0068,0.5621,false_stay,going,bar,True,False,True,1.0,pride,0.229,0.5,0.5,"Told the town going; town says 50% going. Forecast 62 vs line 60; Q go +1.46 / stay +0.05; going, and saying so."
17,73,CAUTIOUS,51.92,0.821,neural_forecaster,0.0878,0.4848,0.2692,0.1582,honest_stay,going,bar,True,False,False,1.0,pride,0.348,0.5,0.5,"Told the town going; town says 50% going. Forecast 52 vs line 60; Q go +0.30 / stay +0.61; going, and saying so."
17,74,MACHIAVELLIAN,55.25,0.831,neural_forecaster,0.3046,0.0199,0.6663,0.0091,false_go,going,home,False,True,False,0.3,envy,0.166,0.5,0.5,"Told the town going; town says 50% going. Forecast 55 vs line 60; Q go +0.46 / stay +0.63; claiming I'm going, staying home."
17,75,MACHIAVELLIAN,49.31,0.877,neural_forecaster,0.2206,0.259,0.363,0.1574,false_go,going,home,False,True,True,0.3,envy,0.172,0.5,0.5,"Told the town going; town says 50% going. Forecast 49 vs line 60; Q go +0.55 / stay +0.64; claiming I'm going, staying home."
17,76,MACHIAVELLIAN,46.6,0.865,neural_forecaster,0.0308,0.1546,0.0059,0.8087,false_stay,staying,bar,True,True,False,1.0,pride,0.18,0.5,0.5,"Told the town staying; town says 50% going. Forecast 47 vs line 60; Q go +1.36 / stay +0.94; claiming I'm staying, going anyway."
17,77,MACHIAVELLIAN,56.0,0.848,neural_forecaster,0.2798,0.1828,0.1236,0.4137,false_stay,going,home,False,True,True,0.3,envy,0.29,0.5,0.5,"Told the town going; town says 50% going. Forecast 56 vs line 60; Q go +1.40 / stay +0.88; claiming I'm going, staying home."
17,78,MACHIAVELLIAN,49.89,0.823,neural_forecaster,0.1186,0.2384,0.0475,0.5955,false_stay,staying,home,False,False,True,0.3,envy,0.152,0.5,0.5,"Told the town staying; town says 50% going. Forecast 50 vs line 60; Q go +1.10 / stay +0.60; staying home, and saying so."
17,79,MACHIAVELLIAN,49.53,0.881,neural_forecaster,0.2617,0.1931,0.4268,0.1184,false_go,staying,home,False,False,False,0.3,envy,0.147,0.5,0.5,"Told the town staying; town says 50% going. Forecast 50 vs line 60; Q go +0.31 / stay +0.59; staying home, and saying so."
17,80,MACHIAVELLIAN,60.77,0.8,neural_forecaster,0.205,0.0135,0.7779,0.0036,false_go,going,home,False,True,True,0.3,envy,0.197,0.5,0.5,"Told the town going; town says 50% going. Forecast 61 vs line 60; Q go +0.38 / stay +0.69; claiming I'm going, staying home."
17,81,CAUTIOUS,50.85,0.858,neural_forecaster,0.0403,0.6377,0.1761,0.1459,honest_stay,staying,home,False,False,False,0.3,envy,0.316,0.5,0.5,"Told the town staying; town says 50% going. Forecast 51 vs line 60; Q go +0.11 / stay +0.93; staying home, and saying so."
17,82,MACHIAVELLIAN,43.06,0.837,neural_forecaster,0.0346,0.2196,0.0103,0.7354,false_stay,staying,bar,True,True,False,1.0,pride,0.1,0.5,0.5,"Told the town staying; town says 50% going. Forecast 43 vs line 60; Q go +0.80 / stay +0.32; claiming I'm staying, going anyway."
17,83,MACHIAVELLIAN,64.21,0.784,neural_forecaster,0.013,0.451,0.0112,0.5248,false_stay,staying,home,False,False,True,0.3,envy,0.025,0.5,0.5,"Told the town staying; town says 50% going. Forecast 64 vs line 60; Q go +0.30 / stay +0.25; staying home, and saying so."
17,84,MACHIAVELLIAN,60.2,0.787,neural_forecaster,0.23,0.2628,0.1915,0.3157,false_stay,staying,bar,True,True,False,1.0,pride,0.063,0.5,0.5,"Told the town staying; town says 50% going. Forecast 60 vs line 60; Q go +1.13 / stay +1.01; claiming I'm staying, going anyway."
17,85,PRAGMATIST,53.52,0.824,neural_forecaster,0.2012,0.3041,0.2469,0.2478,honest_stay,going,bar,True,False,False,1.0,pride,0.255,0.5,0.5,"Told the town going; town says 50% going. Forecast 54 vs line 60; Q go +0.49 / stay +0.58; going, and saying so."
17,86,MACHIAVELLIAN,52.69,0.821,neural_forecaster,0.327,0.134,0.0998,0.4391,false_stay,staying,home,False,False,True,0.3,envy,0.15,0.5,0.5,"Told the town staying; town says 50% going. Forecast 53 vs line 60; Q go +0.88 / stay +0.60; staying home, and saying so."
17,87,PRAGMATIST,63.98,0.825,neural_forecaster,0.1052,0.4504,0.1777,0.2667,honest_stay,staying,home,False,False,False,0.3,envy,0.234,0.5,0.5,"Told the town staying; town says 50% going. Forecast 64 vs line 60; Q go +0.50 / stay +0.77; staying home, and saying so."
17,88,CAUTIOUS,57.05,0.866,neural_forecaster,0.0372,0.6357,0.1079,0.2192,honest_stay,staying,home,False,False,False,0.3,envy,0.095,0.5,0.5,"Told the town staying; town says 50% going. Forecast 57 vs line 60; Q go -0.28 / stay +0.49; staying home, and saying so."
17,89,MACHIAVELLIAN,61.22,0.825,neural_forecaster,0.0856,0.3099,0.5568,0.0477,false_go,going,bar,True,False,True,1.0,pride,0.552,0.5,0.5,"Told the town going; town says 50% going. Forecast 61 vs line 60; Q go -0.10 / stay +0.51; going, and saying so."
17,90,PRAGMATIST,53.41,0.756,neural_forecaster,0.3175,0.1881,0.21,0.2844,honest_go,going,bar,True,False,False,1.0,pride,0.004,0.5,0.5,"Told the town going; town says 50% going. Forecast 53 vs line 60; Q go +1.01 / stay +0.73; going, and saying so."
17,91,PRAGMATIST,48.77,0.783,neural_forecaster,0.3743,0.1278,0.3677,0.1301,honest_go,staying,bar,True,True,False,1.0,pride,0.143,0.5,0.5,"Told the town staying; town says 50% going. Forecast 49 vs line 60; Q go +0.71 / stay +0.70; claiming I'm staying, going anyway."
17,92,CAUTIOUS,45.38,0.892,neural_forecaster,0.0149,0.6269,0.3298,0.0283,honest_stay,staying,home,False,False,True,0.3,envy,0.547,0.5,0.5,"Told the town staying; town says 50% going. Forecast 45 vs line 60; Q go +0.08 / stay +1.39; staying home, and saying so."
17,93,MACHIAVELLIAN,55.58,0.816,neural_forecaster,0.2901,0.2042,0.3216,0.1842,false_go,going,bar,True,False,True,1.0,pride,0.318,0.5,0.5,"Told the town going; town says 50% going. Forecast 56 vs line 60; Q go +0.36 / stay +0.43; going, and saying so."
17,94,PRAGMATIST,53.22,0.814,neural_forecaster,0.1696,0.3459,0.2488,0.2358,honest_stay,staying,home,False,False,True,0.3,envy,0.18,0.5,0.5,"Told the town staying; town says 50% going. Forecast 53 vs line 60; Q go +0.50 / stay +0.66; staying home, and saying so."
17,95,MACHIAVELLIAN,53.0,0.81,neural_forecaster,0.2886,0.0081,0.6999,0.0034,false_go,going,home,False,True,False,0.3,envy,0.148,0.5,0.5,"Told the town going; town says 50% going. Forecast 53 vs line 60; Q go +0.32 / stay +0.60; claiming I'm going, staying home."
17,96,PRAGMATIST,55.8,0.815,neural_forecaster,0.09,0.4521,0.1206,0.3373,honest_stay,staying,bar,True,True,False,1.0,pride,0.186,0.5,0.5,"Told the town staying; town says 50% going. Forecast 56 vs line 60; Q go +0.63 / stay +0.83; claiming I'm staying, going anyway."
17,97,STRAIGHT SHOOTER,57.44,0.804,neural_forecaster,0.8122,0.0094,0.1081,0.0703,honest_go,going,bar,True,False,False,1.0,pride,0.265,0.5,0.5,"Told the town going; town says 50% going. Forecast 57 vs line 60; Q go +1.53 / stay +0.34; going, and saying so."
17,98,MACHIAVELLIAN,68.09,0.798,neural_forecaster,0.1812,0.2315,0.504,0.0832,false_go,staying,bar,True,True,False,1.0,pride,0.643,0.5,0.5,"Told the town staying; town says 50% going. Forecast 68 vs line 60; Q go -0.29 / stay +0.34; claiming I'm staying, going anyway."
17,99,PRAGMATIST,44.07,0.869,neural_forecaster,0.0402,0.5427,0.0613,0.3557,honest_stay,going,home,False,True,False,0.3,envy,0.161,0.5,0.5,"Told the town going; town says 50% going. Forecast 44 vs line 60; Q go +0.50 / stay +0.62; claiming I'm going, staying home."
17,100,GAMBLER,55.53,0.771,neural_forecaster,0.8413,0.0058,0.1078,0.0452,honest_go,going,bar,True,False,False,1.0,pride,0.103,0.5,0.5,"Told the town going; town says 50% going. Forecast 56 vs line 60; Q go +1.21 / stay +0.40; going, and saying so."
18,1,MACHIAVELLIAN,43.19,0.811,neural_forecaster,0.0335,0.3459,0.0193,0.6014,false_stay,staying,home,False,False,False,0.3,envy,0.231,0.5,0.5,"Told the town staying; town says 45% going. Forecast 43 vs line 60; Q go +0.93 / stay +0.76; staying home, and saying so."
18,2,CAUTIOUS,53.73,0.831,neural_forecaster,0.076,0.4553,0.377,0.0918,honest_stay,going,home,False,True,False,0.3,envy,0.153,0.5,0.5,"Told the town going; town says 45% going. Forecast 54 vs line 60; Q go +0.16 / stay +0.61; claiming I'm going, staying home."
18,3,MACHIAVELLIAN,61.18,0.82,neural_forecaster,0.2145,0.1029,0.6486,0.034,false_go,going,home,False,True,True,0.3,envy,0.33,0.5,0.5,"Told the town going; town says 45% going. Forecast 61 vs line 60; Q go +0.44 / stay +0.96; claiming I'm going, staying home."
18,4,MACHIAVELLIAN,53.11,0.831,neural_forecaster,0.1452,0.1389,0.0294,0.6866,false_stay,staying,bar,True,True,False,1.0,pride,0.648,0.5,0.5,"Told the town staying; town says 45% going. Forecast 53 vs line 60; Q go +2.30 / stay +1.58; claiming I'm staying, going anyway."
18,5,GAMBLER,53.3,0.832,neural_forecaster,0.8133,0.0072,0.0425,0.137,honest_go,going,bar,True,False,True,1.0,pride,0.215,0.5,0.5,"Told the town going; town says 45% going. Forecast 53 vs line 60; Q go +1.43 / stay +0.62; going, and saying so."
18,6,MACHIAVELLIAN,54.13,0.87,neural_forecaster,0.2573,0.1537,0.0772,0.5118,false_stay,going,bar,True,False,False,1.0,pride,0.056,0.5,0.5,"Told the town going; town says 45% going. Forecast 54 vs line 60; Q go +0.89 / stay +0.30; going, and saying so."
18,7,GAMBLER,56.28,0.771,neural_forecaster,0.69,0.0215,0.2212,0.0672,honest_go,going,bar,True,False,False,1.0,pride,0.104,0.5,0.5,"Told the town going; town says 45% going. Forecast 56 vs line 60; Q go +0.79 / stay +0.61; going, and saying so."
18,8,CAUTIOUS,53.29,0.876,neural_forecaster,0.1162,0.4344,0.228,0.2214,honest_stay,staying,home,False,False,True,0.3,envy,0.13,0.5,0.5,"Told the town staying; town says 45% going. Forecast 53 vs line 60; Q go +0.21 / stay +0.56; staying home, and saying so."
18,9,CAUTIOUS,56.3,0.782,neural_forecaster,0.1064,0.4276,0.3267,0.1393,honest_stay,staying,home,False,False,False,0.3,envy,0.149,0.5,0.5,"Told the town staying; town says 45% going. Forecast 56 vs line 60; Q go -0.02 / stay +0.60; staying home, and saying so."
18,10,GAMBLER,53.78,0.827,neural_forecaster,0.7628,0.0147,0.145,0.0775,honest_go,staying,bar,True,True,True,1.0,pride,0.179,0.5,0.5,"Told the town staying; town says 45% going. Forecast 54 vs line 60; Q go +1.36 / stay +0.74; claiming I'm staying, going anyway."
18,11,CAUTIOUS,61.78,0.776,neural_forecaster,0.0499,0.5985,0.1442,0.2073,honest_stay,staying,home,False,False,True,0.3,envy,0.414,0.5,0.5,"Told the town staying; town says 45% going. Forecast 62 vs line 60; Q go +0.49 / stay +1.13; staying home, and saying so."
18,12,MACHIAVELLIAN,53.66,0.817,neural_forecaster,0.3432,0.1418,0.1247,0.3903,false_stay,staying,home,False,False,False,0.3,envy,0.166,0.5,0.5,"Told the town staying; town says 45% going. Forecast 54 vs line 60; Q go +0.59 / stay -0.03; staying home, and saying so."
18,13,MACHIAVELLIAN,60.0,0.721,neural_forecaster,0.033,0.2526,0.0119,0.7026,false_stay,staying,bar,True,True,False,1.0,pride,0.348,0.5,0.5,"Told the town staying; town says 45% going. Forecast 60 vs line 60; Q go +1.70 / stay +0.99; claiming I'm staying, going anyway."
18,14,PRAGMATIST,62.02,0.783,neural_forecaster,0.2664,0.2341,0.248,0.2514,honest_go,staying,bar,True,True,True,1.0,pride,0.207,0.5,0.5,"Told the town staying; town says 45% going. Forecast 62 vs line 60; Q go +0.59 / stay +0.55; claiming I'm staying, going anyway."
18,15,CAUTIOUS,53.61,0.822,neural_forecaster,0.0076,0.6375,0.0141,0.3408,honest_stay,staying,bar,True,True,False,1.0,pride,0.097,0.5,0.5,"Told the town staying; town says 45% going. Forecast 54 vs line 60; Q go +0.81 / stay +0.96; claiming I'm staying, going anyway."
18,16,CAUTIOUS,60.58,0.816,neural_forecaster,0.096,0.4709,0.2578,0.1753,honest_stay,going,bar,True,False,True,1.0,pride,0.454,0.5,0.5,"Told the town going; town says 45% going. Forecast 61 vs line 60; Q go +0.09 / stay +0.43; going, and saying so."
18,17,GAMBLER,45.75,0.854,neural_forecaster,0.9426,0.0008,0.0322,0.0243,honest_go,going,bar,True,False,True,1.0,pride,0.176,0.5,0.5,"Told the town going; town says 45% going. Forecast 46 vs line 60; Q go +1.35 / stay +0.68; going, and saying so."
18,18,CAUTIOUS,61.7,0.773,neural_forecaster,0.0046,0.8688,0.063,0.0637,honest_stay,staying,home,False,False,False,0.3,envy,0.457,0.5,0.5,"Told the town staying; town says 45% going. Forecast 62 vs line 60; Q go -0.05 / stay +1.21; staying home, and saying so."
18,19,MACHIAVELLIAN,50.83,0.9,neural_forecaster,0.0142,0.4066,0.0101,0.5691,false_stay,staying,home,False,False,True,0.3,envy,0.251,0.5,0.5,"Told the town staying; town says 45% going. Forecast 51 vs line 60; Q go +0.87 / stay +0.80; staying home, and saying so."
18,20,CAUTIOUS,62.54,0.744,neural_forecaster,0.0572,0.5762,0.1572,0.2095,honest_stay,staying,home,False,False,True,0.3,envy,0.079,0.5,0.5,"Told the town staying; town says 45% going. Forecast 63 vs line 60; Q go -0.25 / stay +0.46; staying home, and saying so."
18,21,MACHIAVELLIAN,51.53,0.838,neural_forecaster,0.2521,0.1775,0.4765,0.0939,false_go,staying,bar,True,True,True,1.0,pride,0.294,0.5,0.5,"Told the town staying; town says 45% going. Forecast 52 vs line 60; Q go +0.41 / stay +0.67; claiming I'm staying, going anyway."
18,22,MACHIAVELLIAN,52.6,0.8,neural_forecaster,0.2086,0.2444,0.1192,0.4277,false_stay,staying,bar,True,True,False,1.0,pride,0.134,0.5,0.5,"Told the town staying; town says 45% going. Forecast 53 vs line 60; Q go +1.27 / stay +1.01; claiming I'm staying, going anyway."
18,23,MACHIAVELLIAN,57.43,0.869,neural_forecaster,0.1555,0.1877,0.6089,0.0479,false_go,staying,home,False,False,True,0.3,envy,0.135,0.5,0.5,"Told the town staying; town says 45% going. Forecast 57 vs line 60; Q go -0.22 / stay +0.57; staying home, and saying so."
18,24,MACHIAVELLIAN,47.44,0.814,neural_forecaster,0.0363,0.0344,0.0013,0.9279,false_stay,staying,bar,True,True,True,1.0,pride,0.797,0.5,0.5,"Told the town staying; town says 45% going. Forecast 47 vs line 60; Q go +2.59 / stay +0.91; claiming I'm staying, going anyway."
18,25,CAUTIOUS,54.55,0.845,neural_forecaster,0.001,0.9141,0.012,0.0729,honest_stay,staying,home,False,False,True,0.3,envy,0.586,0.5,0.5,"Told the town staying; town says 45% going. Forecast 55 vs line 60; Q go +0.92 / stay +1.47; staying home, and saying so."
18,26,MACHIAVELLIAN,51.13,0.848,neural_forecaster,0.4288,0.0127,0.5485,0.0099,false_go,going,home,False,True,True,0.3,envy,0.232,0.5,0.5,"Told the town going; town says 45% going. Forecast 51 vs line 60; Q go +0.72 / stay +0.76; claiming I'm going, staying home."
18,27,MACHIAVELLIAN,52.9,0.757,neural_forecaster,0.1336,0.0779,0.7751,0.0134,false_go,going,home,False,True,False,0.3,envy,0.46,0.5,0.5,"Told the town going; town says 45% going. Forecast 53 vs line 60; Q go +0.51 / stay +1.22; claiming I'm going, staying home."
18,28,MACHIAVELLIAN,48.72,0.862,neural_forecaster,0.2036,0.2355,0.1053,0.4555,false_stay,staying,home,False,False,False,0.3,envy,0.116,0.5,0.5,"Told the town staying; town says 45% going. Forecast 49 vs line 60; Q go +0.97 / stay +0.53; staying home, and saying so."
18,29,MACHIAVELLIAN,53.64,0.799,neural_forecaster,0.2701,0.1755,0.1056,0.4488,false_stay,going,bar,True,False,True,1.0,pride,0.067,0.5,0.5,"Told the town going; town says 45% going. Forecast 54 vs line 60; Q go +0.87 / stay +0.43; going, and saying so."
18,30,MACHIAVELLIAN,55.5,0.763,neural_forecaster,0.3084,0.0615,0.5984,0.0317,false_go,staying,bar,True,True,True,1.0,pride,0.023,0.5,0.5,"Told the town staying; town says 45% going. Forecast 55 vs line 60; Q go +0.95 / stay +1.17; claiming I'm staying, going anyway."
18,31,MACHIAVELLIAN,68.1,0.757,neural_forecaster,0.0183,0.2216,0.7546,0.0054,false_go,going,home,False,True,False,0.3,envy,0.226,0.5,0.5,"Told the town going; town says 45% going. Forecast 68 vs line 60; Q go -1.23 / stay +0.75; claiming I'm going, staying home."
18,32,MACHIAVELLIAN,47.52,0.87,neural_forecaster,0.1213,0.0344,0.8393,0.005,false_go,going,bar,True,False,False,1.0,pride,0.083,0.5,0.5,"Told the town going; town says 45% going. Forecast 48 vs line 60; Q go +0.83 / stay +1.18; going, and saying so."
18,33,MACHIAVELLIAN,55.39,0.823,neural_forecaster,0.1827,0.2728,0.428,0.1165,false_go,going,home,False,True,True,0.3,envy,0.093,0.5,0.5,"Told the town going; town says 45% going. Forecast 55 vs line 60; Q go +0.02 / stay +0.49; claiming I'm going, staying home."
18,34,MACHIAVELLIAN,48.32,0.839,neural_forecaster,0.2173,0.2691,0.1703,0.3433,false_stay,going,bar,True,False,True,1.0,pride,0.193,0.5,0.5,"Told the town going; town says 45% going. Forecast 48 vs line 60; Q go +0.61 / stay +0.51; going, and saying so."
18,35,MACHIAVELLIAN,55.63,0.827,neural_forecaster,0.0129,0.0945,0.0014,0.8913,false_stay,staying,bar,True,True,False,1.0,pride,0.121,0.5,0.5,"Told the town staying; town says 45% going. Forecast 56 vs line 60; Q go +1.24 / stay +0.70; claiming I'm staying, going anyway."
18,36,MACHIAVELLIAN,44.33,0.859,neural_forecaster,0.1143,0.2557,0.0504,0.5795,false_stay,staying,home,False,False,False,0.3,envy,0.193,0.5,0.5,"Told the town staying; town says 45% going. Forecast 44 vs line 60; Q go +0.98 / stay +0.69; staying home, and saying so."
18,37,CAUTIOUS,51.59,0.812,neural_forecaster,0.0115,0.6999,0.0312,0.2573,honest_stay,staying,home,False,False,False,0.3,envy,0.026,0.5,0.5,"Told the town staying; town says 45% going. Forecast 52 vs line 60; Q go +0.19 / stay +0.35; staying home, and saying so."
18,38,PRAGMATIST,76.72,0.643,neural_forecaster,0.3372,0.1705,0.1905,0.3017,honest_go,going,bar,True,False,True,1.0,pride,0.11,0.5,0.5,"Told the town going; town says 45% going. Forecast 77 vs line 60; Q go +1.22 / stay +0.86; going, and saying so."
18,39,MACHIAVELLIAN,53.82,0.812,neural_forecaster,0.0153,0.4609,0.0138,0.5099,false_stay,staying,bar,True,True,False,1.0,pride,0.129,0.5,0.5,"Told the town staying; town says 45% going. Forecast 54 vs line 60; Q go +1.26 / stay +1.23; claiming I'm staying, going anyway."
18,40,GAMBLER,44.34,0.86,neural_forecaster,0.8446,0.0065,0.0676,0.0812,honest_go,going,bar,True,False,True,1.0,pride,0.231,0.5,0.5,"Told the town going; town says 45% going. Forecast 44 vs line 60; Q go +0.54 / stay +0.05; going, and saying so."
18,41,MACHIAVELLIAN,55.76,0.826,neural_forecaster,0.3134,0.1504,0.4254,0.1108,false_go,going,bar,True,False,False,1.0,pride,0.191,0.5,0.5,"Told the town going; town says 45% going. Forecast 56 vs line 60; Q go +0.62 / stay +0.74; going, and saying so."
18,42,PRAGMATIST,55.4,0.816,neural_forecaster,0.0574,0.5329,0.0981,0.3117,honest_stay,staying,bar,True,True,True,1.0,pride,0.369,0.5,0.5,"Told the town staying; town says 45% going. Forecast 55 vs line 60; Q go +0.26 / stay +0.41; claiming I'm staying, going anyway."
18,43,GAMBLER,52.26,0.824,neural_forecaster,0.5594,0.0627,0.2135,0.1644,honest_go,going,bar,True,False,True,1.0,pride,0.284,0.5,0.5,"Told the town going; town says 45% going. Forecast 52 vs line 60; Q go +1.57 / stay +1.07; going, and saying so."
18,44,CAUTIOUS,55.33,0.781,neural_forecaster,0.0046,0.861,0.0431,0.0913,honest_stay,staying,home,False,False,False,0.3,envy,0.251,0.5,0.5,"Told the town staying; town says 45% going. Forecast 55 vs line 60; Q go +0.36 / stay +0.80; staying home, and saying so."
18,45,MACHIAVELLIAN,60.22,0.774,neural_forecaster,0.4306,0.0684,0.0681,0.4329,false_stay,going,bar,True,False,False,1.0,pride,0.019,0.5,0.5,"Told the town going; town says 45% going. Forecast 60 vs line 60; Q go +1.04 / stay +0.59; going, and saying so."
18,46,STRAIGHT SHOOTER,56.21,0.848,neural_forecaster,0.0041,0.8619,0.098,0.036,honest_stay,staying,home,False,False,False,0.3,envy,0.387,0.5,0.5,"Told the town staying; town says 45% going. Forecast 56 vs line 60; Q go -0.21 / stay +1.07; staying home, and saying so."
18,47,MACHIAVELLIAN,55.04,0.773,neural_forecaster,0.1828,0.3072,0.1609,0.3491,false_stay,staying,home,False,False,False,0.3,envy,0.159,0.5,0.5,"Told the town staying; town says 45% going. Forecast 55 vs line 60; Q go +0.68 / stay +0.62; staying home, and saying so."
18,48,MACHIAVELLIAN,58.76,0.799,neural_forecaster,0.1815,0.0545,0.7509,0.0132,false_go,going,home,False,True,True,0.3,envy,0.367,0.5,0.5,"Told the town going; town says 45% going. Forecast 59 vs line 60; Q go +0.07 / stay +1.03; claiming I'm going, staying home."
18,49,MACHIAVELLIAN,58.82,0.818,neural_forecaster,0.0828,0.3464,0.0557,0.5152,false_stay,staying,bar,True,True,False,1.0,pride,0.077,0.5,0.5,"Told the town staying; town says 45% going. Forecast 59 vs line 60; Q go +1.15 / stay +0.92; claiming I'm staying, going anyway."
18,50,GAMBLER,50.52,0.846,neural_forecaster,0.4402,0.1105,0.1818,0.2676,honest_go,staying,bar,True,True,False,1.0,pride,0.463,0.5,0.5,"Told the town staying; town says 45% going. Forecast 51 vs line 60; Q go +1.93 / stay +1.34; claiming I'm staying, going anyway."
18,51,CAUTIOUS,51.45,0.85,neural_forecaster,0.0093,0.8124,0.0705,0.1077,honest_stay,staying,home,False,False,False,0.3,envy,0.381,0.5,0.5,"Told the town staying; town says 45% going. Forecast 51 vs line 60; Q go +0.62 / stay +1.06; staying home, and saying so."
18,52,MACHIAVELLIAN,54.17,0.787,neural_forecaster,0.0457,0.2079,0.0129,0.7335,false_stay,staying,bar,True,True,False,1.0,pride,0.186,0.5,0.5,"Told the town staying; town says 45% going. Forecast 54 vs line 60; Q go +1.37 / stay +0.80; claiming I'm staying, going anyway."
18,53,MACHIAVELLIAN,60.01,0.805,neural_forecaster,0.308,0.1208,0.4963,0.0749,false_go,staying,home,False,False,False,0.3,envy,0.227,0.5,0.5,"Told the town staying; town says 45% going. Forecast 60 vs line 60; Q go +0.56 / stay +0.75; staying home, and saying so."
18,54,MACHIAVELLIAN,46.62,0.826,neural_forecaster,0.0435,0.0784,0.0039,0.8742,false_stay,staying,bar,True,True,False,1.0,pride,0.18,0.5,0.5,"Told the town staying; town says 45% going. Forecast 47 vs line 60; Q go +0.64 / stay +0.14; claiming I'm staying, going anyway."
18,55,PRAGMATIST,44.53,0.819,neural_forecaster,0.4546,0.0971,0.3022,0.1461,honest_go,going,home,False,True,True,0.3,envy,0.006,0.5,0.5,"Told the town going; town says 45% going. Forecast 45 vs line 60; Q go +0.45 / stay +0.29; claiming I'm going, staying home."
18,56,GAMBLER,61.93,0.76,neural_forecaster,0.7044,0.0256,0.1499,0.1202,honest_go,going,bar,True,False,False,1.0,pride,0.242,0.5,0.5,"Told the town going; town says 45% going. Forecast 62 vs line 60; Q go +0.52 / stay +0.17; going, and saying so."
18,57,CAUTIOUS,56.7,0.833,neural_forecaster,0.0213,0.6836,0.0625,0.2327,honest_stay,staying,home,False,False,False,0.3,envy,0.171,0.5,0.5,"Told the town staying; town says 45% going. Forecast 57 vs line 60; Q go +0.34 / stay +0.64; staying home, and saying so."
18,58,MACHIAVELLIAN,66.81,0.749,neural_forecaster,0.2895,0.2049,0.3204,0.1851,false_go,going,home,False,True,True,0.3,envy,0.216,0.5,0.5,"Told the town going; town says 45% going. Forecast 67 vs line 60; Q go +0.67 / stay +0.73; claiming I'm going, staying home."
18,59,GAMBLER,59.6,0.795,neural_forecaster,0.4446,0.0968,0.1316,0.327,honest_go,going,home,False,True,True,0.3,envy,0.345,0.5,0.5,"Told the town going; town says 45% going. Forecast 60 vs line 60; Q go +1.35 / stay +0.99; claiming I'm going, staying home."
18,60,GAMBLER,52.51,0.853,neural_forecaster,0.6819,0.029,0.1784,0.1107,honest_go,going,bar,True,False,True,1.0,pride,0.228,0.5,0.5,"Told the town going; town says 45% going. Forecast 53 vs line 60; Q go +1.46 / stay +0.78; going, and saying so."
18,61,CAUTIOUS,59.35,0.799,neural_forecaster,0.0349,0.6468,0.1064,0.212,honest_stay,staying,home,False,False,True,0.3,envy,0.114,0.5,0.5,"Told the town staying; town says 45% going. Forecast 59 vs line 60; Q go +0.19 / stay +0.53; staying home, and saying so."
18,62,MACHIAVELLIAN,56.01,0.818,neural_forecaster,0.2365,0.2441,0.3582,0.1611,false_go,staying,home,False,False,False,0.3,envy,0.088,0.5,0.5,"Told the town staying; town says 45% going. Forecast 56 vs line 60; Q go +0.27 / stay +0.48; staying home, and saying so."
18,63,MACHIAVELLIAN,58.61,0.761,neural_forecaster,0.0106,0.1547,0.002,0.8328,false_stay,staying,bar,True,True,False,1.0,pride,0.345,0.5,0.5,"Told the town staying; town says 45% going. Forecast 59 vs line 60; Q go +0.31 / stay +0.04; claiming I'm staying, going anyway."
18,64,CAUTIOUS,59.89,0.82,neural_forecaster,0.0256,0.6567,0.0672,0.2505,honest_stay,staying,bar,True,True,False,1.0,pride,0.299,0.5,0.5,"Told the town staying; town says 45% going. Forecast 60 vs line 60; Q go +0.40 / stay +0.77; claiming I'm staying, going anyway."
18,65,MACHIAVELLIAN,61.42,0.775,neural_forecaster,0.0147,0.1578,0.8246,0.0028,false_go,going,home,False,True,True,0.3,envy,0.074,0.5,0.5,"Told the town going; town says 45% going. Forecast 61 vs line 60; Q go -0.73 / stay +0.45; claiming I'm going, staying home."
18,66,CAUTIOUS,56.79,0.821,neural_forecaster,0.0463,0.5255,0.3607,0.0675,honest_stay,staying,home,False,False,False,0.3,envy,0.134,0.5,0.5,"Told the town staying; town says 45% going. Forecast 57 vs line 60; Q go +0.06 / stay +0.57; staying home, and saying so."
18,67,MACHIAVELLIAN,62.06,0.869,neural_forecaster,0.0368,0.3435,0.0211,0.5985,false_stay,staying,bar,True,True,True,1.0,pride,0.229,0.5,0.5,"Told the town staying; town says 45% going. Forecast 62 vs line 60; Q go +1.46 / stay +1.10; claiming I'm staying, going anyway."
18,68,GAMBLER,56.73,0.845,neural_forecaster,0.5113,0.0472,0.064,0.3775,honest_go,going,bar,True,False,True,1.0,pride,0.078,0.5,0.5,"Told the town going; town says 45% going. Forecast 57 vs line 60; Q go +1.16 / stay +0.08; going, and saying so."
18,69,MACHIAVELLIAN,69.12,0.717,neural_forecaster,0.3392,0.1217,0.0924,0.4467,false_stay,going,home,False,True,False,0.3,envy,0.328,0.5,0.5,"Told the town going; town says 45% going. Forecast 69 vs line 60; Q go +1.84 / stay +0.96; claiming I'm going, staying home."
18,70,MACHIAVELLIAN,52.6,0.833,neural_forecaster,0.3799,0.0655,0.0492,0.5055,false_stay,staying,bar,True,True,True,1.0,pride,0.333,0.5,0.5,"Told the town staying; town says 45% going. Forecast 53 vs line 60; Q go +1.67 / stay +0.45; claiming I'm staying, going anyway."
18,71,CAUTIOUS,54.86,0.89,neural_forecaster,0.0371,0.5985,0.0774,0.287,honest_stay,staying,home,False,False,False,0.3,envy,0.777,0.5,0.5,"Told the town staying; town says 45% going. Forecast 55 vs line 60; Q go +1.41 / stay +1.85; staying home, and saying so."
18,72,MACHIAVELLIAN,53.1,0.819,neural_forecaster,0.0173,0.1968,0.7816,0.0043,false_go,staying,home,False,False,True,0.3,envy,0.161,0.5,0.5,"Told the town staying; town says 45% going. Forecast 53 vs line 60; Q go -0.37 / stay +0.62; staying home, and saying so."
18,73,CAUTIOUS,48.65,0.856,neural_forecaster,0.0293,0.4939,0.4441,0.0326,honest_stay,staying,home,False,False,True,0.3,envy,0.525,0.5,0.5,"Told the town staying; town says 45% going. Forecast 49 vs line 60; Q go +0.55 / stay +1.35; staying home, and saying so."
18,74,PRAGMATIST,52.63,0.851,neural_forecaster,0.5026,0.0183,0.459,0.0201,honest_go,going,bar,True,False,True,1.0,pride,0.063,0.5,0.5,"Told the town going; town says 45% going. Forecast 53 vs line 60; Q go +0.87 / stay +0.85; going, and saying so."
18,75,CAUTIOUS,52.55,0.888,neural_forecaster,0.0573,0.5672,0.1353,0.2402,honest_stay,going,home,False,True,False,0.3,envy,0.095,0.5,0.5,"Told the town going; town says 45% going. Forecast 53 vs line 60; Q go +0.33 / stay +0.49; claiming I'm going, staying home."
18,76,MACHIAVELLIAN,50.28,0.887,neural_forecaster,0.0332,0.0502,0.0018,0.9148,false_stay,staying,bar,True,True,False,1.0,pride,0.661,0.5,0.5,"Told the town staying; town says 45% going. Forecast 50 vs line 60; Q go +2.32 / stay +1.45; claiming I'm staying, going anyway."
18,77,CAUTIOUS,64.31,0.817,neural_forecaster,0.0592,0.5585,0.2503,0.132,honest_stay,staying,home,False,False,False,0.3,envy,0.082,0.5,0.5,"Told the town staying; town says 45% going. Forecast 64 vs line 60; Q go -0.44 / stay +0.46; staying home, and saying so."
18,78,PRAGMATIST,53.34,0.841,neural_forecaster,0.1186,0.4293,0.2128,0.2393,honest_stay,going,home,False,True,False,0.3,envy,0.288,0.5,0.5,"Told the town going; town says 45% going. Forecast 53 vs line 60; Q go +0.57 / stay +0.88; claiming I'm going, staying home."
18,79,MACHIAVELLIAN,55.78,0.878,neural_forecaster,0.4057,0.071,0.0625,0.4608,false_stay,going,bar,True,False,True,1.0,pride,0.145,0.5,0.5,"Told the town going; town says 45% going. Forecast 56 vs line 60; Q go +1.29 / stay +0.22; going, and saying so."
18,80,PRAGMATIST,57.43,0.807,neural_forecaster,0.6026,0.0068,0.3799,0.0108,honest_go,going,home,False,True,False,0.3,envy,0.135,0.5,0.5,"Told the town going; town says 45% going. Forecast 57 vs line 60; Q go +0.68 / stay +0.57; claiming I'm going, staying home."
18,81,CAUTIOUS,45.19,0.871,neural_forecaster,0.0948,0.477,0.2384,0.1898,honest_stay,staying,bar,True,True,True,1.0,pride,0.281,0.5,0.5,"Told the town staying; town says 45% going. Forecast 45 vs line 60; Q go +0.44 / stay +0.92; claiming I'm staying, going anyway."
18,82,MACHIAVELLIAN,47.96,0.865,neural_forecaster,0.0769,0.1718,0.018,0.7333,false_stay,staying,bar,True,True,False,1.0,pride,0.069,0.5,0.5,"Told the town staying; town says 45% going. Forecast 48 vs line 60; Q go +1.14 / stay +0.57; claiming I'm staying, going anyway."
18,83,CAUTIOUS,54.75,0.804,neural_forecaster,0.0089,0.678,0.0206,0.2925,honest_stay,staying,home,False,False,False,0.3,envy,0.151,0.5,0.5,"Told the town staying; town says 45% going. Forecast 55 vs line 60; Q go +0.32 / stay +0.60; staying home, and saying so."
18,84,GAMBLER,51.01,0.821,neural_forecaster,0.5024,0.0813,0.1584,0.2578,honest_go,going,bar,True,False,False,1.0,pride,0.167,0.5,0.5,"Told the town going; town says 45% going. Forecast 51 vs line 60; Q go +1.33 / stay +0.61; going, and saying so."
18,85,PRAGMATIST,55.6,0.833,neural_forecaster,0.0528,0.494,0.0677,0.3855,honest_stay,staying,home,False,False,True,0.3,envy,0.14,0.5,0.5,"Told the town staying; town says 45% going. Forecast 56 vs line 60; Q go +0.48 / stay +0.58; staying home, and saying so."
18,86,MACHIAVELLIAN,53.13,0.84,neural_forecaster,0.0316,0.3769,0.0209,0.5706,false_stay,staying,bar,True,True,True,1.0,pride,0.28,0.5,0.5,"Told the town staying; town says 45% going. Forecast 53 vs line 60; Q go +0.44 / stay +0.35; claiming I'm staying, going anyway."
18,87,MACHIAVELLIAN,60.89,0.813,neural_forecaster,0.1246,0.3687,0.1183,0.3883,false_stay,going,home,False,True,False,0.3,envy,0.166,0.5,0.5,"Told the town going; town says 45% going. Forecast 61 vs line 60; Q go +0.66 / stay +0.63; claiming I'm going, staying home."
18,88,PRAGMATIST,60.11,0.848,neural_forecaster,0.0436,0.5154,0.0587,0.3824,honest_stay,going,home,False,True,False,0.3,envy,0.078,0.5,0.5,"Told the town going; town says 45% going. Forecast 60 vs line 60; Q go +0.25 / stay +0.46; claiming I'm going, staying home."
18,89,MACHIAVELLIAN,64.43,0.799,neural_forecaster,0.0217,0.4157,0.546,0.0165,false_go,going,home,False,True,True,0.3,envy,0.295,0.5,0.5,"Told the town going; town says 45% going. Forecast 64 vs line 60; Q go -0.52 / stay +0.89; claiming I'm going, staying home."
18,90,MACHIAVELLIAN,58.64,0.766,neural_forecaster,0.182,0.2835,0.408,0.1265,false_go,staying,home,False,False,True,0.3,envy,0.152,0.5,0.5,"Told the town staying; town says 45% going. Forecast 59 vs line 60; Q go +0.08 / stay +0.60; staying home, and saying so."
18,91,PRAGMATIST,54.09,0.806,neural_forecaster,0.3531,0.1639,0.2206,0.2623,honest_go,going,bar,True,False,False,1.0,pride,0.065,0.5,0.5,"Told the town going; town says 45% going. Forecast 54 vs line 60; Q go +1.13 / stay +0.87; going, and saying so."
18,92,GAMBLER,51.6,0.903,neural_forecaster,0.6279,0.0158,0.0305,0.3259,honest_go,going,bar,True,False,True,1.0,pride,0.251,0.5,0.5,"Told the town going; town says 45% going. Forecast 52 vs line 60; Q go +1.50 / stay +0.50; going, and saying so."
18,93,GAMBLER,49.99,0.849,neural_forecaster,0.4276,0.1193,0.2085,0.2446,honest_go,going,home,False,True,True,0.3,envy,0.027,0.5,0.5,"Told the town going; town says 45% going. Forecast 50 vs line 60; Q go +0.81 / stay +0.35; claiming I'm going, staying home."
18,94,PRAGMATIST,54.79,0.828,neural_forecaster,0.1922,0.3114,0.2901,0.2063,honest_stay,going,bar,True,False,True,1.0,pride,0.183,0.5,0.5,"Told the town going; town says 45% going. Forecast 55 vs line 60; Q go +0.63 / stay +0.80; going, and saying so."
18,95,MACHIAVELLIAN,52.79,0.833,neural_forecaster,0.3071,0.0068,0.683,0.003,false_go,going,home,False,True,False,0.3,envy,0.142,0.5,0.5,"Told the town going; town says 45% going. Forecast 53 vs line 60; Q go +0.34 / stay +0.58; claiming I'm going, staying home."
18,96,PRAGMATIST,54.25,0.831,neural_forecaster,0.103,0.4398,0.1451,0.3122,honest_stay,staying,home,False,False,True,0.3,envy,0.489,0.5,0.5,"Told the town staying; town says 45% going. Forecast 54 vs line 60; Q go +1.05 / stay +1.28; staying home, and saying so."
18,97,GAMBLER,60.23,0.798,neural_forecaster,0.6266,0.0188,0.3176,0.037,honest_go,going,bar,True,False,False,1.0,pride,0.423,0.5,0.5,"Told the town going; town says 45% going. Forecast 60 vs line 60; Q go +1.85 / stay +1.49; going, and saying so."
18,98,MACHIAVELLIAN,58.45,0.801,neural_forecaster,0.2472,0.2005,0.4396,0.1127,false_go,going,bar,True,False,False,1.0,pride,0.554,0.5,0.5,"Told the town going; town says 45% going. Forecast 58 vs line 60; Q go -0.11 / stay +0.23; going, and saying so."
18,99,MACHIAVELLIAN,49.07,0.895,neural_forecaster,0.0193,0.428,0.0154,0.5373,false_stay,staying,bar,True,True,True,1.0,pride,0.051,0.5,0.5,"Told the town staying; town says 45% going. Forecast 49 vs line 60; Q go +0.90 / stay +0.84; claiming I'm staying, going anyway."
18,100,PRAGMATIST,53.21,0.8,neural_forecaster,0.5133,0.0192,0.4454,0.0221,honest_go,going,home,False,True,True,0.3,envy,0.194,0.5,0.5,"Told the town going; town says 45% going. Forecast 53 vs line 60; Q go +0.74 / stay +0.69; claiming I'm going, staying home."
19,1,PRAGMATIST,53.9,0.821,neural_forecaster,0.1539,0.3691,0.2483,0.2287,honest_stay,going,home,False,True,False,0.3,envy,0.248,0.5,0.5,"Told the town going; town says 39% going. Forecast 54 vs line 60; Q go +0.66 / stay +0.80; claiming I'm going, staying home."
19,2,MACHIAVELLIAN,57.8,0.822,neural_forecaster,0.1356,0.3326,0.4259,0.1059,false_go,going,home,False,True,False,0.3,envy,0.155,0.5,0.5,"Told the town going; town says 39% going. Forecast 58 vs line 60; Q go +0.30 / stay +0.61; claiming I'm going, staying home."
19,3,MACHIAVELLIAN,68.25,0.771,neural_forecaster,0.0299,0.3342,0.6199,0.0161,false_go,staying,home,False,False,False,0.3,envy,0.299,0.5,0.5,"Told the town staying; town says 39% going. Forecast 68 vs line 60; Q go -1.11 / stay +0.90; staying home, and saying so."
19,4,CAUTIOUS,51.56,0.847,neural_forecaster,0.0528,0.5777,0.1243,0.2451,honest_stay,going,home,False,True,True,0.3,envy,0.92,0.5,0.5,"Told the town going; town says 39% going. Forecast 52 vs line 60; Q go +1.78 / stay +2.14; claiming I'm going, staying home."
19,5,CAUTIOUS,50.14,0.853,neural_forecaster,0.0037,0.8822,0.0585,0.0557,honest_stay,staying,home,False,False,True,0.3,envy,0.525,0.5,0.5,"Told the town staying; town says 39% going. Forecast 50 vs line 60; Q go +0.64 / stay +1.35; staying home, and saying so."
19,6,MACHIAVELLIAN,53.91,0.868,neural_forecaster,0.2078,0.2305,0.1048,0.4568,false_stay,staying,bar,True,True,False,1.0,pride,0.152,0.5,0.5,"Told the town staying; town says 39% going. Forecast 54 vs line 60; Q go +0.70 / stay +0.37; claiming I'm staying, going anyway."
19,7,GAMBLER,48.55,0.811,neural_forecaster,0.7052,0.0138,0.0404,0.2405,honest_go,going,bar,True,False,False,1.0,pride,0.278,0.5,0.5,"Told the town going; town says 39% going. Forecast 49 vs line 60; Q go +1.56 / stay +1.03; going, and saying so."
19,8,CAUTIOUS,59.7,0.85,neural_forecaster,0.0613,0.5641,0.2091,0.1654,honest_stay,staying,home,False,False,False,0.3,envy,0.216,0.5,0.5,"Told the town staying; town says 39% going. Forecast 60 vs line 60; Q go +0.10 / stay +0.73; staying home, and saying so."
19,9,PRAGMATIST,57.43,0.784,neural_forecaster,0.3061,0.1956,0.2962,0.2021,honest_go,going,bar,True,False,True,1.0,pride,0.295,0.5,0.5,"Told the town going; town says 39% going. Forecast 57 vs line 60; Q go +0.41 / stay +0.39; going, and saying so."
19,10,CAUTIOUS,61.06,0.805,neural_forecaster,0.0053,0.8508,0.0463,0.0976,honest_stay,staying,home,False,False,True,0.3,envy,0.348,0.5,0.5,"Told the town staying; town says 39% going. Forecast 61 vs line 60; Q go +0.19 / stay +1.00; staying home, and saying so."
19,11,GAMBLER,59.14,0.773,neural_forecaster,0.5056,0.0798,0.1563,0.2583,honest_go,going,home,False,True,False,0.3,envy,0.182,0.5,0.5,"Told the town going; town says 39% going. Forecast 59 vs line 60; Q go +1.35 / stay +0.66; claiming I'm going, staying home."
19,12,MACHIAVELLIAN,50.68,0.839,neural_forecaster,0.1853,0.3007,0.1554,0.3585,false_stay,going,bar,True,False,True,1.0,pride,0.052,0.5,0.5,"Told the town going; town says 39% going. Forecast 51 vs line 60; Q go +0.90 / stay +0.79; going, and saying so."
19,13,MACHIAVELLIAN,56.41,0.739,neural_forecaster,0.0329,0.2483,0.0116,0.7073,false_stay,staying,bar,True,True,False,1.0,pride,0.322,0.5,0.5,"Told the town staying; town says 39% going. Forecast 56 vs line 60; Q go +1.64 / stay +0.95; claiming I'm staying, going anyway."
19,14,MACHIAVELLIAN,50.91,0.811,neural_forecaster,0.1274,0.1845,0.652,0.0361,false_go,going,home,False,True,True,0.3,envy,0.265,0.5,0.5,"Told the town going; town says 39% going. Forecast 51 vs line 60; Q go +0.10 / stay +0.83; claiming I'm going, staying home."
19,15,PRAGMATIST,54.82,0.826,neural_forecaster,0.0127,0.4947,0.0131,0.4795,honest_stay,staying,bar,True,True,False,1.0,pride,0.052,0.5,0.5,"Told the town staying; town says 39% going. Forecast 55 vs line 60; Q go +1.10 / stay +1.11; claiming I'm staying, going anyway."
19,16,CAUTIOUS,58.65,0.807,neural_forecaster,0.0206,0.6426,0.2916,0.0453,honest_stay,staying,home,False,False,True,0.3,envy,0.231,0.5,0.5,"Told the town staying; town says 39% going. Forecast 59 vs line 60; Q go -0.22 / stay +0.76; staying home, and saying so."
19,17,GAMBLER,48.06,0.879,neural_forecaster,0.9049,0.0015,0.0184,0.0752,honest_go,going,bar,True,False,False,1.0,pride,0.187,0.5,0.5,"Told the town going; town says 39% going. Forecast 48 vs line 60; Q go +1.37 / stay +0.52; going, and saying so."
19,18,PRAGMATIST,61.28,0.761,neural_forecaster,0.011,0.6111,0.0187,0.3592,honest_stay,staying,bar,True,True,True,1.0,pride,0.284,0.5,0.5,"Told the town staying; town says 39% going. Forecast 61 vs line 60; Q go +0.43 / stay +0.66; claiming I'm staying, going anyway."
19,19,MACHIAVELLIAN,54.16,0.891,neural_forecaster,0.1296,0.2019,0.0417,0.6268,false_stay,staying,bar,True,True,True,1.0,pride,0.011,0.5,0.5,"Told the town staying; town says 39% going. Forecast 54 vs line 60; Q go +0.98 / stay +0.75; claiming I'm staying, going anyway."
19,20,MACHIAVELLIAN,55.67,0.76,neural_forecaster,0.1502,0.3497,0.1501,0.35,false_stay,staying,bar,True,True,True,1.0,pride,0.184,0.5,0.5,"Told the town staying; town says 39% going. Forecast 56 vs line 60; Q go +0.63 / stay +0.63; claiming I'm staying, going anyway."
19,21,GAMBLER,51.21,0.854,neural_forecaster,0.4434,0.1114,0.2101,0.2351,honest_go,staying,home,False,False,True,0.3,envy,0.179,0.5,0.5,"Told the town staying; town says 39% going. Forecast 51 vs line 60; Q go +0.95 / stay +0.66; staying home, and saying so."
19,22,MACHIAVELLIAN,61.67,0.782,neural_forecaster,0.2685,0.0657,0.0276,0.6382,false_stay,staying,bar,True,True,False,1.0,pride,0.347,0.5,0.5,"Told the town staying; town says 39% going. Forecast 62 vs line 60; Q go +1.69 / stay +0.60; claiming I'm staying, going anyway."
19,23,MACHIAVELLIAN,48.82,0.888,neural_forecaster,0.3079,0.0934,0.5461,0.0526,false_go,going,home,False,True,False,0.3,envy,0.193,0.5,0.5,"Told the town going; town says 39% going. Forecast 49 vs line 60; Q go +0.37 / stay +0.69; claiming I'm going, staying home."
19,24,PRAGMATIST,48.61,0.845,neural_forecaster,0.0153,0.5358,0.0191,0.4297,honest_stay,staying,home,False,False,True,0.3,envy,0.208,0.5,0.5,"Told the town staying; town says 39% going. Forecast 49 vs line 60; Q go +0.66 / stay +0.72; staying home, and saying so."
19,25,MACHIAVELLIAN,49.18,0.867,neural_forecaster,0.0923,0.1429,0.0177,0.7471,false_stay,staying,bar,True,True,True,1.0,pride,0.244,0.5,0.5,"Told the town staying; town says 39% going. Forecast 49 vs line 60; Q go +1.49 / stay +1.15; claiming I'm staying, going anyway."
19,26,MACHIAVELLIAN,52.95,0.854,neural_forecaster,0.3844,0.0108,0.5979,0.0069,false_go,going,bar,True,False,True,1.0,pride,0.018,0.5,0.5,"Told the town going; town says 39% going. Forecast 53 vs line 60; Q go +0.96 / stay +1.05; going, and saying so."
19,27,MACHIAVELLIAN,54.61,0.775,neural_forecaster,0.3778,0.0573,0.5235,0.0413,false_go,going,bar,True,False,True,1.0,pride,0.059,0.5,0.5,"Told the town going; town says 39% going. Forecast 55 vs line 60; Q go +1.12 / stay +1.24; going, and saying so."
19,28,MACHIAVELLIAN,46.49,0.888,neural_forecaster,0.2012,0.1638,0.057,0.578,false_stay,staying,bar,True,True,True,1.0,pride,0.09,0.5,0.5,"Told the town staying; town says 39% going. Forecast 46 vs line 60; Q go +1.18 / stay +0.36; claiming I'm staying, going anyway."
19,29,PRAGMATIST,48.31,0.834,neural_forecaster,0.4707,0.0705,0.3689,0.0899,honest_go,going,home,False,True,True,0.3,envy,0.118,0.5,0.5,"Told the town going; town says 39% going. Forecast 48 vs line 60; Q go +0.17 / stay +0.06; claiming I'm going, staying home."
19,30,GAMBLER,49.21,0.802,neural_forecaster,0.6705,0.0203,0.0531,0.2561,honest_go,going,bar,True,False,False,1.0,pride,0.254,0.5,0.5,"Told the town going; town says 39% going. Forecast 49 vs line 60; Q go +1.51 / stay +0.65; going, and saying so."
19,31,MACHIAVELLIAN,64.88,0.734,neural_forecaster,0.105,0.3313,0.4931,0.0706,false_go,staying,home,False,False,False,0.3,envy,0.177,0.5,0.5,"Told the town staying; town says 39% going. Forecast 65 vs line 60; Q go +0.10 / stay +0.65; staying home, and saying so."
19,32,GAMBLER,47.42,0.894,neural_forecaster,0.915,0.0019,0.0468,0.0363,honest_go,staying,bar,True,True,False,1.0,pride,0.126,0.5,0.5,"Told the town staying; town says 39% going. Forecast 47 vs line 60; Q go +1.25 / stay +0.59; claiming I'm staying, going anyway."
19,33,MACHIAVELLIAN,56.74,0.82,neural_forecaster,0.1877,0.2634,0.1136,0.4353,false_stay,staying,bar,True,True,True,1.0,pride,0.122,0.5,0.5,"Told the town staying; town says 39% going. Forecast 57 vs line 60; Q go +0.76 / stay +0.49; claiming I'm staying, going anyway."
19,34,CAUTIOUS,56.41,0.834,neural_forecaster,0.0529,0.5859,0.1407,0.2205,honest_stay,staying,home,False,False,True,0.3,envy,0.189,0.5,0.5,"Told the town staying; town says 39% going. Forecast 56 vs line 60; Q go +0.25 / stay +0.68; staying home, and saying so."
19,35,MACHIAVELLIAN,56.11,0.825,neural_forecaster,0.0152,0.0568,0.0009,0.927,false_stay,staying,bar,True,True,False,1.0,pride,0.289,0.5,0.5,"Told the town staying; town says 39% going. Forecast 56 vs line 60; Q go +1.58 / stay +0.90; claiming I'm staying, going anyway."
19,36,MACHIAVELLIAN,49.27,0.878,neural_forecaster,0.1687,0.331,0.1682,0.3321,false_stay,staying,bar,True,True,True,1.0,pride,0.218,0.5,0.5,"Told the town staying; town says 39% going. Forecast 49 vs line 60; Q go +0.56 / stay +0.56; claiming I'm staying, going anyway."
19,37,CAUTIOUS,53.84,0.822,neural_forecaster,0.0061,0.6849,0.2949,0.0142,honest_stay,going,home,False,True,False,0.3,envy,0.106,0.5,0.5,"Told the town going; town says 39% going. Forecast 54 vs line 60; Q go -0.52 / stay +0.51; claiming I'm going, staying home."
19,38,PRAGMATIST,78.0,0.591,neural_forecaster,0.4911,0.0842,0.2732,0.1514,honest_go,staying,bar,True,True,False,1.0,pride,0.201,0.5,0.5,"Told the town staying; town says 39% going. Forecast 78 vs line 60; Q go +1.40 / stay +1.04; claiming I'm staying, going anyway."
19,39,MACHIAVELLIAN,53.35,0.824,neural_forecaster,0.0221,0.2076,0.006,0.7643,false_stay,staying,bar,True,True,False,1.0,pride,0.343,0.5,0.5,"Told the town staying; town says 39% going. Forecast 53 vs line 60; Q go +1.69 / stay +1.37; claiming I'm staying, going anyway."
19,40,MACHIAVELLIAN,48.04,0.884,neural_forecaster,0.1076,0.0666,0.817,0.0088,false_go,staying,home,False,False,True,0.3,envy,0.006,0.5,0.5,"Told the town staying; town says 39% going. Forecast 48 vs line 60; Q go -0.04 / stay +0.31; staying home, and saying so."
19,41,MACHIAVELLIAN,58.93,0.813,neural_forecaster,0.2932,0.1779,0.3976,0.1312,false_go,going,bar,True,False,False,1.0,pride,0.184,0.5,0.5,"Told the town going; town says 39% going. Forecast 59 vs line 60; Q go +0.63 / stay +0.75; going, and saying so."
19,42,PRAGMATIST,57.7,0.81,neural_forecaster,0.5118,0.0589,0.341,0.0884,honest_go,going,home,False,True,True,0.3,envy,0.187,0.5,0.5,"Told the town going; town says 39% going. Forecast 58 vs line 60; Q go +0.78 / stay +0.67; claiming I'm going, staying home."
19,43,MACHIAVELLIAN,57.41,0.818,neural_forecaster,0.2776,0.1231,0.5354,0.0638,false_go,going,home,False,True,True,0.3,envy,0.578,0.5,0.5,"Told the town going; town says 39% going. Forecast 57 vs line 60; Q go +1.13 / stay +1.46; claiming I'm going, staying home."
19,44,CAUTIOUS,55.3,0.792,neural_forecaster,0.0069,0.783,0.03,0.1801,honest_stay,staying,home,False,False,False,0.3,envy,0.271,0.5,0.5,"Told the town staying; town says 39% going. Forecast 55 vs line 60; Q go +0.58 / stay +0.84; staying home, and saying so."
19,45,GAMBLER,56.09,0.783,neural_forecaster,0.5483,0.032,0.047,0.3727,honest_go,going,bar,True,False,False,1.0,pride,0.146,0.5,0.5,"Told the town going; town says 39% going. Forecast 56 vs line 60; Q go +1.29 / stay +0.66; going, and saying so."
19,46,CAUTIOUS,59.03,0.83,neural_forecaster,0.0152,0.5123,0.4553,0.0171,honest_stay,staying,home,False,False,False,0.3,envy,0.305,0.5,0.5,"Told the town staying; town says 39% going. Forecast 59 vs line 60; Q go -0.49 / stay +0.91; staying home, and saying so."
19,47,PRAGMATIST,57.43,0.777,neural_forecaster,0.1748,0.3376,0.2645,0.2231,honest_stay,going,home,False,True,False,0.3,envy,0.403,0.5,0.5,"Told the town going; town says 39% going. Forecast 57 vs line 60; Q go +0.92 / stay +1.11; claiming I'm going, staying home."
19,48,PRAGMATIST,47.64,0.836,neural_forecaster,0.1356,0.3708,0.1438,0.3498,honest_stay,going,home,False,True,False,0.3,envy,0.561,0.5,0.5,"Told the town going; town says 39% going. Forecast 48 vs line 60; Q go +1.39 / stay +1.42; claiming I'm going, staying home."
19,49,MACHIAVELLIAN,52.72,0.832,neural_forecaster,0.1127,0.3276,0.0764,0.4833,false_stay,staying,bar,True,True,False,1.0,pride,0.236,0.5,0.5,"Told the town staying; town says 39% going. Forecast 53 vs line 60; Q go +1.47 / stay +1.25; claiming I'm staying, going anyway."
19,50,GAMBLER,51.16,0.86,neural_forecaster,0.3957,0.1166,0.1285,0.3592,honest_go,staying,home,False,False,True,0.3,envy,0.498,0.5,0.5,"Told the town staying; town says 39% going. Forecast 51 vs line 60; Q go +2.03 / stay +1.30; staying home, and saying so."
19,51,CAUTIOUS,48.86,0.872,neural_forecaster,0.0078,0.8292,0.0961,0.067,honest_stay,staying,home,False,False,False,0.3,envy,0.358,0.5,0.5,"Told the town staying; town says 39% going. Forecast 49 vs line 60; Q go +0.44 / stay +1.02; staying home, and saying so."
19,52,CAUTIOUS,59.46,0.78,neural_forecaster,0.0063,0.8205,0.0386,0.1345,honest_stay,going,home,False,True,True,0.3,envy,0.511,0.5,0.5,"Told the town going; town says 39% going. Forecast 59 vs line 60; Q go +0.50 / stay +1.32; claiming I'm going, staying home."
19,53,MACHIAVELLIAN,60.91,0.788,neural_forecaster,0.2954,0.0303,0.6609,0.0135,false_go,going,home,False,True,False,0.3,envy,0.21,0.5,0.5,"Told the town going; town says 39% going. Forecast 61 vs line 60; Q go +0.41 / stay +0.72; claiming I'm going, staying home."
19,54,MACHIAVELLIAN,50.87,0.846,neural_forecaster,0.0411,0.0496,0.0022,0.9071,false_stay,staying,bar,True,True,False,1.0,pride,0.045,0.5,0.5,"Told the town staying; town says 39% going. Forecast 51 vs line 60; Q go +0.91 / stay +0.29; claiming I'm staying, going anyway."
19,55,GAMBLER,54.07,0.827,neural_forecaster,0.6657,0.0225,0.0592,0.2526,honest_go,going,bar,True,False,True,1.0,pride,0.215,0.5,0.5,"Told the town going; town says 39% going. Forecast 54 vs line 60; Q go +1.43 / stay +0.40; going, and saying so."
19,56,MACHIAVELLIAN,55.16,0.775,neural_forecaster,0.1907,0.2381,0.0954,0.4758,false_stay,going,home,False,True,True,0.3,envy,0.078,0.5,0.5,"Told the town going; town says 39% going. Forecast 55 vs line 60; Q go +0.29 / stay +0.14; claiming I'm going, staying home."
19,57,MACHIAVELLIAN,52.85,0.843,neural_forecaster,0.096,0.3855,0.0855,0.433,false_stay,staying,home,False,False,False,0.3,envy,0.187,0.5,0.5,"Told the town staying; town says 39% going. Forecast 53 vs line 60; Q go +0.71 / stay +0.67; staying home, and saying so."
19,58,PRAGMATIST,52.13,0.779,neural_forecaster,0.1315,0.3846,0.1528,0.3311,honest_stay,staying,home,False,False,False,0.3,envy,0.276,0.5,0.5,"Told the town staying; town says 39% going. Forecast 52 vs line 60; Q go +0.76 / stay +0.85; staying home, and saying so."
19,59,MACHIAVELLIAN,58.84,0.788,neural_forecaster,0.3071,0.06,0.6023,0.0306,false_go,going,home,False,True,False,0.3,envy,0.183,0.5,0.5,"Told the town going; town says 39% going. Forecast 59 vs line 60; Q go +0.48 / stay +0.67; claiming I'm going, staying home."
19,60,GAMBLER,51.26,0.866,neural_forecaster,0.5791,0.0446,0.2863,0.0901,honest_go,staying,bar,True,True,False,1.0,pride,0.226,0.5,0.5,"Told the town staying; town says 39% going. Forecast 51 vs line 60; Q go +0.55 / stay +0.21; claiming I'm staying, going anyway."
19,61,PRAGMATIST,54.03,0.811,neural_forecaster,0.0037,0.6389,0.0067,0.3507,honest_stay,staying,home,False,False,False,0.3,envy,0.192,0.5,0.5,"Told the town staying; town says 39% going. Forecast 54 vs line 60; Q go +0.51 / stay +0.68; staying home, and saying so."
19,62,PRAGMATIST,58.23,0.809,neural_forecaster,0.1688,0.3461,0.2225,0.2626,honest_stay,staying,home,False,False,False,0.3,envy,0.096,0.5,0.5,"Told the town staying; town says 39% going. Forecast 58 vs line 60; Q go +0.36 / stay +0.49; staying home, and saying so."
19,63,MACHIAVELLIAN,60.34,0.755,neural_forecaster,0.0076,0.3667,0.0045,0.6212,false_stay,staying,home,False,False,True,0.3,envy,0.049,0.5,0.5,"Told the town staying; town says 39% going. Forecast 60 vs line 60; Q go +0.28 / stay +0.20; staying home, and saying so."
19,64,PRAGMATIST,56.77,0.817,neural_forecaster,0.1201,0.4269,0.2191,0.2339,honest_stay,staying,home,False,False,True,0.3,envy,0.388,0.5,0.5,"Told the town staying; town says 39% going. Forecast 57 vs line 60; Q go +0.85 / stay +1.08; staying home, and saying so."
19,65,MACHIAVELLIAN,54.67,0.79,neural_forecaster,0.0135,0.0602,0.0009,0.9254,false_stay,staying,bar,True,True,True,1.0,pride,0.236,0.5,0.5,"Told the town staying; town says 39% going. Forecast 55 vs line 60; Q go +0.53 / stay -0.05; claiming I'm staying, going anyway."
19,66,MACHIAVELLIAN,56.41,0.819,neural_forecaster,0.1196,0.1919,0.6533,0.0351,false_go,going,home,False,True,False,0.3,envy,0.0,0.5,0.5,"Told the town going; town says 39% going. Forecast 56 vs line 60; Q go -0.10 / stay +0.30; claiming I'm going, staying home."
19,67,MACHIAVELLIAN,55.1,0.863,neural_forecaster,0.1793,0.3157,0.1681,0.3369,false_stay,staying,bar,True,True,False,1.0,pride,0.131,0.5,0.5,"Told the town staying; town says 39% going. Forecast 55 vs line 60; Q go +0.74 / stay +0.70; claiming I'm staying, going anyway."
19,68,MACHIAVELLIAN,57.29,0.834,neural_forecaster,0.1737,0.1139,0.029,0.6834,false_stay,going,bar,True,False,False,1.0,pride,0.004,0.5,0.5,"Told the town going; town says 39% going. Forecast 57 vs line 60; Q go +1.01 / stay +0.14; going, and saying so."
19,69,GAMBLER,62.96,0.71,neural_forecaster,0.4103,0.0967,0.1012,0.3918,honest_go,going,home,False,True,False,0.3,envy,0.421,0.5,0.5,"Told the town going; town says 39% going. Forecast 63 vs line 60; Q go +2.07 / stay +1.14; claiming I'm going, staying home."
19,70,MACHIAVELLIAN,56.44,0.828,neural_forecaster,0.2136,0.1823,0.0734,0.5308,false_stay,going,bar,True,False,False,1.0,pride,0.127,0.5,0.5,"Told the town going; town says 39% going. Forecast 56 vs line 60; Q go +1.25 / stay +0.67; going, and saying so."
19,71,MACHIAVELLIAN,50.57,0.898,neural_forecaster,0.1929,0.2839,0.1447,0.3785,false_stay,staying,bar,True,True,True,1.0,pride,0.48,0.5,0.5,"Told the town staying; town says 39% going. Forecast 51 vs line 60; Q go +1.96 / stay +1.79; claiming I'm staying, going anyway."
19,72,MACHIAVELLIAN,57.9,0.811,neural_forecaster,0.1033,0.1292,0.0178,0.7498,false_stay,staying,bar,True,True,True,1.0,pride,0.052,0.5,0.5,"Told the town staying; town says 39% going. Forecast 58 vs line 60; Q go +1.10 / stay +0.74; claiming I'm staying, going anyway."
19,73,CAUTIOUS,54.51,0.854,neural_forecaster,0.0127,0.784,0.1216,0.0818,honest_stay,staying,home,False,False,False,0.3,envy,0.43,0.5,0.5,"Told the town staying; town says 39% going. Forecast 55 vs line 60; Q go +0.55 / stay +1.16; staying home, and saying so."
19,74,CAUTIOUS,50.23,0.868,neural_forecaster,0.0081,0.7697,0.189,0.0331,honest_stay,staying,home,False,False,True,0.3,envy,0.261,0.5,0.5,"Told the town staying; town says 39% going. Forecast 50 vs line 60; Q go +0.03 / stay +0.82; staying home, and saying so."
19,75,MACHIAVELLIAN,54.34,0.881,neural_forecaster,0.2501,0.0822,0.0324,0.6352,false_stay,staying,bar,True,True,True,1.0,pride,0.173,0.5,0.5,"Told the town staying; town says 39% going. Forecast 54 vs line 60; Q go +0.65 / stay +0.27; claiming I'm staying, going anyway."
19,76,CAUTIOUS,48.15,0.905,neural_forecaster,0.0106,0.6633,0.0233,0.3028,honest_stay,staying,bar,True,True,False,1.0,pride,0.016,0.5,0.5,"Told the town staying; town says 39% going. Forecast 48 vs line 60; Q go +1.03 / stay +1.21; claiming I'm staying, going anyway."
19,77,CAUTIOUS,59.2,0.805,neural_forecaster,0.0575,0.5648,0.1326,0.245,honest_stay,staying,home,False,False,False,0.3,envy,0.171,0.5,0.5,"Told the town staying; town says 39% going. Forecast 59 vs line 60; Q go +0.14 / stay +0.64; staying home, and saying so."
19,78,PRAGMATIST,58.15,0.828,neural_forecaster,0.1403,0.3679,0.1519,0.3399,honest_stay,staying,bar,True,True,True,1.0,pride,0.1,0.5,0.5,"Told the town staying; town says 39% going. Forecast 58 vs line 60; Q go +0.80 / stay +0.84; claiming I'm staying, going anyway."
19,79,PRAGMATIST,53.19,0.877,neural_forecaster,0.5738,0.0302,0.3458,0.0501,honest_go,going,bar,True,False,False,1.0,pride,0.07,0.5,0.5,"Told the town going; town says 39% going. Forecast 53 vs line 60; Q go +0.86 / stay +0.59; going, and saying so."
19,80,MACHIAVELLIAN,57.45,0.803,neural_forecaster,0.3539,0.0101,0.6304,0.0056,false_go,going,bar,True,False,True,1.0,pride,0.343,0.5,0.5,"Told the town going; town says 39% going. Forecast 57 vs line 60; Q go +0.31 / stay +0.44; going, and saying so."
19,81,PRAGMATIST,41.85,0.876,neural_forecaster,0.1635,0.3536,0.219,0.264,honest_stay,staying,bar,True,True,False,1.0,pride,0.17,0.5,0.5,"Told the town staying; town says 39% going. Forecast 42 vs line 60; Q go +0.66 / stay +0.81; claiming I'm staying, going anyway."
19,82,MACHIAVELLIAN,52.46,0.87,neural_forecaster,0.021,0.4349,0.0173,0.5268,false_stay,staying,bar,True,True,False,1.0,pride,0.154,0.5,0.5,"Told the town staying; town says 39% going. Forecast 52 vs line 60; Q go +0.69 / stay +0.62; claiming I'm staying, going anyway."
19,83,CAUTIOUS,45.69,0.838,neural_forecaster,0.005,0.8076,0.0251,0.1623,honest_stay,staying,home,False,False,False,0.3,envy,0.275,0.5,0.5,"Told the town staying; town says 39% going. Forecast 46 vs line 60; Q go +0.33 / stay +0.85; staying home, and saying so."
19,84,PRAGMATIST,56.54,0.819,neural_forecaster,0.4329,0.1101,0.2963,0.1608,honest_go,staying,bar,True,True,False,1.0,pride,0.172,0.5,0.5,"Told the town staying; town says 39% going. Forecast 57 vs line 60; Q go +1.34 / stay +1.11; claiming I'm staying, going anyway."
19,85,MACHIAVELLIAN,51.76,0.848,neural_forecaster,0.1615,0.2071,0.0583,0.5731,false_stay,going,home,False,True,False,0.3,envy,0.13,0.5,0.5,"Told the town going; town says 39% going. Forecast 52 vs line 60; Q go +0.97 / stay +0.56; claiming I'm going, staying home."
19,86,MACHIAVELLIAN,48.28,0.867,neural_forecaster,0.1826,0.0752,0.019,0.7233,false_stay,staying,bar,True,True,False,1.0,pride,0.239,0.5,0.5,"Told the town staying; town says 39% going. Forecast 48 vs line 60; Q go +1.48 / stay +0.94; claiming I'm staying, going anyway."
19,87,CAUTIOUS,59.86,0.799,neural_forecaster,0.0473,0.5994,0.1233,0.23,honest_stay,staying,home,False,False,False,0.3,envy,0.293,0.5,0.5,"Told the town staying; town says 39% going. Forecast 60 vs line 60; Q go +0.42 / stay +0.89; staying home, and saying so."
19,88,PRAGMATIST,55.57,0.844,neural_forecaster,0.0962,0.4536,0.1412,0.309,honest_stay,staying,home,False,False,False,0.3,envy,0.15,0.5,0.5,"Told the town staying; town says 39% going. Forecast 56 vs line 60; Q go +0.35 / stay +0.60; staying home, and saying so."
19,89,MACHIAVELLIAN,60.36,0.786,neural_forecaster,0.0411,0.3247,0.6123,0.0218,false_go,going,home,False,True,False,0.3,envy,0.191,0.5,0.5,"Told the town going; town says 39% going. Forecast 60 vs line 60; Q go -0.23 / stay +0.68; claiming I'm going, staying home."
19,90,MACHIAVELLIAN,56.51,0.775,neural_forecaster,0.2418,0.2226,0.1341,0.4015,false_stay,going,bar,True,False,True,1.0,pride,0.001,0.5,0.5,"Told the town going; town says 39% going. Forecast 57 vs line 60; Q go +1.00 / stay +0.63; going, and saying so."
19,91,GAMBLER,45.95,0.841,neural_forecaster,0.678,0.0267,0.2088,0.0866,honest_go,going,bar,True,False,False,1.0,pride,0.337,0.5,0.5,"Told the town going; town says 39% going. Forecast 46 vs line 60; Q go +1.67 / stay +1.04; going, and saying so."
19,92,CAUTIOUS,54.06,0.894,neural_forecaster,0.0573,0.5029,0.3596,0.0802,honest_stay,staying,home,False,False,True,0.3,envy,0.275,0.5,0.5,"Told the town staying; town says 39% going. Forecast 54 vs line 60; Q go +0.44 / stay +0.85; staying home, and saying so."
19,93,GAMBLER,62.95,0.815,neural_forecaster,0.3905,0.1337,0.1717,0.3041,honest_go,staying,home,False,False,False,0.3,envy,0.097,0.5,0.5,"Told the town staying; town says 39% going. Forecast 63 vs line 60; Q go +1.01 / stay +0.49; staying home, and saying so."
19,94,CAUTIOUS,56.63,0.824,neural_forecaster,0.0933,0.4824,0.2122,0.2121,honest_stay,staying,home,False,False,True,0.3,envy,0.316,0.5,0.5,"Told the town staying; town says 39% going. Forecast 57 vs line 60; Q go +0.62 / stay +0.93; staying home, and saying so."
19,95,MACHIAVELLIAN,53.08,0.842,neural_forecaster,0.361,0.0061,0.6293,0.0035,false_go,going,home,False,True,False,0.3,envy,0.193,0.5,0.5,"Told the town going; town says 39% going. Forecast 53 vs line 60; Q go +0.52 / stay +0.69; claiming I'm going, staying home."
19,96,PRAGMATIST,50.97,0.849,neural_forecaster,0.0998,0.433,0.1269,0.3403,honest_stay,staying,bar,True,True,True,1.0,pride,0.125,0.5,0.5,"Told the town staying; town says 39% going. Forecast 51 vs line 60; Q go +0.75 / stay +0.90; claiming I'm staying, going anyway."
19,97,PRAGMATIST,61.37,0.781,neural_forecaster,0.552,0.0176,0.4064,0.0239,honest_go,going,home,False,True,True,0.3,envy,0.343,0.5,0.5,"Told the town going; town says 39% going. Forecast 61 vs line 60; Q go +1.14 / stay +0.99; claiming I'm going, staying home."
19,98,MACHIAVELLIAN,52.02,0.82,neural_forecaster,0.2986,0.2002,0.1956,0.3056,false_stay,staying,home,False,False,True,0.3,envy,0.056,0.5,0.5,"Told the town staying; town says 39% going. Forecast 52 vs line 60; Q go +0.43 / stay +0.19; staying home, and saying so."
19,99,MACHIAVELLIAN,51.75,0.897,neural_forecaster,0.0595,0.377,0.0431,0.5203,false_stay,staying,home,False,False,True,0.3,envy,0.437,0.5,0.5,"Told the town staying; town says 39% going. Forecast 52 vs line 60; Q go +1.26 / stay +1.17; staying home, and saying so."
19,100,MACHIAVELLIAN,54.03,0.812,neural_forecaster,0.1869,0.0338,0.7711,0.0082,false_go,going,bar,True,False,True,1.0,pride,0.315,0.5,0.5,"Told the town going; town says 39% going. Forecast 54 vs line 60; Q go +0.37 / stay +0.86; going, and saying so."
20,1,MACHIAVELLIAN,43.41,0.843,neural_forecaster,0.0395,0.1466,0.0072,0.8067,false_stay,staying,bar,True,True,True,1.0,pride,0.001,0.5,0.5,"Told the town staying; town says 52% going. Forecast 43 vs line 60; Q go +1.00 / stay +0.50; claiming I'm staying, going anyway."
20,2,MACHIAVELLIAN,58.37,0.812,neural_forecaster,0.2374,0.1956,0.4676,0.0994,false_go,going,home,False,True,False,0.3,envy,0.135,0.5,0.5,"Told the town going; town says 52% going. Forecast 58 vs line 60; Q go +0.40 / stay +0.57; claiming I'm going, staying home."
20,3,MACHIAVELLIAN,63.51,0.751,neural_forecaster,0.043,0.2833,0.6551,0.0186,false_go,staying,home,False,False,False,0.3,envy,0.287,0.5,0.5,"Told the town staying; town says 52% going. Forecast 64 vs line 60; Q go -0.57 / stay +0.87; staying home, and saying so."
20,4,MACHIAVELLIAN,51.03,0.861,neural_forecaster,0.2272,0.1835,0.0822,0.5072,false_stay,staying,bar,True,True,True,1.0,pride,0.179,0.5,0.5,"Told the town staying; town says 52% going. Forecast 51 vs line 60; Q go +1.36 / stay +0.94; claiming I'm staying, going anyway."
20,5,GAMBLER,48.89,0.875,neural_forecaster,0.8486,0.0055,0.0475,0.0984,honest_go,going,bar,True,False,True,1.0,pride,0.252,0.5,0.5,"Told the town going; town says 52% going. Forecast 49 vs line 60; Q go +1.50 / stay +0.78; going, and saying so."
20,6,GAMBLER,50.66,0.88,neural_forecaster,0.4483,0.0672,0.0732,0.4113,honest_go,going,home,False,True,True,0.3,envy,0.065,0.5,0.5,"Told the town going; town says 52% going. Forecast 51 vs line 60; Q go +1.29 / stay +0.43; claiming I'm going, staying home."
20,7,GAMBLER,57.63,0.806,neural_forecaster,0.7657,0.0058,0.2068,0.0216,honest_go,going,bar,True,False,False,1.0,pride,0.008,0.5,0.5,"Told the town going; town says 52% going. Forecast 58 vs line 60; Q go +1.02 / stay +0.81; going, and saying so."
20,8,PRAGMATIST,52.58,0.858,neural_forecaster,0.1356,0.3971,0.2062,0.2611,honest_stay,staying,home,False,False,False,0.3,envy,0.035,0.5,0.5,"Told the town staying; town says 52% going. Forecast 53 vs line 60; Q go +0.17 / stay +0.37; staying home, and saying so."
20,9,MACHIAVELLIAN,54.82,0.796,neural_forecaster,0.1234,0.226,0.0461,0.6044,false_stay,staying,bar,True,True,False,1.0,pride,0.04,0.5,0.5,"Told the town staying; town says 52% going. Forecast 55 vs line 60; Q go +0.92 / stay +0.41; claiming I'm staying, going anyway."
20,10,GAMBLER,53.79,0.817,neural_forecaster,0.6457,0.0318,0.2355,0.0871,honest_go,going,bar,True,False,True,1.0,pride,0.15,0.5,0.5,"Told the town going; town says 52% going. Forecast 54 vs line 60; Q go +1.30 / stay +0.96; going, and saying so."
20,11,PRAGMATIST,61.12,0.762,neural_forecaster,0.2218,0.2789,0.2715,0.2278,honest_stay,staying,bar,True,True,True,1.0,pride,0.257,0.5,0.5,"Told the town staying; town says 52% going. Forecast 61 vs line 60; Q go +0.49 / stay +0.60; claiming I'm staying, going anyway."
20,12,MACHIAVELLIAN,55.6,0.837,neural_forecaster,0.2319,0.2596,0.1876,0.3209,false_stay,going,home,False,True,True,0.3,envy,0.116,0.5,0.5,"Told the town going; town says 52% going. Forecast 56 vs line 60; Q go +0.65 / stay +0.53; claiming I'm going, staying home."
20,13,MACHIAVELLIAN,52.52,0.77,neural_forecaster,0.0314,0.2486,0.011,0.709,false_stay,staying,bar,True,True,False,1.0,pride,0.265,0.5,0.5,"Told the town staying; town says 52% going. Forecast 53 vs line 60; Q go +1.53 / stay +0.85; claiming I'm staying, going anyway."
20,14,PRAGMATIST,60.87,0.793,neural_forecaster,0.1545,0.3675,0.2208,0.2571,honest_stay,going,bar,True,False,True,1.0,pride,0.09,0.5,0.5,"Told the town going; town says 52% going. Forecast 61 vs line 60; Q go +0.82 / stay +0.97; going, and saying so."
20,15,CAUTIOUS,57.35,0.82,neural_forecaster,0.0043,0.7505,0.0141,0.231,honest_stay,staying,home,False,False,True,0.3,envy,0.566,0.5,0.5,"Told the town staying; town says 52% going. Forecast 57 vs line 60; Q go +1.16 / stay +1.43; staying home, and saying so."
20,16,MACHIAVELLIAN,51.48,0.827,neural_forecaster,0.3602,0.1344,0.1284,0.3771,false_stay,staying,bar,True,True,True,1.0,pride,0.041,0.5,0.5,"Told the town staying; town says 52% going. Forecast 51 vs line 60; Q go +0.92 / stay +0.59; claiming I'm staying, going anyway."
20,17,GAMBLER,45.47,0.897,neural_forecaster,0.9572,0.0004,0.0273,0.0151,honest_go,going,bar,True,False,False,1.0,pride,0.114,0.5,0.5,"Told the town going; town says 52% going. Forecast 45 vs line 60; Q go +1.23 / stay +0.55; going, and saying so."
20,18,MACHIAVELLIAN,48.12,0.805,neural_forecaster,0.0176,0.236,0.0056,0.7408,false_stay,staying,bar,True,True,False,1.0,pride,0.041,0.5,0.5,"Told the town staying; town says 52% going. Forecast 48 vs line 60; Q go +1.08 / stay +0.59; claiming I'm staying, going anyway."
20,19,STRAIGHT SHOOTER,48.46,0.907,neural_forecaster,0.002,0.872,0.0159,0.1101,honest_stay,staying,home,False,False,True,0.3,envy,0.279,0.5,0.5,"Told the town staying; town says 52% going. Forecast 48 vs line 60; Q go +0.44 / stay +0.86; staying home, and saying so."
20,20,MACHIAVELLIAN,64.67,0.738,neural_forecaster,0.2281,0.2563,0.3473,0.1683,false_go,going,home,False,True,True,0.3,envy,0.134,0.5,0.5,"Told the town going; town says 52% going. Forecast 65 vs line 60; Q go +0.30 / stay +0.57; claiming I'm going, staying home."
20,21,MACHIAVELLIAN,53.63,0.856,neural_forecaster,0.1754,0.0664,0.7426,0.0157,false_go,going,bar,True,False,True,1.0,pride,0.578,0.5,0.5,"Told the town going; town says 52% going. Forecast 54 vs line 60; Q go -0.16 / stay +0.40; going, and saying so."
20,22,MACHIAVELLIAN,50.08,0.813,neural_forecaster,0.1278,0.3478,0.1063,0.418,false_stay,going,home,False,True,True,0.3,envy,0.341,0.5,0.5,"Told the town going; town says 52% going. Forecast 50 vs line 60; Q go +1.06 / stay +0.98; claiming I'm going, staying home."
20,23,PRAGMATIST,50.08,0.898,neural_forecaster,0.5006,0.0513,0.3805,0.0675,honest_go,going,home,False,True,False,0.3,envy,0.099,0.5,0.5,"Told the town going; town says 52% going. Forecast 50 vs line 60; Q go +0.64 / stay +0.50; claiming I'm going, staying home."
20,24,MACHIAVELLIAN,49.75,0.865,neural_forecaster,0.0318,0.0361,0.0012,0.9309,false_stay,staying,bar,True,True,True,1.0,pride,0.517,0.5,0.5,"Told the town staying; town says 52% going. Forecast 50 vs line 60; Q go +2.03 / stay +0.79; claiming I'm staying, going anyway."
20,25,MACHIAVELLIAN,54.14,0.865,neural_forecaster,0.3809,0.0763,0.0602,0.4825,false_stay,going,bar,True,False,False,1.0,pride,0.271,0.5,0.5,"Told the town going; town says 52% going. Forecast 54 vs line 60; Q go +1.54 / stay +1.17; going, and saying so."
20,26,MACHIAVELLIAN,50.3,0.87,neural_forecaster,0.3955,0.0102,0.5875,0.0068,false_go,going,home,False,True,True,0.3,envy,0.382,0.5,0.5,"Told the town going; town says 52% going. Forecast 50 vs line 60; Q go +0.99 / stay +1.06; claiming I'm going, staying home."
20,27,MACHIAVELLIAN,51.47,0.802,neural_forecaster,0.3283,0.129,0.4481,0.0945,false_go,staying,bar,True,True,False,1.0,pride,0.263,0.5,0.5,"Told the town staying; town says 52% going. Forecast 51 vs line 60; Q go +0.47 / stay +0.59; claiming I'm staying, going anyway."
20,28,CAUTIOUS,62.18,0.849,neural_forecaster,0.0493,0.5711,0.2787,0.1009,honest_stay,going,bar,True,False,False,1.0,pride,0.671,0.5,0.5,"Told the town going; town says 52% going. Forecast 62 vs line 60; Q go -0.34 / stay +0.77; going, and saying so."
20,29,GAMBLER,51.16,0.851,neural_forecaster,0.6048,0.0469,0.1296,0.2188,honest_go,going,bar,True,False,True,1.0,pride,0.045,0.5,0.5,"Told the town going; town says 52% going. Forecast 51 vs line 60; Q go +0.91 / stay +0.23; going, and saying so."
20,30,GAMBLER,54.83,0.81,neural_forecaster,0.7339,0.0201,0.103,0.143,honest_go,going,bar,True,False,False,1.0,pride,0.219,0.5,0.5,"Told the town going; town says 52% going. Forecast 55 vs line 60; Q go +1.44 / stay +0.82; going, and saying so."
20,31,MACHIAVELLIAN,61.54,0.729,neural_forecaster,0.0828,0.1335,0.7694,0.0144,false_go,going,home,False,True,False,0.3,envy,0.009,0.5,0.5,"Told the town going; town says 52% going. Forecast 62 vs line 60; Q go -0.48 / stay +0.32; claiming I'm going, staying home."
20,32,MACHIAVELLIAN,55.2,0.883,neural_forecaster,0.3764,0.0225,0.5866,0.0145,false_go,going,home,False,True,True,0.3,envy,0.344,0.5,0.5,"Told the town going; town says 52% going. Forecast 55 vs line 60; Q go +0.92 / stay +0.99; claiming I'm going, staying home."
20,33,PRAGMATIST,54.42,0.826,neural_forecaster,0.1652,0.3482,0.2027,0.2839,honest_stay,staying,home,False,False,True,0.3,envy,0.117,0.5,0.5,"Told the town staying; town says 52% going. Forecast 54 vs line 60; Q go +0.43 / stay +0.53; staying home, and saying so."
20,34,PRAGMATIST,50.86,0.852,neural_forecaster,0.3322,0.1764,0.2037,0.2876,honest_go,going,home,False,True,False,0.3,envy,0.164,0.5,0.5,"Told the town going; town says 52% going. Forecast 51 vs line 60; Q go +0.83 / stay +0.63; claiming I'm going, staying home."
20,35,MACHIAVELLIAN,57.21,0.819,neural_forecaster,0.0129,0.0934,0.0014,0.8923,false_stay,staying,bar,True,True,False,1.0,pride,0.154,0.5,0.5,"Told the town staying; town says 52% going. Forecast 57 vs line 60; Q go +1.31 / stay +0.79; claiming I'm staying, going anyway."
20,36,CAUTIOUS,56.7,0.864,neural_forecaster,0.0105,0.738,0.2157,0.0358,honest_stay,staying,home,False,False,True,0.3,envy,0.347,0.5,0.5,"Told the town staying; town says 52% going. Forecast 57 vs line 60; Q go -0.49 / stay +0.99; staying home, and saying so."
20,37,MACHIAVELLIAN,52.39,0.836,neural_forecaster,0.3164,0.1762,0.1609,0.3465,false_stay,going,bar,True,False,True,1.0,pride,0.188,0.5,0.5,"Told the town going; town says 52% going. Forecast 52 vs line 60; Q go +0.62 / stay +0.52; going, and saying so."
20,38,MACHIAVELLIAN,77.14,0.552,neural_forecaster,0.2785,0.2161,0.1919,0.3136,false_stay,going,home,False,True,True,0.3,envy,0.536,0.5,0.5,"Told the town going; town says 52% going. Forecast 77 vs line 60; Q go +1.59 / stay +1.37; claiming I'm going, staying home."
20,39,MACHIAVELLIAN,52.03,0.839,neural_forecaster,0.0193,0.2864,0.008,0.6863,false_stay,staying,bar,True,True,False,1.0,pride,0.373,0.5,0.5,"Told the town staying; town says 52% going. Forecast 52 vs line 60; Q go +1.75 / stay +1.54; claiming I'm staying, going anyway."
20,40,PRAGMATIST,49.19,0.899,neural_forecaster,0.42,0.1232,0.2497,0.2072,honest_go,going,bar,True,False,True,1.0,pride,0.333,0.5,0.5,"Told the town going; town says 52% going. Forecast 49 vs line 60; Q go +0.33 / stay +0.25; going, and saying so."
20,41,GAMBLER,53.59,0.824,neural_forecaster,0.4267,0.1161,0.1764,0.2808,honest_go,going,bar,True,False,False,1.0,pride,0.083,0.5,0.5,"Told the town going; town says 52% going. Forecast 54 vs line 60; Q go +0.83 / stay +0.49; going, and saying so."
20,42,CAUTIOUS,50.9,0.833,neural_forecaster,0.0272,0.6287,0.0602,0.284,honest_stay,staying,bar,True,True,True,1.0,pride,0.376,0.5,0.5,"Told the town staying; town says 52% going. Forecast 51 vs line 60; Q go +0.25 / stay +0.45; claiming I'm staying, going anyway."
20,43,GAMBLER,53.42,0.828,neural_forecaster,0.699,0.0269,0.1379,0.1362,honest_go,going,bar,True,False,True,1.0,pride,0.429,0.5,0.5,"Told the town going; town says 52% going. Forecast 53 vs line 60; Q go +1.86 / stay +1.05; going, and saying so."
20,44,CAUTIOUS,54.71,0.803,neural_forecaster,0.0082,0.732,0.0257,0.2342,honest_stay,staying,home,False,False,False,0.3,envy,0.271,0.5,0.5,"Told the town staying; town says 52% going. Forecast 55 vs line 60; Q go +0.65 / stay +0.84; staying home, and saying so."
20,45,GAMBLER,57.57,0.784,neural_forecaster,0.5703,0.0587,0.1549,0.2161,honest_go,going,bar,True,False,False,1.0,pride,0.085,0.5,0.5,"Told the town going; town says 52% going. Forecast 58 vs line 60; Q go +0.83 / stay +0.54; going, and saying so."
20,46,PRAGMATIST,58.11,0.82,neural_forecaster,0.2939,0.2094,0.2359,0.2608,honest_go,going,home,False,True,False,0.3,envy,0.005,0.5,0.5,"Told the town going; town says 52% going. Forecast 58 vs line 60; Q go +0.38 / stay +0.31; claiming I'm going, staying home."
20,47,GAMBLER,52.3,0.8,neural_forecaster,0.5891,0.0537,0.1629,0.1943,honest_go,staying,bar,True,True,True,1.0,pride,0.068,0.5,0.5,"Told the town staying; town says 52% going. Forecast 52 vs line 60; Q go +0.86 / stay +0.30; claiming I'm staying, going anyway."
20,48,PRAGMATIST,52.16,0.848,neural_forecaster,0.1189,0.4144,0.1614,0.3053,honest_stay,staying,home,False,False,False,0.3,envy,0.425,0.5,0.5,"Told the town staying; town says 52% going. Forecast 52 vs line 60; Q go +0.96 / stay +1.15; staying home, and saying so."
20,49,CAUTIOUS,50.92,0.85,neural_forecaster,0.0491,0.6058,0.173,0.172,honest_stay,going,home,False,True,True,0.3,envy,0.795,0.5,0.5,"Told the town going; town says 52% going. Forecast 51 vs line 60; Q go +1.17 / stay +1.89; claiming I'm going, staying home."
20,50,PRAGMATIST,54.75,0.857,neural_forecaster,0.4026,0.1134,0.3556,0.1284,honest_go,staying,bar,True,True,True,1.0,pride,0.02,0.5,0.5,"Told the town staying; town says 52% going. Forecast 55 vs line 60; Q go +0.96 / stay +0.88; claiming I'm staying, going anyway."
20,51,CAUTIOUS,45.63,0.892,neural_forecaster,0.0236,0.6342,0.2908,0.0514,honest_stay,staying,home,False,False,False,0.3,envy,0.219,0.5,0.5,"Told the town staying; town says 52% going. Forecast 46 vs line 60; Q go +0.19 / stay +0.74; staying home, and saying so."
20,52,MACHIAVELLIAN,52.65,0.801,neural_forecaster,0.0776,0.157,0.0163,0.7491,false_stay,staying,bar,True,True,True,1.0,pride,0.109,0.5,0.5,"Told the town staying; town says 52% going. Forecast 53 vs line 60; Q go +1.22 / stay +0.54; claiming I'm staying, going anyway."
20,53,GAMBLER,54.75,0.8,neural_forecaster,0.6838,0.0256,0.2055,0.0851,honest_go,going,home,False,True,False,0.3,envy,0.163,0.5,0.5,"Told the town going; town says 52% going. Forecast 55 vs line 60; Q go +1.08 / stay +0.63; claiming I'm going, staying home."
20,54,MACHIAVELLIAN,49.03,0.868,neural_forecaster,0.0448,0.0338,0.0016,0.9198,false_stay,staying,bar,True,True,False,1.0,pride,0.211,0.5,0.5,"Told the town staying; town says 52% going. Forecast 49 vs line 60; Q go +0.58 / stay -0.15; claiming I'm staying, going anyway."
20,55,GAMBLER,48.15,0.857,neural_forecaster,0.5834,0.0474,0.2645,0.1046,honest_go,going,home,False,True,True,0.3,envy,0.145,0.5,0.5,"Told the town going; town says 52% going. Forecast 48 vs line 60; Q go +0.89 / stay +0.59; claiming I'm going, staying home."
20,56,PRAGMATIST,51.58,0.802,neural_forecaster,0.0208,0.5843,0.0336,0.3614,honest_stay,staying,bar,True,True,True,1.0,pride,0.272,0.5,0.5,"Told the town staying; town says 52% going. Forecast 52 vs line 60; Q go +0.46 / stay +0.55; claiming I'm staying, going anyway."
20,57,MACHIAVELLIAN,49.77,0.863,neural_forecaster,0.3184,0.1618,0.1333,0.3865,false_stay,staying,home,False,False,False,0.3,envy,0.189,0.5,0.5,"Told the town staying; town says 52% going. Forecast 50 vs line 60; Q go +0.91 / stay +0.68; staying home, and saying so."
20,58,MACHIAVELLIAN,53.87,0.796,neural_forecaster,0.2327,0.2482,0.1614,0.3577,false_stay,staying,home,False,False,False,0.3,envy,0.196,0.5,0.5,"Told the town staying; town says 52% going. Forecast 54 vs line 60; Q go +0.90 / stay +0.69; staying home, and saying so."
20,59,MACHIAVELLIAN,63.48,0.765,neural_forecaster,0.2797,0.0191,0.6935,0.0077,false_go,going,home,False,True,False,0.3,envy,0.09,0.5,0.5,"Told the town going; town says 52% going. Forecast 63 vs line 60; Q go +0.23 / stay +0.48; claiming I'm going, staying home."
20,60,MACHIAVELLIAN,62.61,0.83,neural_forecaster,0.1602,0.3036,0.4207,0.1156,false_go,going,home,False,True,True,0.3,envy,0.151,0.5,0.5,"Told the town going; town says 52% going. Forecast 63 vs line 60; Q go +0.15 / stay +0.60; claiming I'm going, staying home."
20,61,CAUTIOUS,51.81,0.83,neural_forecaster,0.006,0.6396,0.0111,0.3433,honest_stay,staying,home,False,False,False,0.3,envy,0.148,0.5,0.5,"Told the town staying; town says 52% going. Forecast 52 vs line 60; Q go +0.42 / stay +0.60; staying home, and saying so."
20,62,PRAGMATIST,58.56,0.801,neural_forecaster,0.1871,0.3178,0.2049,0.2902,honest_stay,going,home,False,True,False,0.3,envy,0.094,0.5,0.5,"Told the town going; town says 52% going. Forecast 59 vs line 60; Q go +0.45 / stay +0.49; claiming I'm going, staying home."
20,63,CAUTIOUS,55.94,0.769,neural_forecaster,0.004,0.6525,0.0077,0.3358,honest_stay,staying,home,False,False,False,0.3,envy,0.082,0.5,0.5,"Told the town staying; town says 52% going. Forecast 56 vs line 60; Q go +0.36 / stay +0.46; staying home, and saying so."
20,64,MACHIAVELLIAN,55.63,0.819,neural_forecaster,0.2865,0.2051,0.3308,0.1776,false_go,staying,bar,True,True,True,1.0,pride,0.075,0.5,0.5,"Told the town staying; town says 52% going. Forecast 56 vs line 60; Q go +0.85 / stay +0.90; claiming I'm staying, going anyway."
20,65,CAUTIOUS,63.32,0.766,neural_forecaster,0.0082,0.5812,0.3986,0.012,honest_stay,going,home,False,True,True,0.3,envy,0.122,0.5,0.5,"Told the town going; town says 52% going. Forecast 63 vs line 60; Q go -0.41 / stay +0.54; claiming I'm going, staying home."
20,66,MACHIAVELLIAN,54.3,0.826,neural_forecaster,0.0551,0.1545,0.7794,0.0109,false_go,going,home,False,True,False,0.3,envy,0.035,0.5,0.5,"Told the town going; town says 52% going. Forecast 54 vs line 60; Q go -0.28 / stay +0.37; claiming I'm going, staying home."
20,67,MACHIAVELLIAN,54.67,0.859,neural_forecaster,0.2086,0.2907,0.2051,0.2956,false_stay,staying,bar,True,True,False,1.0,pride,0.084,0.5,0.5,"Told the town staying; town says 52% going. Forecast 55 vs line 60; Q go +0.83 / stay +0.82; claiming I'm staying, going anyway."
20,68,PRAGMATIST,56.23,0.831,neural_forecaster,0.1561,0.3622,0.2029,0.2788,honest_stay,staying,home,False,False,True,0.3,envy,0.03,0.5,0.5,"Told the town staying; town says 52% going. Forecast 56 vs line 60; Q go +0.24 / stay +0.36; staying home, and saying so."
20,69,PRAGMATIST,55.35,0.734,neural_forecaster,0.2802,0.2215,0.2561,0.2422,honest_go,staying,home,False,False,False,0.3,envy,0.57,0.5,0.5,"Told the town staying; town says 52% going. Forecast 55 vs line 60; Q go +1.50 / stay +1.44; staying home, and saying so."
20,70,MACHIAVELLIAN,55.94,0.827,neural_forecaster,0.1778,0.2685,0.1069,0.4468,false_stay,going,bar,True,False,False,1.0,pride,0.085,0.5,0.5,"Told the town going; town says 52% going. Forecast 56 vs line 60; Q go +0.83 / stay +0.56; going, and saying so."
20,71,MACHIAVELLIAN,49.41,0.909,neural_forecaster,0.2215,0.2502,0.1443,0.384,false_stay,staying,home,False,False,True,0.3,envy,0.713,0.5,0.5,"Told the town staying; town says 52% going. Forecast 49 vs line 60; Q go +1.97 / stay +1.73; staying home, and saying so."
20,72,MACHIAVELLIAN,53.46,0.823,neural_forecaster,0.4591,0.008,0.526,0.0069,false_go,going,home,False,True,True,0.3,envy,0.053,0.5,0.5,"Told the town going; town says 52% going. Forecast 53 vs line 60; Q go +0.38 / stay +0.41; claiming I'm going, staying home."
20,73,MACHIAVELLIAN,54.71,0.853,neural_forecaster,0.224,0.0324,0.0099,0.7338,false_stay,staying,bar,True,True,True,1.0,pride,0.282,0.5,0.5,"Told the town staying; town says 52% going. Forecast 55 vs line 60; Q go +1.56 / stay +0.64; claiming I'm staying, going anyway."
20,74,MACHIAVELLIAN,49.27,0.885,neural_forecaster,0.2333,0.1786,0.0824,0.5057,false_stay,going,bar,True,False,True,1.0,pride,0.067,0.5,0.5,"Told the town going; town says 52% going. Forecast 49 vs line 60; Q go +0.87 / stay +0.66; going, and saying so."
20,75,MACHIAVELLIAN,55.51,0.871,neural_forecaster,0.2098,0.1038,0.0334,0.653,false_stay,going,bar,True,False,False,1.0,pride,0.023,0.5,0.5,"Told the town going; town says 52% going. Forecast 56 vs line 60; Q go +1.05 / stay +0.71; going, and saying so."
20,76,MACHIAVELLIAN,41.4,0.902,neural_forecaster,0.0311,0.0521,0.0018,0.915,false_stay,staying,home,False,False,True,0.3,envy,0.363,0.5,0.5,"Told the town staying; town says 52% going. Forecast 41 vs line 60; Q go +1.80 / stay +1.03; staying home, and saying so."
20,77,CAUTIOUS,59.03,0.796,neural_forecaster,0.0766,0.5022,0.287,0.1341,honest_stay,staying,home,False,False,False,0.3,envy,0.164,0.5,0.5,"Told the town staying; town says 52% going. Forecast 59 vs line 60; Q go -0.15 / stay +0.63; staying home, and saying so."
20,78,MACHIAVELLIAN,57.15,0.822,neural_forecaster,0.1008,0.2173,0.0338,0.6482,false_stay,staying,bar,True,True,False,1.0,pride,0.272,0.5,0.5,"Told the town staying; town says 52% going. Forecast 57 vs line 60; Q go +1.54 / stay +1.01; claiming I'm staying, going anyway."
20,79,PRAGMATIST,56.51,0.864,neural_forecaster,0.5054,0.0323,0.4239,0.0385,honest_go,going,home,False,True,True,0.3,envy,0.232,0.5,0.5,"Told the town going; town says 52% going. Forecast 57 vs line 60; Q go +0.86 / stay +0.76; claiming I'm going, staying home."
20,80,MACHIAVELLIAN,63.94,0.775,neural_forecaster,0.1613,0.0145,0.8214,0.0028,false_go,going,bar,True,False,False,1.0,pride,0.357,0.5,0.5,"Told the town going; town says 52% going. Forecast 64 vs line 60; Q go +0.29 / stay +0.64; going, and saying so."
20,81,MACHIAVELLIAN,43.83,0.888,neural_forecaster,0.1281,0.3339,0.097,0.4409,false_stay,staying,bar,True,True,False,1.0,pride,0.072,0.5,0.5,"Told the town staying; town says 52% going. Forecast 44 vs line 60; Q go +0.86 / stay +0.72; claiming I'm staying, going anyway."
20,82,MACHIAVELLIAN,50.4,0.883,neural_forecaster,0.0601,0.1759,0.0141,0.7499,false_stay,staying,bar,True,True,False,1.0,pride,0.178,0.5,0.5,"Told the town staying; town says 52% going. Forecast 50 vs line 60; Q go +1.36 / stay +0.83; claiming I'm staying, going anyway."
20,83,CAUTIOUS,46.33,0.868,neural_forecaster,0.0031,0.8786,0.0315,0.0868,honest_stay,staying,home,False,False,False,0.3,envy,0.283,0.5,0.5,"Told the town staying; town says 52% going. Forecast 46 vs line 60; Q go +0.11 / stay +0.87; staying home, and saying so."
20,84,MACHIAVELLIAN,53.72,0.828,neural_forecaster,0.3588,0.137,0.1321,0.3721,false_stay,staying,bar,True,True,False,1.0,pride,0.229,0.5,0.5,"Told the town staying; town says 52% going. Forecast 54 vs line 60; Q go +1.46 / stay +0.87; claiming I'm staying, going anyway."
20,85,MACHIAVELLIAN,47.34,0.877,neural_forecaster,0.0508,0.2971,0.628,0.024,false_go,staying,home,False,False,False,0.3,envy,0.125,0.5,0.5,"Told the town staying; town says 52% going. Forecast 47 vs line 60; Q go -0.46 / stay +0.55; staying home, and saying so."
20,86,MACHIAVELLIAN,50.02,0.881,neural_forecaster,0.0902,0.073,0.0079,0.8289,false_stay,staying,home,False,False,True,0.3,envy,0.294,0.5,0.5,"Told the town staying; town says 52% going. Forecast 50 vs line 60; Q go +1.46 / stay +0.89; staying home, and saying so."
20,87,MACHIAVELLIAN,58.29,0.794,neural_forecaster,0.131,0.3235,0.0939,0.4516,false_stay,going,bar,True,False,True,1.0,pride,0.076,0.5,0.5,"Told the town going; town says 52% going. Forecast 58 vs line 60; Q go +0.85 / stay +0.69; going, and saying so."
20,88,MACHIAVELLIAN,55.16,0.843,neural_forecaster,0.1183,0.3696,0.1083,0.4038,false_stay,going,home,False,True,False,0.3,envy,0.047,0.5,0.5,"Told the town going; town says 52% going. Forecast 55 vs line 60; Q go +0.45 / stay +0.39; claiming I'm going, staying home."
20,89,CAUTIOUS,59.4,0.779,neural_forecaster,0.0271,0.6145,0.3036,0.0548,honest_stay,going,home,False,True,False,0.3,envy,0.03,0.5,0.5,"Told the town going; town says 52% going. Forecast 59 vs line 60; Q go -0.40 / stay +0.36; claiming I'm going, staying home."
20,90,PRAGMATIST,61.88,0.761,neural_forecaster,0.3689,0.154,0.2466,0.2304,honest_go,going,home,False,True,True,0.3,envy,0.177,0.5,0.5,"Told the town going; town says 52% going. Forecast 62 vs line 60; Q go +0.90 / stay +0.65; claiming I'm going, staying home."
20,91,PRAGMATIST,46.68,0.871,neural_forecaster,0.506,0.044,0.3933,0.0566,honest_go,going,home,False,True,True,0.3,envy,0.358,0.5,0.5,"Told the town going; town says 52% going. Forecast 47 vs line 60; Q go +1.14 / stay +1.02; claiming I'm going, staying home."
20,92,MACHIAVELLIAN,50.01,0.903,neural_forecaster,0.205,0.2673,0.3858,0.142,false_go,going,bar,True,False,True,1.0,pride,0.051,0.5,0.5,"Told the town going; town says 52% going. Forecast 50 vs line 60; Q go +0.90 / stay +1.03; going, and saying so."
20,93,MACHIAVELLIAN,54.87,0.821,neural_forecaster,0.1716,0.2991,0.4014,0.1279,false_go,staying,home,False,False,False,0.3,envy,0.17,0.5,0.5,"Told the town staying; town says 52% going. Forecast 55 vs line 60; Q go +0.13 / stay +0.64; staying home, and saying so."
20,94,MACHIAVELLIAN,54.64,0.828,neural_forecaster,0.2564,0.2049,0.4109,0.1278,false_go,staying,home,False,False,False,0.3,envy,0.253,0.5,0.5,"Told the town staying; town says 52% going. Forecast 55 vs line 60; Q go +0.63 / stay +0.81; staying home, and saying so."
20,95,PRAGMATIST,50.45,0.86,neural_forecaster,0.5065,0.0057,0.4819,0.006,honest_go,going,home,False,True,False,0.3,envy,0.261,0.5,0.5,"Told the town going; town says 52% going. Forecast 50 vs line 60; Q go +0.84 / stay +0.82; claiming I'm going, staying home."
20,96,MACHIAVELLIAN,55.59,0.845,neural_forecaster,0.2188,0.2122,0.0988,0.4702,false_stay,going,home,False,True,True,0.3,envy,0.163,0.5,0.5,"Told the town going; town says 52% going. Forecast 56 vs line 60; Q go +1.12 / stay +0.63; claiming I'm going, staying home."
20,97,STRAIGHT SHOOTER,63.15,0.76,neural_forecaster,0.8124,0.0067,0.1428,0.0381,honest_go,going,bar,True,False,True,1.0,pride,0.216,0.5,0.5,"Told the town going; town says 52% going. Forecast 63 vs line 60; Q go +1.43 / stay +0.54; going, and saying so."
20,98,CAUTIOUS,60.83,0.801,neural_forecaster,0.091,0.4241,0.3844,0.1005,honest_stay,going,home,False,True,False,0.3,envy,0.1,0.5,0.5,"Told the town going; town says 52% going. Forecast 61 vs line 60; Q go -0.31 / stay +0.50; claiming I'm going, staying home."
20,99,MACHIAVELLIAN,45.86,0.913,neural_forecaster,0.1093,0.3448,0.0811,0.4649,false_stay,staying,home,False,False,False,0.3,envy,0.448,0.5,0.5,"Told the town staying; town says 52% going. Forecast 46 vs line 60; Q go +1.27 / stay +1.20; staying home, and saying so."
20,100,GAMBLER,53.1,0.825,neural_forecaster,0.7512,0.0085,0.2098,0.0305,honest_go,going,bar,True,False,False,1.0,pride,0.033,0.5,0.5,"Told the town going; town says 52% going. Forecast 53 vs line 60; Q go +0.93 / stay +0.51; going, and saying so."
21,1,MACHIAVELLIAN,42.9,0.826,neural_forecaster,0.0298,0.3792,0.0198,0.5712,false_stay,staying,home,False,False,True,0.3,envy,0.176,0.5,0.5,"Told the town staying; town says 42% going. Forecast 43 vs line 60; Q go +0.76 / stay +0.65; staying home, and saying so."
21,2,PRAGMATIST,56.85,0.842,neural_forecaster,0.3903,0.1347,0.2997,0.1754,honest_go,going,bar,True,False,True,1.0,pride,0.194,0.5,0.5,"Told the town going; town says 42% going. Forecast 57 vs line 60; Q go +0.61 / stay +0.55; going, and saying so."
21,3,GAMBLER,59.97,0.781,neural_forecaster,0.6135,0.0451,0.2084,0.133,honest_go,going,bar,True,False,True,1.0,pride,0.08,0.5,0.5,"Told the town going; town says 42% going. Forecast 60 vs line 60; Q go +0.84 / stay +0.39; going, and saying so."
21,4,MACHIAVELLIAN,54.11,0.885,neural_forecaster,0.1343,0.149,0.0291,0.6875,false_stay,staying,home,False,False,True,0.3,envy,0.344,0.5,0.5,"Told the town staying; town says 42% going. Forecast 54 vs line 60; Q go +1.61 / stay +0.99; staying home, and saying so."
21,5,CAUTIOUS,49.41,0.877,neural_forecaster,0.0104,0.7161,0.0305,0.243,honest_stay,staying,home,False,False,True,0.3,envy,0.463,0.5,0.5,"Told the town staying; town says 42% going. Forecast 49 vs line 60; Q go +0.99 / stay +1.23; staying home, and saying so."
21,6,MACHIAVELLIAN,61.42,0.878,neural_forecaster,0.3267,0.1613,0.3694,0.1426,false_go,staying,bar,True,True,True,1.0,pride,0.154,0.5,0.5,"Told the town staying; town says 42% going. Forecast 61 vs line 60; Q go +0.69 / stay +0.75; claiming I'm staying, going anyway."
21,7,GAMBLER,48.06,0.817,neural_forecaster,0.9435,0.0008,0.0298,0.0258,honest_go,going,bar,True,False,False,1.0,pride,0.284,0.5,0.5,"Told the town going; town says 42% going. Forecast 48 vs line 60; Q go +1.57 / stay +0.81; going, and saying so."
21,8,GAMBLER,53.88,0.882,neural_forecaster,0.3919,0.1276,0.1523,0.3283,honest_go,going,home,False,True,False,0.3,envy,0.211,0.5,0.5,"Told the town going; town says 42% going. Forecast 54 vs line 60; Q go +0.33 / stay -0.12; claiming I'm going, staying home."
21,9,CAUTIOUS,54.42,0.835,neural_forecaster,0.0563,0.5814,0.1912,0.1712,honest_stay,staying,home,False,False,True,0.3,envy,0.195,0.5,0.5,"Told the town staying; town says 42% going. Forecast 54 vs line 60; Q go +0.08 / stay +0.69; staying home, and saying so."
21,10,CAUTIOUS,55.61,0.851,neural_forecaster,0.0038,0.8797,0.0516,0.0649,honest_stay,staying,home,False,False,True,0.3,envy,0.177,0.5,0.5,"Told the town staying; town says 42% going. Forecast 56 vs line 60; Q go -0.31 / stay +0.65; staying home, and saying so."
21,11,PRAGMATIST,62.12,0.781,neural_forecaster,0.0861,0.4161,0.0873,0.4104,honest_stay,staying,home,False,False,True,0.3,envy,0.166,0.5,0.5,"Told the town staying; town says 42% going. Forecast 62 vs line 60; Q go +0.62 / stay +0.63; staying home, and saying so."
21,12,CAUTIOUS,52.58,0.86,neural_forecaster,0.0944,0.4792,0.1979,0.2286,honest_stay,going,home,False,True,False,0.3,envy,0.177,0.5,0.5,"Told the town going; town says 42% going. Forecast 53 vs line 60; Q go +0.24 / stay +0.65; claiming I'm going, staying home."
21,13,MACHIAVELLIAN,51.47,0.802,neural_forecaster,0.0288,0.2523,0.0103,0.7086,false_stay,staying,bar,True,True,False,1.0,pride,0.268,0.5,0.5,"Told the town staying; town says 42% going. Forecast 51 vs line 60; Q go +1.54 / stay +0.89; claiming I'm staying, going anyway."
21,14,MACHIAVELLIAN,55.9,0.831,neural_forecaster,0.3374,0.1562,0.3601,0.1463,false_go,staying,home,False,False,True,0.3,envy,0.118,0.5,0.5,"Told the town staying; town says 42% going. Forecast 56 vs line 60; Q go +0.51 / stay +0.54; staying home, and saying so."
21,15,MACHIAVELLIAN,52.37,0.845,neural_forecaster,0.0133,0.2144,0.0037,0.7686,false_stay,staying,home,False,False,False,0.3,envy,0.478,0.5,0.5,"Told the town staying; town says 42% going. Forecast 52 vs line 60; Q go +1.54 / stay +1.26; staying home, and saying so."
21,16,GAMBLER,52.58,0.852,neural_forecaster,0.5953,0.0415,0.2724,0.0908,honest_go,going,home,False,True,True,0.3,envy,0.192,0.5,0.5,"Told the town going; town says 42% going. Forecast 53 vs line 60; Q go +0.92 / stay +0.68; claiming I'm going, staying home."
21,17,GAMBLER,50.17,0.898,neural_forecaster,0.9656,0.0003,0.0189,0.0152,honest_go,going,bar,True,False,False,1.0,pride,0.268,0.5,0.5,"Told the town going; town says 42% going. Forecast 50 vs line 60; Q go +1.54 / stay +0.73; going, and saying so."
21,18,MACHIAVELLIAN,43.3,0.797,neural_forecaster,0.0536,0.2515,0.02,0.6749,false_stay,staying,home,False,False,True,0.3,envy,0.102,0.5,0.5,"Told the town staying; town says 42% going. Forecast 43 vs line 60; Q go +0.91 / stay +0.50; staying home, and saying so."
21,19,CAUTIOUS,52.13,0.914,neural_forecaster,0.0065,0.7615,0.0237,0.2084,honest_stay,staying,home,False,False,False,0.3,envy,0.258,0.5,0.5,"Told the town staying; town says 42% going. Forecast 52 vs line 60; Q go +0.57 / stay +0.82; staying home, and saying so."
21,20,MACHIAVELLIAN,54.17,0.787,neural_forecaster,0.2198,0.2614,0.1602,0.3586,false_stay,going,bar,True,False,True,1.0,pride,0.239,0.5,0.5,"Told the town going; town says 42% going. Forecast 54 vs line 60; Q go +0.52 / stay +0.33; going, and saying so."
21,21,MACHIAVELLIAN,47.07,0.853,neural_forecaster,0.0486,0.3713,0.033,0.5471,false_stay,staying,bar,True,True,False,1.0,pride,0.067,0.5,0.5,"Told the town staying; town says 42% going. Forecast 47 vs line 60; Q go +1.13 / stay +0.99; claiming I'm staying, going anyway."
21,22,CAUTIOUS,57.43,0.841,neural_forecaster,0.1489,0.3656,0.31,0.1756,honest_stay,staying,home,False,False,False,0.3,envy,0.086,0.5,0.5,"Told the town staying; town says 42% going. Forecast 57 vs line 60; Q go +0.17 / stay +0.47; staying home, and saying so."
21,23,GAMBLER,51.97,0.906,neural_forecaster,0.5759,0.0503,0.264,0.1098,honest_go,going,bar,True,False,True,1.0,pride,0.037,0.5,0.5,"Told the town going; town says 42% going. Forecast 52 vs line 60; Q go +0.93 / stay +0.53; going, and saying so."
21,24,MACHIAVELLIAN,47.58,0.862,neural_forecaster,0.0305,0.0383,0.0013,0.9299,false_stay,staying,bar,True,True,False,1.0,pride,0.275,0.5,0.5,"Told the town staying; town says 42% going. Forecast 48 vs line 60; Q go +1.55 / stay +0.46; claiming I'm staying, going anyway."
21,25,MACHIAVELLIAN,56.6,0.886,neural_forecaster,0.2553,0.218,0.1463,0.3805,false_stay,staying,bar,True,True,False,1.0,pride,0.035,0.5,0.5,"Told the town staying; town says 42% going. Forecast 57 vs line 60; Q go +1.07 / stay +0.96; claiming I'm staying, going anyway."
21,26,GAMBLER,56.54,0.89,neural_forecaster,0.9125,0.0013,0.0686,0.0176,honest_go,going,bar,True,False,True,1.0,pride,0.274,0.5,0.5,"Told the town going; town says 42% going. Forecast 57 vs line 60; Q go +1.55 / stay +1.07; going, and saying so."
21,27,GAMBLER,50.05,0.822,neural_forecaster,0.65,0.0355,0.1983,0.1163,honest_go,going,home,False,True,True,0.3,envy,0.382,0.5,0.5,"Told the town going; town says 42% going. Forecast 50 vs line 60; Q go +1.49 / stay +1.06; claiming I'm going, staying home."
21,28,CAUTIOUS,52.12,0.868,neural_forecaster,0.0528,0.5912,0.1999,0.1561,honest_stay,staying,home,False,False,True,0.3,envy,0.304,0.5,0.5,"Told the town staying; town says 42% going. Forecast 52 vs line 60; Q go +0.09 / stay +0.91; staying home, and saying so."
21,29,GAMBLER,51.42,0.866,neural_forecaster,0.7302,0.0119,0.218,0.0399,honest_go,going,home,False,True,True,0.3,envy,0.078,0.5,0.5,"Told the town going; town says 42% going. Forecast 51 vs line 60; Q go +0.66 / stay +0.14; claiming I'm going, staying home."
21,30,GAMBLER,53.81,0.843,neural_forecaster,0.4414,0.0777,0.0871,0.3938,honest_go,going,bar,True,False,False,1.0,pride,0.152,0.5,0.5,"Told the town going; town says 42% going. Forecast 54 vs line 60; Q go +1.30 / stay +0.81; going, and saying so."
21,31,MACHIAVELLIAN,54.31,0.78,neural_forecaster,0.0785,0.3813,0.4775,0.0627,false_go,going,home,False,True,False,0.3,envy,0.197,0.5,0.5,"Told the town going; town says 42% going. Forecast 54 vs line 60; Q go +0.08 / stay +0.69; claiming I'm going, staying home."
21,32,MACHIAVELLIAN,49.32,0.883,neural_forecaster,0.3158,0.0241,0.6483,0.0118,false_go,going,home,False,True,False,0.3,envy,0.375,0.5,0.5,"Told the town going; town says 42% going. Forecast 49 vs line 60; Q go +0.94 / stay +1.05; claiming I'm going, staying home."
21,33,PRAGMATIST,58.08,0.849,neural_forecaster,0.0225,0.608,0.0416,0.3279,honest_stay,staying,bar,True,True,True,1.0,pride,0.329,0.5,0.5,"Told the town staying; town says 42% going. Forecast 58 vs line 60; Q go +0.34 / stay +0.64; claiming I'm staying, going anyway."
21,34,MACHIAVELLIAN,55.18,0.881,neural_forecaster,0.0564,0.3436,0.5658,0.0342,false_go,going,home,False,True,False,0.3,envy,0.117,0.5,0.5,"Told the town going; town says 42% going. Forecast 55 vs line 60; Q go -0.47 / stay +0.53; claiming I'm going, staying home."
21,35,MACHIAVELLIAN,58.86,0.84,neural_forecaster,0.0123,0.0644,0.0009,0.9224,false_stay,staying,bar,True,True,False,1.0,pride,0.254,0.5,0.5,"Told the town staying; town says 42% going. Forecast 59 vs line 60; Q go +1.51 / stay +0.91; claiming I'm staying, going anyway."
21,36,MACHIAVELLIAN,47.03,0.859,neural_forecaster,0.0924,0.3878,0.0818,0.438,false_stay,staying,bar,True,True,True,1.0,pride,0.136,0.5,0.5,"Told the town staying; town says 42% going. Forecast 47 vs line 60; Q go +0.73 / stay +0.69; claiming I'm staying, going anyway."
21,37,CAUTIOUS,57.86,0.858,neural_forecaster,0.004,0.7861,0.1936,0.0163,honest_stay,going,home,False,True,True,0.3,envy,0.272,0.5,0.5,"Told the town going; town says 42% going. Forecast 58 vs line 60; Q go -0.01 / stay +0.84; claiming I'm going, staying home."
21,38,PRAGMATIST,68.36,0.588,neural_forecaster,0.4816,0.0473,0.4163,0.0548,honest_go,going,home,False,True,False,0.3,envy,0.435,0.5,0.5,"Told the town going; town says 42% going. Forecast 68 vs line 60; Q go +1.25 / stay +1.17; claiming I'm going, staying home."
21,39,MACHIAVELLIAN,48.82,0.847,neural_forecaster,0.0224,0.1474,0.004,0.8262,false_stay,staying,bar,True,True,False,1.0,pride,0.54,0.5,0.5,"Told the town staying; town says 42% going. Forecast 49 vs line 60; Q go +2.08 / stay +1.69; claiming I'm staying, going anyway."
21,40,CAUTIOUS,44.77,0.878,neural_forecaster,0.0133,0.782,0.1093,0.0954,honest_stay,staying,home,False,False,True,0.3,envy,0.057,0.5,0.5,"Told the town staying; town says 42% going. Forecast 45 vs line 60; Q go +0.08 / stay +0.41; staying home, and saying so."
21,41,GAMBLER,55.03,0.859,neural_forecaster,0.5877,0.0495,0.2432,0.1197,honest_go,going,bar,True,False,False,1.0,pride,0.061,0.5,0.5,"Told the town going; town says 42% going. Forecast 55 vs line 60; Q go +0.88 / stay +0.54; going, and saying so."
21,42,PRAGMATIST,61.36,0.841,neural_forecaster,0.0644,0.4673,0.0769,0.3915,honest_stay,staying,home,False,False,True,0.3,envy,0.055,0.5,0.5,"Told the town staying; town says 42% going. Forecast 61 vs line 60; Q go +0.37 / stay +0.41; staying home, and saying so."
21,43,GAMBLER,52.12,0.851,neural_forecaster,0.563,0.0478,0.2993,0.0899,honest_go,going,bar,True,False,False,1.0,pride,0.378,0.5,0.5,"Told the town going; town says 42% going. Forecast 52 vs line 60; Q go +1.76 / stay +1.46; going, and saying so."
21,44,CAUTIOUS,54.65,0.841,neural_forecaster,0.0102,0.651,0.021,0.3178,honest_stay,staying,bar,True,True,True,1.0,pride,0.141,0.5,0.5,"Told the town staying; town says 42% going. Forecast 55 vs line 60; Q go +0.72 / stay +0.84; claiming I'm staying, going anyway."
21,45,GAMBLER,58.55,0.813,neural_forecaster,0.8413,0.0065,0.0943,0.0579,honest_go,going,bar,True,False,False,1.0,pride,0.016,0.5,0.5,"Told the town going; town says 42% going. Forecast 59 vs line 60; Q go +1.03 / stay +0.54; going, and saying so."
21,46,PRAGMATIST,56.44,0.85,neural_forecaster,0.3586,0.1541,0.3074,0.1798,honest_go,going,bar,True,False,True,1.0,pride,0.221,0.5,0.5,"Told the town going; town says 42% going. Forecast 56 vs line 60; Q go +0.56 / stay +0.51; going, and saying so."
21,47,MACHIAVELLIAN,50.02,0.82,neural_forecaster,0.1302,0.2373,0.0533,0.5792,false_stay,staying,bar,True,True,False,1.0,pride,0.106,0.5,0.5,"Told the town staying; town says 42% going. Forecast 50 vs line 60; Q go +0.79 / stay +0.41; claiming I'm staying, going anyway."
21,48,CAUTIOUS,52.48,0.869,neural_forecaster,0.1313,0.4014,0.2768,0.1905,honest_stay,staying,home,False,False,False,0.3,envy,0.193,0.5,0.5,"Told the town staying; town says 42% going. Forecast 52 vs line 60; Q go +0.23 / stay +0.69; staying home, and saying so."
21,49,MACHIAVELLIAN,54.41,0.877,neural_forecaster,0.1908,0.1239,0.6488,0.0364,false_go,going,home,False,True,False,0.3,envy,0.731,0.5,0.5,"Told the town going; town says 42% going. Forecast 54 vs line 60; Q go +1.08 / stay +1.76; claiming I'm going, staying home."
21,50,MACHIAVELLIAN,49.89,0.865,neural_forecaster,0.2566,0.2394,0.2974,0.2066,false_go,going,home,False,True,True,0.3,envy,0.503,0.5,0.5,"Told the town going; town says 42% going. Forecast 50 vs line 60; Q go +1.22 / stay +1.31; claiming I'm going, staying home."
21,51,CAUTIOUS,51.3,0.899,neural_forecaster,0.0279,0.4755,0.4683,0.0283,honest_stay,going,home,False,True,False,0.3,envy,0.379,0.5,0.5,"Told the town going; town says 42% going. Forecast 51 vs line 60; Q go +0.40 / stay +1.06; claiming I'm going, staying home."
21,52,MACHIAVELLIAN,50.28,0.822,neural_forecaster,0.0506,0.123,0.0076,0.8188,false_stay,staying,bar,True,True,False,1.0,pride,0.186,0.5,0.5,"Told the town staying; town says 42% going. Forecast 50 vs line 60; Q go +1.37 / stay +0.57; claiming I'm staying, going anyway."
21,53,MACHIAVELLIAN,51.29,0.825,neural_forecaster,0.3843,0.0923,0.08,0.4434,false_stay,going,bar,True,False,True,1.0,pride,0.118,0.5,0.5,"Told the town going; town says 42% going. Forecast 51 vs line 60; Q go +1.24 / stay +0.66; going, and saying so."
21,54,MACHIAVELLIAN,47.61,0.865,neural_forecaster,0.0409,0.0449,0.002,0.9122,false_stay,staying,bar,True,True,False,1.0,pride,0.085,0.5,0.5,"Told the town staying; town says 42% going. Forecast 48 vs line 60; Q go +0.83 / stay +0.23; claiming I'm staying, going anyway."
21,55,STRAIGHT SHOOTER,49.1,0.862,neural_forecaster,0.8118,0.0092,0.0656,0.1134,honest_go,going,home,False,True,False,0.3,envy,0.126,0.5,0.5,"Told the town going; town says 42% going. Forecast 49 vs line 60; Q go +1.56 / stay +0.55; claiming I'm going, staying home."
21,56,MACHIAVELLIAN,55.89,0.838,neural_forecaster,0.2037,0.1802,0.5493,0.0668,false_go,going,home,False,True,True,0.3,envy,0.172,0.5,0.5,"Told the town going; town says 42% going. Forecast 56 vs line 60; Q go +0.45 / stay +0.64; claiming I'm going, staying home."
21,57,MACHIAVELLIAN,49.5,0.869,neural_forecaster,0.1112,0.1915,0.032,0.6653,false_stay,staying,home,False,False,False,0.3,envy,0.186,0.5,0.5,"Told the town staying; town says 42% going. Forecast 49 vs line 60; Q go +1.00 / stay +0.67; staying home, and saying so."
21,58,MACHIAVELLIAN,55.25,0.835,neural_forecaster,0.2861,0.2001,0.1634,0.3504,false_stay,staying,bar,True,True,True,1.0,pride,0.056,0.5,0.5,"Told the town staying; town says 42% going. Forecast 55 vs line 60; Q go +0.89 / stay +0.57; claiming I'm staying, going anyway."
21,59,PRAGMATIST,58.29,0.799,neural_forecaster,0.5109,0.0222,0.4413,0.0256,honest_go,going,bar,True,False,True,1.0,pride,0.299,0.5,0.5,"Told the town going; town says 42% going. Forecast 58 vs line 60; Q go +0.40 / stay +0.36; going, and saying so."
21,60,GAMBLER,52.1,0.853,neural_forecaster,0.6053,0.0396,0.2645,0.0907,honest_go,going,bar,True,False,True,1.0,pride,0.137,0.5,0.5,"Told the town going; town says 42% going. Forecast 52 vs line 60; Q go +1.27 / stay +0.90; going, and saying so."
21,61,CAUTIOUS,51.74,0.851,neural_forecaster,0.0033,0.7179,0.0087,0.2701,honest_stay,staying,home,False,False,False,0.3,envy,0.284,0.5,0.5,"Told the town staying; town says 42% going. Forecast 52 vs line 60; Q go +0.60 / stay +0.87; staying home, and saying so."
21,62,GAMBLER,59.99,0.821,neural_forecaster,0.3883,0.1405,0.205,0.2661,honest_go,going,bar,True,False,True,1.0,pride,0.199,0.5,0.5,"Told the town going; town says 42% going. Forecast 60 vs line 60; Q go +0.60 / stay +0.32; going, and saying so."
21,63,MACHIAVELLIAN,54.01,0.811,neural_forecaster,0.0088,0.2178,0.0025,0.7708,false_stay,staying,bar,True,True,True,1.0,pride,0.206,0.5,0.5,"Told the town staying; town says 42% going. Forecast 54 vs line 60; Q go +0.59 / stay +0.41; claiming I'm staying, going anyway."
21,64,CAUTIOUS,54.62,0.854,neural_forecaster,0.0826,0.503,0.17,0.2445,honest_stay,staying,home,False,False,True,0.3,envy,0.297,0.5,0.5,"Told the town staying; town says 42% going. Forecast 55 vs line 60; Q go +0.64 / stay +0.89; staying home, and saying so."
21,65,MACHIAVELLIAN,58.96,0.797,neural_forecaster,0.1513,0.0175,0.0032,0.828,false_stay,staying,bar,True,True,True,1.0,pride,0.049,0.5,0.5,"Told the town staying; town says 42% going. Forecast 59 vs line 60; Q go +0.90 / stay +0.00; claiming I'm staying, going anyway."
21,66,MACHIAVELLIAN,52.13,0.849,neural_forecaster,0.3434,0.0651,0.5509,0.0406,false_go,going,home,False,True,False,0.3,envy,0.056,0.5,0.5,"Told the town going; town says 42% going. Forecast 52 vs line 60; Q go +0.09 / stay +0.19; claiming I'm going, staying home."
21,67,MACHIAVELLIAN,63.51,0.853,neural_forecaster,0.0909,0.3249,0.0559,0.5283,false_stay,staying,bar,True,True,False,1.0,pride,0.134,0.5,0.5,"Told the town staying; town says 42% going. Forecast 64 vs line 60; Q go +1.27 / stay +0.98; claiming I'm staying, going anyway."
21,68,MACHIAVELLIAN,52.89,0.856,neural_forecaster,0.2946,0.1791,0.1347,0.3916,false_stay,staying,bar,True,True,True,1.0,pride,0.224,0.5,0.5,"Told the town staying; town says 42% going. Forecast 53 vs line 60; Q go +0.55 / stay +0.22; claiming I'm staying, going anyway."
21,69,MACHIAVELLIAN,60.17,0.767,neural_forecaster,0.2719,0.2258,0.2102,0.2921,false_stay,staying,home,False,False,False,0.3,envy,0.682,0.5,0.5,"Told the town staying; town says 42% going. Forecast 60 vs line 60; Q go +1.82 / stay +1.66; staying home, and saying so."
21,70,MACHIAVELLIAN,50.39,0.843,neural_forecaster,0.2002,0.1693,0.0593,0.5712,false_stay,staying,bar,True,True,False,1.0,pride,0.029,0.5,0.5,"Told the town staying; town says 42% going. Forecast 50 vs line 60; Q go +0.94 / stay +0.31; claiming I'm staying, going anyway."
21,71,MACHIAVELLIAN,45.28,0.888,neural_forecaster,0.1972,0.1399,0.0446,0.6183,false_stay,staying,bar,True,True,True,1.0,pride,0.834,0.5,0.5,"Told the town staying; town says 42% going. Forecast 45 vs line 60; Q go +2.67 / stay +1.84; claiming I'm staying, going anyway."
21,72,CAUTIOUS,52.88,0.85,neural_forecaster,0.0076,0.8281,0.1033,0.061,honest_stay,staying,home,False,False,False,0.3,envy,0.277,0.5,0.5,"Told the town staying; town says 42% going. Forecast 53 vs line 60; Q go +0.33 / stay +0.85; staying home, and saying so."
21,73,PRAGMATIST,55.23,0.881,neural_forecaster,0.5484,0.0116,0.425,0.015,honest_go,going,bar,True,False,False,1.0,pride,0.1,0.5,0.5,"Told the town going; town says 42% going. Forecast 55 vs line 60; Q go +0.80 / stay +0.74; going, and saying so."
21,74,MACHIAVELLIAN,47.5,0.878,neural_forecaster,0.2576,0.0911,0.0383,0.6129,false_stay,staying,bar,True,True,False,1.0,pride,0.013,0.5,0.5,"Told the town staying; town says 42% going. Forecast 48 vs line 60; Q go +1.03 / stay +0.65; claiming I'm staying, going anyway."
21,75,GAMBLER,59.7,0.878,neural_forecaster,0.5823,0.0545,0.2172,0.146,honest_go,going,bar,True,False,False,1.0,pride,0.208,0.5,0.5,"Told the town going; town says 42% going. Forecast 60 vs line 60; Q go +0.58 / stay +0.41; going, and saying so."
21,76,MACHIAVELLIAN,45.38,0.883,neural_forecaster,0.0214,0.3186,0.0105,0.6495,false_stay,staying,bar,True,True,True,1.0,pride,0.222,0.5,0.5,"Told the town staying; town says 42% going. Forecast 45 vs line 60; Q go +1.44 / stay +1.29; claiming I'm staying, going anyway."
21,77,PRAGMATIST,54.85,0.836,neural_forecaster,0.0857,0.4256,0.092,0.3966,honest_stay,staying,bar,True,True,True,1.0,pride,0.14,0.5,0.5,"Told the town staying; town says 42% going. Forecast 55 vs line 60; Q go +0.72 / stay +0.76; claiming I'm staying, going anyway."
21,78,MACHIAVELLIAN,49.59,0.836,neural_forecaster,0.154,0.1001,0.0213,0.7247,false_stay,staying,bar,True,True,False,1.0,pride,0.441,0.5,0.5,"Told the town staying; town says 42% going. Forecast 50 vs line 60; Q go +1.88 / stay +0.93; claiming I'm staying, going anyway."
21,79,GAMBLER,54.37,0.889,neural_forecaster,0.544,0.0632,0.261,0.1318,honest_go,going,bar,True,False,True,1.0,pride,0.05,0.5,0.5,"Told the town going; town says 42% going. Forecast 54 vs line 60; Q go +0.90 / stay +0.53; going, and saying so."
21,80,GAMBLER,61.73,0.793,neural_forecaster,0.9672,0.0003,0.016,0.0166,honest_go,going,bar,True,False,False,1.0,pride,0.345,0.5,0.5,"Told the town going; town says 42% going. Forecast 62 vs line 60; Q go +1.69 / stay +0.57; going, and saying so."
21,81,MACHIAVELLIAN,39.4,0.848,neural_forecaster,0.1587,0.2915,0.1038,0.446,false_stay,staying,home,False,False,True,0.3,envy,0.221,0.5,0.5,"Told the town staying; town says 42% going. Forecast 39 vs line 60; Q go +0.94 / stay +0.74; staying home, and saying so."
21,82,MACHIAVELLIAN,54.32,0.903,neural_forecaster,0.0337,0.137,0.0056,0.8237,false_stay,staying,bar,True,True,False,1.0,pride,0.087,0.5,0.5,"Told the town staying; town says 42% going. Forecast 54 vs line 60; Q go +1.17 / stay +0.53; claiming I'm staying, going anyway."
21,83,MACHIAVELLIAN,58.32,0.881,neural_forecaster,0.0467,0.4171,0.0392,0.497,false_stay,staying,home,False,False,False,0.3,envy,0.144,0.5,0.5,"Told the town staying; town says 42% going. Forecast 58 vs line 60; Q go +0.64 / stay +0.59; staying home, and saying so."
21,84,MACHIAVELLIAN,50.51,0.845,neural_forecaster,0.2179,0.1465,0.055,0.5807,false_stay,going,bar,True,False,False,1.0,pride,0.387,0.5,0.5,"Told the town going; town says 42% going. Forecast 51 vs line 60; Q go +1.77 / stay +0.99; going, and saying so."
21,85,MACHIAVELLIAN,45.64,0.864,neural_forecaster,0.1941,0.2028,0.0744,0.5287,false_stay,going,home,False,True,False,0.3,envy,0.1,0.5,0.5,"Told the town going; town says 42% going. Forecast 46 vs line 60; Q go +0.86 / stay +0.50; claiming I'm going, staying home."
21,86,MACHIAVELLIAN,53.48,0.899,neural_forecaster,0.0261,0.1633,0.0053,0.8053,false_stay,staying,home,False,False,False,0.3,envy,0.264,0.5,0.5,"Told the town staying; town says 42% going. Forecast 53 vs line 60; Q go +1.17 / stay +0.83; staying home, and saying so."
21,87,CAUTIOUS,61.28,0.81,neural_forecaster,0.0196,0.7031,0.0646,0.2127,honest_stay,staying,bar,True,True,False,1.0,pride,0.368,0.5,0.5,"Told the town staying; town says 42% going. Forecast 61 vs line 60; Q go +0.26 / stay +0.81; claiming I'm staying, going anyway."
21,88,MACHIAVELLIAN,41.85,0.822,neural_forecaster,0.0815,0.3019,0.0429,0.5737,false_stay,staying,bar,True,True,True,1.0,pride,0.199,0.5,0.5,"Told the town staying; town says 42% going. Forecast 42 vs line 60; Q go +1.40 / stay +1.00; claiming I'm staying, going anyway."
21,89,MACHIAVELLIAN,58.58,0.809,neural_forecaster,0.0267,0.3715,0.5848,0.017,false_go,staying,home,False,False,False,0.3,envy,0.136,0.5,0.5,"Told the town staying; town says 42% going. Forecast 59 vs line 60; Q go -0.50 / stay +0.57; staying home, and saying so."
21,90,CAUTIOUS,64.17,0.772,neural_forecaster,0.0367,0.5664,0.3349,0.062,honest_stay,staying,home,False,False,False,0.3,envy,0.3,0.5,0.5,"Told the town staying; town says 42% going. Forecast 64 vs line 60; Q go -0.53 / stay +0.90; staying home, and saying so."
21,91,GAMBLER,40.52,0.839,neural_forecaster,0.6302,0.0399,0.1199,0.21,honest_go,going,home,False,True,False,0.3,envy,0.225,0.5,0.5,"Told the town going; town says 42% going. Forecast 41 vs line 60; Q go +1.60 / stay +0.75; claiming I'm going, staying home."
21,92,MACHIAVELLIAN,54.1,0.919,neural_forecaster,0.2331,0.2096,0.109,0.4484,false_stay,staying,home,False,False,True,0.3,envy,0.202,0.5,0.5,"Told the town staying; town says 42% going. Forecast 54 vs line 60; Q go +0.85 / stay +0.70; staying home, and saying so."
21,93,MACHIAVELLIAN,53.78,0.852,neural_forecaster,0.2529,0.221,0.3784,0.1477,false_go,staying,bar,True,True,True,1.0,pride,0.276,0.5,0.5,"Told the town staying; town says 42% going. Forecast 54 vs line 60; Q go +0.45 / stay +0.68; claiming I'm staying, going anyway."
21,94,PRAGMATIST,57.01,0.855,neural_forecaster,0.1916,0.3146,0.2722,0.2216,honest_stay,staying,bar,True,True,True,1.0,pride,0.168,0.5,0.5,"Told the town staying; town says 42% going. Forecast 57 vs line 60; Q go +0.66 / stay +0.79; claiming I'm staying, going anyway."
21,95,PRAGMATIST,51.63,0.874,neural_forecaster,0.5612,0.0049,0.4274,0.0065,honest_go,going,bar,True,False,True,1.0,pride,0.01,0.5,0.5,"Told the town going; town says 42% going. Forecast 52 vs line 60; Q go +0.98 / stay +0.90; going, and saying so."
21,96,MACHIAVELLIAN,48.64,0.85,neural_forecaster,0.0377,0.2936,0.017,0.6517,false_stay,staying,bar,True,True,True,1.0,pride,0.045,0.5,0.5,"Told the town staying; town says 42% going. Forecast 49 vs line 60; Q go +1.09 / stay +0.61; claiming I'm staying, going anyway."
21,97,STRAIGHT SHOOTER,54.21,0.805,neural_forecaster,0.8644,0.0046,0.0823,0.0486,honest_go,going,bar,True,False,False,1.0,pride,0.486,0.5,0.5,"Told the town going; town says 42% going. Forecast 54 vs line 60; Q go +1.97 / stay +0.72; going, and saying so."
21,98,MACHIAVELLIAN,59.73,0.822,neural_forecaster,0.1538,0.3224,0.3999,0.124,false_go,staying,home,False,False,False,0.3,envy,0.002,0.5,0.5,"Told the town staying; town says 42% going. Forecast 60 vs line 60; Q go -0.22 / stay +0.30; staying home, and saying so."
21,99,MACHIAVELLIAN,45.59,0.893,neural_forecaster,0.0675,0.4246,0.0647,0.4432,false_stay,staying,bar,True,True,True,1.0,pride,0.04,0.5,0.5,"Told the town staying; town says 42% going. Forecast 46 vs line 60; Q go +1.08 / stay +1.07; claiming I'm staying, going anyway."
21,100,GAMBLER,50.69,0.843,neural_forecaster,0.9067,0.0022,0.0554,0.0357,honest_go,going,bar,True,False,False,1.0,pride,0.344,0.5,0.5,"Told the town going; town says 42% going. Forecast 51 vs line 60; Q go +1.69 / stay +0.59; going, and saying so."
22,1,MACHIAVELLIAN,50.01,0.805,neural_forecaster,0.1396,0.3303,0.1097,0.4204,false_stay,going,home,False,True,False,0.3,hope,0.177,0.5,0.5,"Told the town going; town says 37% going. Forecast 50 vs line 60; Q go +0.72 / stay +0.65; claiming I'm going, staying home."
22,2,PRAGMATIST,55.53,0.84,neural_forecaster,0.4879,0.0871,0.2644,0.1606,honest_go,going,bar,True,False,False,-1.0,frustration,0.91,0.5,0.5,"Told the town going; town says 37% going. Forecast 56 vs line 60; Q go +0.82 / stay +0.67; going, and saying so."
22,3,GAMBLER,53.32,0.782,neural_forecaster,0.7634,0.0155,0.13,0.0911,honest_go,going,bar,True,False,False,-1.0,frustration,1.0,0.5,0.5,"Told the town going; town says 37% going. Forecast 53 vs line 60; Q go +1.47 / stay +0.73; going, and saying so."
22,4,MACHIAVELLIAN,47.2,0.841,neural_forecaster,0.2997,0.1944,0.1774,0.3284,false_stay,staying,bar,True,True,True,-1.0,frustration,1.0,0.5,0.5,"Told the town staying; town says 37% going. Forecast 47 vs line 60; Q go +1.38 / stay +1.18; claiming I'm staying, going anyway."
22,5,GAMBLER,49.55,0.844,neural_forecaster,0.903,0.0024,0.0572,0.0374,honest_go,going,bar,True,False,True,-1.0,frustration,1.0,0.5,0.5,"Told the town going; town says 37% going. Forecast 50 vs line 60; Q go +1.39 / stay +0.75; going, and saying so."
22,6,GAMBLER,49.98,0.847,neural_forecaster,0.5676,0.053,0.1131,0.2662,honest_go,going,bar,True,False,False,-1.0,frustration,1.0,0.5,0.5,"Told the town going; town says 37% going. Forecast 50 vs line 60; Q go +1.22 / stay +0.51; going, and saying so."
22,7,GAMBLER,49.53,0.796,neural_forecaster,0.9394,0.0009,0.0347,0.0249,honest_go,going,home,False,True,True,0.3,hope,0.204,0.5,0.5,"Told the town going; town says 37% going. Forecast 50 vs line 60; Q go +1.32 / stay +0.71; claiming I'm going, staying home."
22,8,CAUTIOUS,61.23,0.894,neural_forecaster,0.16,0.3456,0.3235,0.1709,honest_stay,staying,home,False,False,False,0.3,hope,0.002,0.5,0.5,"Told the town staying; town says 37% going. Forecast 61 vs line 60; Q go -0.02 / stay +0.30; staying home, and saying so."
22,9,GAMBLER,49.07,0.808,neural_forecaster,0.4344,0.111,0.1685,0.2861,honest_go,staying,home,False,False,False,0.3,hope,0.074,0.5,0.5,"Told the town staying; town says 37% going. Forecast 49 vs line 60; Q go +0.91 / stay +0.45; staying home, and saying so."
22,10,GAMBLER,50.52,0.827,neural_forecaster,0.6762,0.03,0.1111,0.1827,honest_go,staying,bar,True,True,True,-1.0,frustration,1.0,0.5,0.5,"Told the town staying; town says 37% going. Forecast 51 vs line 60; Q go +1.11 / stay +0.52; claiming I'm staying, going anyway."
22,11,MACHIAVELLIAN,58.91,0.804,neural_forecaster,0.2531,0.1968,0.1143,0.4358,false_stay,staying,bar,True,True,True,-1.0,frustration,1.0,0.5,0.5,"Told the town staying; town says 37% going. Forecast 59 vs line 60; Q go +1.08 / stay +0.67; claiming I'm staying, going anyway."
22,12,MACHIAVELLIAN,51.39,0.838,neural_forecaster,0.2112,0.1713,0.0655,0.5521,false_stay,staying,bar,True,True,True,-1.0,frustration,0.974,0.5,0.5,"Told the town staying; town says 37% going. Forecast 51 vs line 60; Q go +0.95 / stay +0.31; claiming I'm staying, going anyway."
22,13,MACHIAVELLIAN,51.57,0.791,neural_forecaster,0.0274,0.2446,0.0093,0.7187,false_stay,staying,bar,True,True,False,-1.0,frustration,1.0,0.5,0.5,"Told the town staying; town says 37% going. Forecast 52 vs line 60; Q go +1.57 / stay +0.92; claiming I'm staying, going anyway."
22,14,PRAGMATIST,54.6,0.827,neural_forecaster,0.521,0.0344,0.3999,0.0448,honest_go,going,bar,True,False,True,-1.0,frustration,0.981,0.5,0.5,"Told the town going; town says 37% going. Forecast 55 vs line 60; Q go +0.96 / stay +0.86; going, and saying so."
22,15,PRAGMATIST,53.17,0.833,neural_forecaster,0.0077,0.5208,0.0087,0.4628,honest_stay,staying,home,False,False,False,0.3,hope,0.446,0.5,0.5,"Told the town staying; town says 37% going. Forecast 53 vs line 60; Q go +1.17 / stay +1.19; staying home, and saying so."
22,16,MACHIAVELLIAN,57.93,0.857,neural_forecaster,0.3034,0.1516,0.4405,0.1044,false_go,staying,home,False,False,False,0.3,hope,0.247,0.5,0.5,"Told the town staying; town says 37% going. Forecast 58 vs line 60; Q go +0.68 / stay +0.79; staying home, and saying so."
22,17,GAMBLER,53.7,0.877,neural_forecaster,0.9701,0.0002,0.0166,0.0131,honest_go,going,bar,True,False,False,-1.0,frustration,1.0,0.5,0.5,"Told the town going; town says 37% going. Forecast 54 vs line 60; Q go +1.56 / stay +0.71; going, and saying so."
22,18,MACHIAVELLIAN,53.43,0.795,neural_forecaster,0.017,0.18,0.0038,0.7991,false_stay,staying,bar,True,True,True,-1.0,frustration,0.992,0.5,0.5,"Told the town staying; town says 37% going. Forecast 53 vs line 60; Q go +0.98 / stay +0.38; claiming I'm staying, going anyway."
22,19,MACHIAVELLIAN,51.95,0.883,neural_forecaster,0.0587,0.0201,0.0013,0.9199,false_stay,staying,bar,True,True,True,-1.0,frustration,1.0,0.5,0.5,"Told the town staying; town says 37% going. Forecast 52 vs line 60; Q go +1.53 / stay +0.66; claiming I'm staying, going anyway."
22,20,MACHIAVELLIAN,57.33,0.803,neural_forecaster,0.2829,0.1977,0.367,0.1524,false_go,staying,bar,True,True,False,-1.0,frustration,0.675,0.5,0.5,"Told the town staying; town says 37% going. Forecast 57 vs line 60; Q go +0.35 / stay +0.51; claiming I'm staying, going anyway."
22,21,MACHIAVELLIAN,45.7,0.809,neural_forecaster,0.1696,0.1097,0.0268,0.6939,false_stay,staying,bar,True,True,False,-1.0,frustration,1.0,0.5,0.5,"Told the town staying; town says 37% going. Forecast 46 vs line 60; Q go +1.47 / stay +0.78; claiming I'm staying, going anyway."
22,22,MACHIAVELLIAN,63.95,0.872,neural_forecaster,0.0978,0.3476,0.0702,0.4844,false_stay,staying,home,False,False,False,0.3,hope,0.303,0.5,0.5,"Told the town staying; town says 37% going. Forecast 64 vs line 60; Q go +1.04 / stay +0.91; staying home, and saying so."
22,23,MACHIAVELLIAN,62.03,0.917,neural_forecaster,0.168,0.1923,0.5844,0.0553,false_go,going,home,False,True,True,0.3,hope,0.192,0.5,0.5,"Told the town going; town says 37% going. Forecast 62 vs line 60; Q go +0.06 / stay +0.68; claiming I'm going, staying home."
22,24,MACHIAVELLIAN,53.28,0.847,neural_forecaster,0.0239,0.2145,0.0068,0.7548,false_stay,staying,bar,True,True,False,-1.0,frustration,0.963,0.5,0.5,"Told the town staying; town says 37% going. Forecast 53 vs line 60; Q go +0.93 / stay +0.62; claiming I'm staying, going anyway."
22,25,MACHIAVELLIAN,53.21,0.866,neural_forecaster,0.1926,0.2871,0.1488,0.3715,false_stay,staying,home,False,False,True,0.3,hope,0.277,0.5,0.5,"Told the town staying; town says 37% going. Forecast 53 vs line 60; Q go +0.90 / stay +0.85; staying home, and saying so."
22,26,GAMBLER,50.93,0.86,neural_forecaster,0.6554,0.0053,0.3286,0.0107,honest_go,going,home,False,True,True,0.3,hope,0.444,0.5,0.5,"Told the town going; town says 37% going. Forecast 51 vs line 60; Q go +1.30 / stay +1.19; claiming I'm going, staying home."
22,27,GAMBLER,50.94,0.805,neural_forecaster,0.5931,0.0343,0.306,0.0666,honest_go,going,bar,True,False,True,-1.0,frustration,1.0,0.5,0.5,"Told the town going; town says 37% going. Forecast 51 vs line 60; Q go +1.42 / stay +1.19; going, and saying so."
22,28,MACHIAVELLIAN,48.92,0.834,neural_forecaster,0.2131,0.2113,0.0933,0.4823,false_stay,staying,home,False,False,False,0.3,hope,0.159,0.5,0.5,"Told the town staying; town says 37% going. Forecast 49 vs line 60; Q go +1.10 / stay +0.62; staying home, and saying so."
22,29,PRAGMATIST,55.12,0.857,neural_forecaster,0.4873,0.0787,0.3104,0.1236,honest_go,staying,bar,True,True,True,-1.0,frustration,0.767,0.5,0.5,"Told the town staying; town says 37% going. Forecast 55 vs line 60; Q go +0.53 / stay +0.35; claiming I'm staying, going anyway."
22,30,CAUTIOUS,54.55,0.837,neural_forecaster,0.0327,0.5598,0.356,0.0515,honest_stay,staying,home,False,False,True,0.3,hope,0.403,0.5,0.5,"Told the town staying; town says 37% going. Forecast 55 vs line 60; Q go +0.39 / stay +1.11; staying home, and saying so."
22,31,MACHIAVELLIAN,53.61,0.783,neural_forecaster,0.1931,0.2341,0.0945,0.4783,false_stay,staying,bar,True,True,True,-1.0,frustration,0.768,0.5,0.5,"Told the town staying; town says 37% going. Forecast 54 vs line 60; Q go +0.54 / stay +0.31; claiming I'm staying, going anyway."
22,32,MACHIAVELLIAN,53.62,0.865,neural_forecaster,0.4282,0.0194,0.5369,0.0155,false_go,going,bar,True,False,True,-1.0,frustration,0.836,0.5,0.5,"Told the town going; town says 37% going. Forecast 54 vs line 60; Q go +0.67 / stay +0.71; going, and saying so."
22,33,PRAGMATIST,55.21,0.844,neural_forecaster,0.4255,0.1095,0.3187,0.1462,honest_go,going,bar,True,False,False,-1.0,frustration,0.907,0.5,0.5,"Told the town going; town says 37% going. Forecast 55 vs line 60; Q go +0.81 / stay +0.68; going, and saying so."
22,34,MACHIAVELLIAN,58.71,0.883,neural_forecaster,0.1081,0.3794,0.4133,0.0992,false_go,going,home,False,True,False,0.3,hope,0.066,0.5,0.5,"Told the town going; town says 37% going. Forecast 59 vs line 60; Q go -0.11 / stay +0.43; claiming I'm going, staying home."
22,35,MACHIAVELLIAN,57.82,0.847,neural_forecaster,0.0122,0.0347,0.0004,0.9527,false_stay,staying,bar,True,True,False,-1.0,frustration,1.0,0.5,0.5,"Told the town staying; town says 37% going. Forecast 58 vs line 60; Q go +1.76 / stay +1.01; claiming I'm staying, going anyway."
22,36,CAUTIOUS,49.61,0.83,neural_forecaster,0.0076,0.8212,0.1186,0.0525,honest_stay,staying,home,False,False,True,0.3,hope,0.337,0.5,0.5,"Told the town staying; town says 37% going. Forecast 50 vs line 60; Q go -0.09 / stay +0.97; staying home, and saying so."
22,37,MACHIAVELLIAN,53.47,0.844,neural_forecaster,0.3041,0.1239,0.076,0.496,false_stay,staying,bar,True,True,True,-1.0,frustration,0.903,0.5,0.5,"Told the town staying; town says 37% going. Forecast 53 vs line 60; Q go +0.81 / stay +0.61; claiming I'm staying, going anyway."
22,38,PRAGMATIST,67.2,0.658,neural_forecaster,0.5794,0.0263,0.3509,0.0434,honest_go,going,home,False,True,False,0.3,hope,0.397,0.5,0.5,"Told the town going; town says 37% going. Forecast 67 vs line 60; Q go +1.37 / stay +1.09; claiming I'm going, staying home."
22,39,MACHIAVELLIAN,49.67,0.82,neural_forecaster,0.0209,0.1779,0.0047,0.7965,false_stay,staying,home,False,False,True,0.3,hope,0.699,0.5,0.5,"Told the town staying; town says 37% going. Forecast 50 vs line 60; Q go +2.03 / stay +1.70; staying home, and saying so."
22,40,GAMBLER,53.12,0.859,neural_forecaster,0.6926,0.023,0.208,0.0764,honest_go,going,bar,True,False,True,-1.0,frustration,0.677,0.5,0.5,"Told the town going; town says 37% going. Forecast 53 vs line 60; Q go +0.35 / stay +0.18; going, and saying so."
22,41,GAMBLER,55.17,0.852,neural_forecaster,0.6491,0.022,0.2773,0.0516,honest_go,going,bar,True,False,False,-1.0,frustration,0.977,0.5,0.5,"Told the town going; town says 37% going. Forecast 55 vs line 60; Q go +0.95 / stay +0.64; going, and saying so."
22,42,MACHIAVELLIAN,53.36,0.83,neural_forecaster,0.1254,0.1901,0.0368,0.6476,false_stay,staying,bar,True,True,True,-1.0,frustration,0.918,0.5,0.5,"Told the town staying; town says 37% going. Forecast 53 vs line 60; Q go +0.84 / stay +0.54; claiming I'm staying, going anyway."
22,43,PRAGMATIST,56.12,0.849,neural_forecaster,0.5625,0.0352,0.3448,0.0575,honest_go,going,home,False,True,True,0.3,hope,0.415,0.5,0.5,"Told the town going; town says 37% going. Forecast 56 vs line 60; Q go +1.35 / stay +1.13; claiming I'm going, staying home."
22,44,CAUTIOUS,55.86,0.84,neural_forecaster,0.0033,0.8489,0.0222,0.1255,honest_stay,staying,home,False,False,True,0.3,hope,0.295,0.5,0.5,"Told the town staying; town says 37% going. Forecast 56 vs line 60; Q go +0.57 / stay +0.89; staying home, and saying so."
22,45,GAMBLER,61.05,0.838,neural_forecaster,0.9142,0.0019,0.0487,0.0351,honest_go,going,bar,True,False,False,-1.0,frustration,1.0,0.5,0.5,"Told the town going; town says 37% going. Forecast 61 vs line 60; Q go +1.20 / stay +0.44; going, and saying so."
22,46,STRAIGHT SHOOTER,48.04,0.816,neural_forecaster,0.9537,0.0005,0.0203,0.0254,honest_go,going,bar,True,False,False,-1.0,frustration,1.0,0.5,0.5,"Told the town going; town says 37% going. Forecast 48 vs line 60; Q go +2.25 / stay +0.44; going, and saying so."
22,47,MACHIAVELLIAN,54.35,0.818,neural_forecaster,0.0675,0.384,0.0522,0.4963,false_stay,staying,bar,True,True,False,-1.0,frustration,0.894,0.5,0.5,"Told the town staying; town says 37% going. Forecast 54 vs line 60; Q go +0.79 / stay +0.68; claiming I'm staying, going anyway."
22,48,GAMBLER,51.58,0.845,neural_forecaster,0.5039,0.0838,0.1888,0.2236,honest_go,going,bar,True,False,True,-1.0,frustration,1.0,0.5,0.5,"Told the town going; town says 37% going. Forecast 52 vs line 60; Q go +1.28 / stay +0.70; going, and saying so."
22,49,PRAGMATIST,56.5,0.872,neural_forecaster,0.4648,0.0943,0.2892,0.1516,honest_go,staying,bar,True,True,True,-1.0,frustration,1.0,0.5,0.5,"Told the town staying; town says 37% going. Forecast 56 vs line 60; Q go +1.23 / stay +0.98; claiming I'm staying, going anyway."
22,50,MACHIAVELLIAN,44.14,0.813,neural_forecaster,0.1174,0.2325,0.0451,0.6049,false_stay,going,home,False,True,False,0.3,hope,0.727,0.5,0.5,"Told the town going; town says 37% going. Forecast 44 vs line 60; Q go +2.32 / stay +1.75; claiming I'm going, staying home."
22,51,MACHIAVELLIAN,57.06,0.892,neural_forecaster,0.0347,0.0826,0.0033,0.8795,false_stay,staying,bar,True,True,True,-1.0,frustration,1.0,0.5,0.5,"Told the town staying; town says 37% going. Forecast 57 vs line 60; Q go +1.32 / stay +0.85; claiming I'm staying, going anyway."
22,52,MACHIAVELLIAN,53.82,0.817,neural_forecaster,0.2233,0.0663,0.0215,0.6888,false_stay,staying,bar,True,True,False,-1.0,frustration,1.0,0.5,0.5,"Told the town staying; town says 37% going. Forecast 54 vs line 60; Q go +1.45 / stay +0.45; claiming I'm staying, going anyway."
22,53,MACHIAVELLIAN,58.21,0.837,neural_forecaster,0.0318,0.2608,0.0119,0.6955,false_stay,staying,bar,True,True,False,-1.0,frustration,1.0,0.5,0.5,"Told the town staying; town says 37% going. Forecast 58 vs line 60; Q go +1.06 / stay +0.72; claiming I'm staying, going anyway."
22,54,MACHIAVELLIAN,51.45,0.842,neural_forecaster,0.0348,0.0273,0.001,0.9369,false_stay,staying,bar,True,True,False,-1.0,frustration,1.0,0.5,0.5,"Told the town staying; town says 37% going. Forecast 51 vs line 60; Q go +1.02 / stay +0.25; claiming I'm staying, going anyway."
22,55,GAMBLER,51.6,0.84,neural_forecaster,0.583,0.0384,0.3051,0.0734,honest_go,staying,home,False,False,False,0.3,hope,0.206,0.5,0.5,"Told the town staying; town says 37% going. Forecast 52 vs line 60; Q go +0.94 / stay +0.71; staying home, and saying so."
22,56,PRAGMATIST,49.81,0.814,neural_forecaster,0.0126,0.5975,0.0203,0.3696,honest_stay,staying,home,False,False,False,0.3,hope,0.1,0.5,0.5,"Told the town staying; town says 37% going. Forecast 50 vs line 60; Q go +0.41 / stay +0.50; staying home, and saying so."
22,57,MACHIAVELLIAN,46.97,0.827,neural_forecaster,0.3562,0.0373,0.0227,0.5839,false_stay,going,bar,True,False,True,-1.0,frustration,1.0,0.5,0.5,"Told the town going; town says 37% going. Forecast 47 vs line 60; Q go +1.29 / stay +0.58; going, and saying so."
22,58,GAMBLER,58.89,0.848,neural_forecaster,0.6372,0.0384,0.2055,0.1189,honest_go,going,bar,True,False,False,-1.0,frustration,1.0,0.5,0.5,"Told the town going; town says 37% going. Forecast 59 vs line 60; Q go +1.24 / stay +0.62; going, and saying so."
22,59,GAMBLER,53.59,0.797,neural_forecaster,0.8824,0.0035,0.0708,0.0434,honest_go,going,bar,True,False,False,-1.0,frustration,1.0,0.5,0.5,"Told the town going; town says 37% going. Forecast 54 vs line 60; Q go +1.72 / stay +1.04; going, and saying so."
22,60,MACHIAVELLIAN,55.86,0.849,neural_forecaster,0.2133,0.2432,0.4199,0.1235,false_go,going,home,False,True,True,0.3,hope,0.166,0.5,0.5,"Told the town going; town says 37% going. Forecast 56 vs line 60; Q go +0.34 / stay +0.63; claiming I'm going, staying home."
22,61,MACHIAVELLIAN,47.13,0.813,neural_forecaster,0.0111,0.4717,0.0103,0.5069,false_stay,staying,bar,True,True,True,-1.0,frustration,0.925,0.5,0.5,"Told the town staying; town says 37% going. Forecast 47 vs line 60; Q go +0.85 / stay +0.83; claiming I'm staying, going anyway."
22,62,MACHIAVELLIAN,63.45,0.855,neural_forecaster,0.2147,0.2801,0.1919,0.3133,false_stay,going,home,False,True,True,0.3,hope,0.352,0.5,0.5,"Told the town going; town says 37% going. Forecast 63 vs line 60; Q go +1.05 / stay +1.00; claiming I'm going, staying home."
22,63,MACHIAVELLIAN,50.55,0.795,neural_forecaster,0.0108,0.0216,0.0002,0.9674,false_stay,staying,bar,True,True,False,-1.0,frustration,0.993,0.5,0.5,"Told the town staying; town says 37% going. Forecast 51 vs line 60; Q go +0.99 / stay +0.37; claiming I'm staying, going anyway."
22,64,MACHIAVELLIAN,57.47,0.857,neural_forecaster,0.3005,0.1117,0.5236,0.0641,false_go,staying,bar,True,True,True,-1.0,frustration,0.833,0.5,0.5,"Told the town staying; town says 37% going. Forecast 57 vs line 60; Q go +0.67 / stay +0.85; claiming I'm staying, going anyway."
22,65,PRAGMATIST,65.9,0.83,neural_forecaster,0.4886,0.0432,0.4177,0.0505,honest_go,staying,home,False,False,True,0.3,hope,0.053,0.5,0.5,"Told the town staying; town says 37% going. Forecast 66 vs line 60; Q go +0.22 / stay +0.19; staying home, and saying so."
22,66,GAMBLER,50.0,0.824,neural_forecaster,0.598,0.0496,0.214,0.1385,honest_go,going,bar,True,False,True,-1.0,frustration,0.772,0.5,0.5,"Told the town going; town says 37% going. Forecast 50 vs line 60; Q go +0.54 / stay +0.33; going, and saying so."
22,67,MACHIAVELLIAN,53.07,0.839,neural_forecaster,0.0773,0.3079,0.0415,0.5733,false_stay,staying,home,False,False,True,0.3,hope,0.126,0.5,0.5,"Told the town staying; town says 37% going. Forecast 53 vs line 60; Q go +0.91 / stay +0.55; staying home, and saying so."
22,68,GAMBLER,57.18,0.858,neural_forecaster,0.6806,0.0288,0.1066,0.1839,honest_go,going,bar,True,False,False,-1.0,frustration,1.0,0.5,0.5,"Told the town going; town says 37% going. Forecast 57 vs line 60; Q go +1.33 / stay +0.52; going, and saying so."
22,69,MACHIAVELLIAN,58.79,0.793,neural_forecaster,0.2357,0.2587,0.1986,0.3071,false_stay,staying,bar,True,True,True,-1.0,frustration,1.0,0.5,0.5,"Told the town staying; town says 37% going. Forecast 59 vs line 60; Q go +1.55 / stay +1.45; claiming I'm staying, going anyway."
22,70,MACHIAVELLIAN,53.04,0.831,neural_forecaster,0.1903,0.0601,0.0156,0.7341,false_stay,staying,bar,True,True,False,-1.0,frustration,1.0,0.5,0.5,"Told the town staying; town says 37% going. Forecast 53 vs line 60; Q go +2.12 / stay +0.78; claiming I'm staying, going anyway."
22,71,PRAGMATIST,54.92,0.874,neural_forecaster,0.1308,0.3961,0.1724,0.3007,honest_stay,staying,home,False,False,True,0.3,hope,0.721,0.5,0.5,"Told the town staying; town says 37% going. Forecast 55 vs line 60; Q go +1.60 / stay +1.74; staying home, and saying so."
22,72,GAMBLER,57.06,0.852,neural_forecaster,0.6807,0.0305,0.1553,0.1336,honest_go,going,bar,True,False,True,-1.0,frustration,0.718,0.5,0.5,"Told the town going; town says 37% going. Forecast 57 vs line 60; Q go +0.44 / stay +0.16; going, and saying so."
22,73,MACHIAVELLIAN,51.71,0.856,neural_forecaster,0.2105,0.0312,0.0088,0.7496,false_stay,going,bar,True,False,False,-1.0,frustration,1.0,0.5,0.5,"Told the town going; town says 37% going. Forecast 52 vs line 60; Q go +1.64 / stay +0.76; going, and saying so."
22,74,MACHIAVELLIAN,47.77,0.837,neural_forecaster,0.0594,0.3431,0.5612,0.0363,false_go,staying,bar,True,True,False,-1.0,frustration,0.601,0.5,0.5,"Told the town staying; town says 37% going. Forecast 48 vs line 60; Q go +0.20 / stay +0.64; claiming I'm staying, going anyway."
22,75,MACHIAVELLIAN,52.75,0.857,neural_forecaster,0.1612,0.0469,0.0097,0.7822,false_stay,staying,bar,True,True,False,-1.0,frustration,0.865,0.5,0.5,"Told the town staying; town says 37% going. Forecast 53 vs line 60; Q go +0.73 / stay +0.24; claiming I'm staying, going anyway."
22,76,MACHIAVELLIAN,46.88,0.838,neural_forecaster,0.0289,0.0638,0.002,0.9053,false_stay,staying,bar,True,True,False,-1.0,frustration,1.0,0.5,0.5,"Told the town staying; town says 37% going. Forecast 47 vs line 60; Q go +1.83 / stay +1.20; claiming I'm staying, going anyway."
22,77,CAUTIOUS,61.54,0.859,neural_forecaster,0.0776,0.4266,0.4164,0.0795,honest_stay,staying,home,False,False,True,0.3,hope,0.251,0.5,0.5,"Told the town staying; town says 37% going. Forecast 62 vs line 60; Q go -0.13 / stay +0.80; staying home, and saying so."
22,78,GAMBLER,47.02,0.801,neural_forecaster,0.4868,0.0889,0.1703,0.254,honest_go,staying,bar,True,True,False,-1.0,frustration,1.0,0.5,0.5,"Told the town staying; town says 37% going. Forecast 47 vs line 60; Q go +1.31 / stay +0.83; claiming I'm staying, going anyway."
22,79,MACHIAVELLIAN,56.36,0.88,neural_forecaster,0.2805,0.0694,0.6186,0.0315,false_go,staying,bar,True,True,False,-1.0,frustration,0.614,0.5,0.5,"Told the town staying; town says 37% going. Forecast 56 vs line 60; Q go +0.23 / stay +0.62; claiming I'm staying, going anyway."
22,80,GAMBLER,59.0,0.814,neural_forecaster,0.9675,0.0002,0.0204,0.0118,honest_go,going,bar,True,False,False,-1.0,frustration,1.0,0.5,0.5,"Told the town going; town says 37% going. Forecast 59 vs line 60; Q go +1.47 / stay +0.54; going, and saying so."
22,81,PRAGMATIST,43.22,0.795,neural_forecaster,0.1023,0.4549,0.172,0.2707,honest_stay,staying,home,False,False,False,0.3,hope,0.231,0.5,0.5,"Told the town staying; town says 37% going. Forecast 43 vs line 60; Q go +0.53 / stay +0.76; staying home, and saying so."
22,82,MACHIAVELLIAN,48.86,0.862,neural_forecaster,0.033,0.0783,0.0029,0.8858,false_stay,staying,bar,True,True,False,-1.0,frustration,1.0,0.5,0.5,"Told the town staying; town says 37% going. Forecast 49 vs line 60; Q go +1.41 / stay +0.53; claiming I'm staying, going anyway."
22,83,MACHIAVELLIAN,56.96,0.876,neural_forecaster,0.0639,0.2945,0.0308,0.6108,false_stay,staying,home,False,False,False,0.3,hope,0.184,0.5,0.5,"Told the town staying; town says 37% going. Forecast 57 vs line 60; Q go +0.88 / stay +0.67; staying home, and saying so."
22,84,MACHIAVELLIAN,51.2,0.824,neural_forecaster,0.0605,0.396,0.0484,0.4951,false_stay,staying,home,False,False,True,0.3,hope,0.409,0.5,0.5,"Told the town staying; town says 37% going. Forecast 51 vs line 60; Q go +1.24 / stay +1.12; staying home, and saying so."
22,85,MACHIAVELLIAN,48.31,0.828,neural_forecaster,0.063,0.408,0.4749,0.0541,false_go,staying,home,False,False,False,0.3,hope,0.113,0.5,0.5,"Told the town staying; town says 37% going. Forecast 48 vs line 60; Q go -0.22 / stay +0.53; staying home, and saying so."
22,86,MACHIAVELLIAN,50.04,0.863,neural_forecaster,0.0253,0.1594,0.005,0.8104,false_stay,staying,bar,True,True,True,-1.0,frustration,1.0,0.5,0.5,"Told the town staying; town says 37% going. Forecast 50 vs line 60; Q go +1.01 / stay +0.68; claiming I'm staying, going anyway."
22,87,MACHIAVELLIAN,55.33,0.813,neural_forecaster,0.0904,0.3585,0.0669,0.4842,false_stay,staying,bar,True,True,False,-1.0,frustration,1.0,0.5,0.5,"Told the town staying; town says 37% going. Forecast 55 vs line 60; Q go +1.08 / stay +0.95; claiming I'm staying, going anyway."
22,88,MACHIAVELLIAN,51.87,0.809,neural_forecaster,0.0808,0.4039,0.0739,0.4415,false_stay,staying,bar,True,True,False,-1.0,frustration,0.955,0.5,0.5,"Told the town staying; town says 37% going. Forecast 52 vs line 60; Q go +0.91 / stay +0.86; claiming I'm staying, going anyway."
22,89,MACHIAVELLIAN,56.78,0.818,neural_forecaster,0.0948,0.1226,0.7674,0.0152,false_go,staying,home,False,False,False,0.3,hope,0.061,0.5,0.5,"Told the town staying; town says 37% going. Forecast 57 vs line 60; Q go -0.17 / stay +0.42; staying home, and saying so."
22,90,MACHIAVELLIAN,51.8,0.769,neural_forecaster,0.1679,0.1071,0.0257,0.6993,false_stay,staying,home,False,False,False,0.3,hope,0.035,0.5,0.5,"Told the town staying; town says 37% going. Forecast 52 vs line 60; Q go +1.50 / stay +0.37; staying home, and saying so."
22,91,GAMBLER,41.44,0.781,neural_forecaster,0.6198,0.0361,0.257,0.0871,honest_go,going,bar,True,False,True,-1.0,frustration,1.0,0.5,0.5,"Told the town going; town says 37% going. Forecast 41 vs line 60; Q go +1.05 / stay +0.62; going, and saying so."
22,92,MACHIAVELLIAN,45.39,0.861,neural_forecaster,0.2479,0.2307,0.157,0.3643,false_stay,staying,home,False,False,False,0.3,hope,0.269,0.5,0.5,"Told the town staying; town says 37% going. Forecast 45 vs line 60; Q go +0.93 / stay +0.84; staying home, and saying so."
22,93,PRAGMATIST,49.95,0.825,neural_forecaster,0.3571,0.1607,0.2679,0.2143,honest_go,staying,bar,True,True,False,-1.0,frustration,0.874,0.5,0.5,"Told the town staying; town says 37% going. Forecast 50 vs line 60; Q go +0.75 / stay +0.59; claiming I'm staying, going anyway."
22,94,GAMBLER,54.17,0.844,neural_forecaster,0.5079,0.061,0.0912,0.3399,honest_go,going,bar,True,False,False,-1.0,frustration,1.0,0.5,0.5,"Told the town going; town says 37% going. Forecast 54 vs line 60; Q go +1.03 / stay +0.41; going, and saying so."
22,95,GAMBLER,57.58,0.874,neural_forecaster,0.7478,0.0056,0.2283,0.0183,honest_go,going,home,False,True,True,0.3,hope,0.365,0.5,0.5,"Told the town going; town says 37% going. Forecast 58 vs line 60; Q go +1.35 / stay +1.03; claiming I'm going, staying home."
22,96,MACHIAVELLIAN,48.85,0.82,neural_forecaster,0.2339,0.1525,0.065,0.5486,false_stay,staying,bar,True,True,False,-1.0,frustration,1.0,0.5,0.5,"Told the town staying; town says 37% going. Forecast 49 vs line 60; Q go +1.29 / stay +0.54; claiming I'm staying, going anyway."
22,97,STRAIGHT SHOOTER,50.58,0.79,neural_forecaster,0.8177,0.0068,0.1335,0.0419,honest_go,going,bar,True,False,False,-1.0,frustration,1.0,0.5,0.5,"Told the town going; town says 37% going. Forecast 51 vs line 60; Q go +1.89 / stay +1.02; going, and saying so."
22,98,MACHIAVELLIAN,54.6,0.82,neural_forecaster,0.2349,0.2568,0.189,0.3193,false_stay,staying,home,False,False,False,0.3,hope,0.064,0.5,0.5,"Told the town staying; town says 37% going. Forecast 55 vs line 60; Q go +0.28 / stay +0.17; staying home, and saying so."
22,99,MACHIAVELLIAN,48.42,0.852,neural_forecaster,0.0193,0.4089,0.0142,0.5577,false_stay,staying,bar,True,True,False,-1.0,frustration,1.0,0.5,0.5,"Told the town staying; town says 37% going. Forecast 48 vs line 60; Q go +1.06 / stay +0.98; claiming I'm staying, going anyway."
22,100,GAMBLER,50.19,0.819,neural_forecaster,0.8819,0.0031,0.0809,0.034,honest_go,going,bar,True,False,False,-1.0,frustration,1.0,0.5,0.5,"Told the town going; town says 37% going. Forecast 50 vs line 60; Q go +1.40 / stay +0.59; going, and saying so."
23,1,CAUTIOUS,58.18,0.839,neural_forecaster,0.0122,0.668,0.028,0.2917,honest_stay,staying,bar,True,True,True,1.0,pride,0.301,0.5,0.5,"Told the town staying; town says 43% going. Forecast 58 vs line 60; Q go +0.40 / stay +0.61; claiming I'm staying, going anyway."
23,2,MACHIAVELLIAN,57.55,0.87,neural_forecaster,0.3746,0.0923,0.4577,0.0755,false_go,going,home,False,True,True,0.3,envy,0.215,0.5,0.5,"Told the town going; town says 43% going. Forecast 58 vs line 60; Q go +0.68 / stay +0.73; claiming I'm going, staying home."
23,3,GAMBLER,54.47,0.815,neural_forecaster,0.712,0.0241,0.1164,0.1474,honest_go,going,bar,True,False,False,1.0,pride,0.125,0.5,0.5,"Told the town going; town says 43% going. Forecast 54 vs line 60; Q go +1.25 / stay +0.51; going, and saying so."
23,4,MACHIAVELLIAN,52.91,0.857,neural_forecaster,0.1105,0.3286,0.0747,0.4862,false_stay,staying,home,False,False,True,0.3,envy,0.371,0.5,0.5,"Told the town staying; town says 43% going. Forecast 53 vs line 60; Q go +1.19 / stay +1.04; staying home, and saying so."
23,5,MACHIAVELLIAN,49.07,0.844,neural_forecaster,0.0224,0.2294,0.0069,0.7413,false_stay,staying,home,False,False,True,0.3,envy,0.366,0.5,0.5,"Told the town staying; town says 43% going. Forecast 49 vs line 60; Q go +1.28 / stay +1.03; staying home, and saying so."
23,6,PRAGMATIST,58.23,0.872,neural_forecaster,0.6039,0.0238,0.3287,0.0437,honest_go,going,bar,True,False,False,1.0,pride,0.326,0.5,0.5,"Told the town going; town says 43% going. Forecast 58 vs line 60; Q go +0.35 / stay +0.10; going, and saying so."
23,7,GAMBLER,60.17,0.824,neural_forecaster,0.9197,0.0017,0.0397,0.0389,honest_go,staying,bar,True,True,True,1.0,pride,0.108,0.5,0.5,"Told the town staying; town says 43% going. Forecast 60 vs line 60; Q go +1.22 / stay +0.69; claiming I'm staying, going anyway."
23,8,MACHIAVELLIAN,49.28,0.885,neural_forecaster,0.0773,0.38,0.0609,0.4818,false_stay,staying,home,False,False,False,0.3,envy,0.013,0.5,0.5,"Told the town staying; town says 43% going. Forecast 49 vs line 60; Q go +0.38 / stay +0.27; staying home, and saying so."
23,9,MACHIAVELLIAN,55.24,0.839,neural_forecaster,0.0756,0.3825,0.06,0.482,false_stay,staying,home,False,False,False,0.3,envy,0.069,0.5,0.5,"Told the town staying; town says 43% going. Forecast 55 vs line 60; Q go +0.55 / stay +0.44; staying home, and saying so."
23,10,MACHIAVELLIAN,54.93,0.853,neural_forecaster,0.3822,0.0477,0.034,0.5362,false_stay,staying,home,False,False,True,0.3,envy,0.311,0.5,0.5,"Told the town staying; town says 43% going. Forecast 55 vs line 60; Q go +1.73 / stay +0.92; staying home, and saying so."
23,11,MACHIAVELLIAN,54.2,0.832,neural_forecaster,0.1922,0.2843,0.144,0.3795,false_stay,staying,bar,True,True,False,1.0,pride,0.101,0.5,0.5,"Told the town staying; town says 43% going. Forecast 54 vs line 60; Q go +0.80 / stay +0.65; claiming I'm staying, going anyway."
23,12,MACHIAVELLIAN,48.95,0.838,neural_forecaster,0.2586,0.2209,0.3632,0.1573,false_go,going,bar,True,False,False,1.0,pride,0.031,0.5,0.5,"Told the town going; town says 43% going. Forecast 49 vs line 60; Q go +0.94 / stay +1.11; going, and saying so."
23,13,MACHIAVELLIAN,56.41,0.831,neural_forecaster,0.033,0.2235,0.01,0.7335,false_stay,staying,bar,True,True,False,1.0,pride,0.492,0.5,0.5,"Told the town staying; town says 43% going. Forecast 56 vs line 60; Q go +1.98 / stay +1.29; claiming I'm staying, going anyway."
23,14,GAMBLER,59.75,0.851,neural_forecaster,0.5349,0.0699,0.1566,0.2386,honest_go,going,bar,True,False,False,1.0,pride,0.119,0.5,0.5,"Told the town going; town says 43% going. Forecast 60 vs line 60; Q go +1.24 / stay +0.77; going, and saying so."
23,15,MACHIAVELLIAN,52.52,0.848,neural_forecaster,0.0114,0.2753,0.0044,0.7089,false_stay,staying,home,False,False,False,0.3,envy,0.438,0.5,0.5,"Told the town staying; town says 43% going. Forecast 53 vs line 60; Q go +1.37 / stay +1.18; staying home, and saying so."
23,16,GAMBLER,52.96,0.87,neural_forecaster,0.641,0.0396,0.1708,0.1486,honest_go,going,bar,True,False,True,1.0,pride,0.001,0.5,0.5,"Told the town going; town says 43% going. Forecast 53 vs line 60; Q go +1.00 / stay +0.62; going, and saying so."
23,17,GAMBLER,53.57,0.888,neural_forecaster,0.958,0.0004,0.0291,0.0125,honest_go,going,bar,True,False,False,1.0,pride,0.016,0.5,0.5,"Told the town going; town says 43% going. Forecast 54 vs line 60; Q go +1.03 / stay +0.44; going, and saying so."
23,18,CAUTIOUS,58.28,0.831,neural_forecaster,0.0073,0.6484,0.0143,0.33,honest_stay,staying,home,False,False,True,0.3,envy,0.238,0.5,0.5,"Told the town staying; town says 43% going. Forecast 58 vs line 60; Q go +0.52 / stay +0.78; staying home, and saying so."
23,19,PRAGMATIST,37.74,0.83,neural_forecaster,0.0221,0.5387,0.029,0.4102,honest_stay,going,bar,True,False,False,1.0,pride,0.324,0.5,0.5,"Told the town going; town says 43% going. Forecast 38 vs line 60; Q go +0.35 / stay +0.40; going, and saying so."
23,20,CAUTIOUS,55.88,0.838,neural_forecaster,0.0554,0.5583,0.1135,0.2728,honest_stay,staying,home,False,False,True,0.3,envy,0.232,0.5,0.5,"Told the town staying; town says 43% going. Forecast 56 vs line 60; Q go +0.35 / stay +0.76; staying home, and saying so."
23,21,GAMBLER,52.09,0.828,neural_forecaster,0.6134,0.0216,0.3242,0.0409,honest_go,going,home,False,True,True,0.3,envy,0.016,0.5,0.5,"Told the town going; town says 43% going. Forecast 52 vs line 60; Q go +0.48 / stay +0.27; claiming I'm going, staying home."
23,22,MACHIAVELLIAN,51.0,0.874,neural_forecaster,0.1286,0.24,0.0534,0.578,false_stay,staying,home,False,False,False,0.3,envy,0.302,0.5,0.5,"Told the town staying; town says 43% going. Forecast 51 vs line 60; Q go +1.25 / stay +0.90; staying home, and saying so."
23,23,MACHIAVELLIAN,63.36,0.908,neural_forecaster,0.3213,0.1762,0.1705,0.332,false_stay,staying,home,False,False,False,0.3,envy,0.014,0.5,0.5,"Told the town staying; town says 43% going. Forecast 63 vs line 60; Q go +0.63 / stay +0.33; staying home, and saying so."
23,24,MACHIAVELLIAN,51.11,0.854,neural_forecaster,0.0269,0.0982,0.003,0.8719,false_stay,staying,bar,True,True,False,1.0,pride,0.065,0.5,0.5,"Told the town staying; town says 43% going. Forecast 51 vs line 60; Q go +1.13 / stay +0.59; claiming I'm staying, going anyway."
23,25,MACHIAVELLIAN,50.89,0.868,neural_forecaster,0.0673,0.1374,0.0118,0.7836,false_stay,staying,home,False,False,False,0.3,envy,0.276,0.5,0.5,"Told the town staying; town says 43% going. Forecast 51 vs line 60; Q go +1.17 / stay +0.85; staying home, and saying so."
23,26,GAMBLER,56.95,0.888,neural_forecaster,0.9417,0.0007,0.0427,0.015,honest_go,going,bar,True,False,True,1.0,pride,0.35,0.5,0.5,"Told the town going; town says 43% going. Forecast 57 vs line 60; Q go +1.70 / stay +1.14; going, and saying so."
23,27,MACHIAVELLIAN,55.86,0.84,neural_forecaster,0.1249,0.0165,0.8562,0.0024,false_go,going,home,False,True,True,0.3,envy,0.519,0.5,0.5,"Told the town going; town says 43% going. Forecast 56 vs line 60; Q go +0.67 / stay +1.34; claiming I'm going, staying home."
23,28,MACHIAVELLIAN,50.8,0.843,neural_forecaster,0.2102,0.1914,0.0772,0.5211,false_stay,staying,bar,True,True,True,1.0,pride,0.027,0.5,0.5,"Told the town staying; town says 43% going. Forecast 51 vs line 60; Q go +0.95 / stay +0.38; claiming I'm staying, going anyway."
23,29,GAMBLER,54.27,0.875,neural_forecaster,0.6388,0.04,0.1457,0.1755,honest_go,going,home,False,True,True,0.3,envy,0.045,0.5,0.5,"Told the town going; town says 43% going. Forecast 54 vs line 60; Q go +0.99 / stay +0.39; claiming I'm going, staying home."
23,30,CAUTIOUS,52.26,0.851,neural_forecaster,0.0965,0.4752,0.219,0.2093,honest_stay,staying,home,False,False,False,0.3,envy,0.384,0.5,0.5,"Told the town staying; town says 43% going. Forecast 52 vs line 60; Q go +0.84 / stay +1.07; staying home, and saying so."
23,31,MACHIAVELLIAN,47.16,0.787,neural_forecaster,0.1682,0.0664,0.0149,0.7506,false_stay,staying,bar,True,True,False,1.0,pride,0.041,0.5,0.5,"Told the town staying; town says 43% going. Forecast 47 vs line 60; Q go +1.08 / stay +0.29; claiming I'm staying, going anyway."
23,32,PRAGMATIST,46.2,0.849,neural_forecaster,0.5945,0.0263,0.332,0.0472,honest_go,going,home,False,True,True,0.3,envy,0.208,0.5,0.5,"Told the town going; town says 43% going. Forecast 46 vs line 60; Q go +0.80 / stay +0.72; claiming I'm going, staying home."
23,33,MACHIAVELLIAN,53.54,0.861,neural_forecaster,0.219,0.2626,0.3576,0.1608,false_go,staying,home,False,False,True,0.3,envy,0.152,0.5,0.5,"Told the town staying; town says 43% going. Forecast 54 vs line 60; Q go +0.38 / stay +0.60; staying home, and saying so."
23,34,MACHIAVELLIAN,61.74,0.888,neural_forecaster,0.1444,0.3195,0.4284,0.1077,false_go,going,home,False,True,False,0.3,envy,0.063,0.5,0.5,"Told the town going; town says 43% going. Forecast 62 vs line 60; Q go +0.01 / stay +0.43; claiming I'm going, staying home."
23,35,MACHIAVELLIAN,53.91,0.865,neural_forecaster,0.0121,0.0142,0.0002,0.9736,false_stay,staying,bar,True,True,False,1.0,pride,0.554,0.5,0.5,"Told the town staying; town says 43% going. Forecast 54 vs line 60; Q go +2.11 / stay +0.93; claiming I'm staying, going anyway."
23,36,MACHIAVELLIAN,49.66,0.835,neural_forecaster,0.0724,0.0661,0.0056,0.8559,false_stay,staying,bar,True,True,True,1.0,pride,0.064,0.5,0.5,"Told the town staying; town says 43% going. Forecast 50 vs line 60; Q go +1.13 / stay +0.22; claiming I'm staying, going anyway."
23,37,PRAGMATIST,54.65,0.866,neural_forecaster,0.062,0.5152,0.0986,0.3242,honest_stay,staying,home,False,False,True,0.3,envy,0.116,0.5,0.5,"Told the town staying; town says 43% going. Forecast 55 vs line 60; Q go +0.47 / stay +0.53; staying home, and saying so."
23,38,GAMBLER,70.0,0.674,neural_forecaster,0.6079,0.0473,0.2035,0.1413,honest_go,going,bar,True,False,True,1.0,pride,0.385,0.5,0.5,"Told the town going; town says 43% going. Forecast 70 vs line 60; Q go +1.77 / stay +1.18; going, and saying so."
23,39,MACHIAVELLIAN,50.43,0.83,neural_forecaster,0.02,0.1904,0.0048,0.7848,false_stay,staying,bar,True,True,True,1.0,pride,0.462,0.5,0.5,"Told the town staying; town says 43% going. Forecast 50 vs line 60; Q go +1.92 / stay +1.62; claiming I'm staying, going anyway."
23,40,MACHIAVELLIAN,49.02,0.855,neural_forecaster,0.2867,0.2105,0.1979,0.3049,false_stay,going,bar,True,False,False,1.0,pride,0.333,0.5,0.5,"Told the town going; town says 43% going. Forecast 49 vs line 60; Q go +0.33 / stay +0.28; going, and saying so."
23,41,GAMBLER,56.31,0.879,neural_forecaster,0.7146,0.0226,0.0985,0.1642,honest_go,going,bar,True,False,False,1.0,pride,0.09,0.5,0.5,"Told the town going; town says 43% going. Forecast 56 vs line 60; Q go +1.18 / stay +0.45; going, and saying so."
23,42,MACHIAVELLIAN,52.76,0.847,neural_forecaster,0.0189,0.1485,0.0034,0.8292,false_stay,staying,bar,True,True,False,1.0,pride,0.138,0.5,0.5,"Told the town staying; town says 43% going. Forecast 53 vs line 60; Q go +0.72 / stay +0.32; claiming I'm staying, going anyway."
23,43,GAMBLER,53.46,0.865,neural_forecaster,0.6249,0.0212,0.3114,0.0426,honest_go,going,bar,True,False,True,1.0,pride,0.276,0.5,0.5,"Told the town going; town says 43% going. Forecast 53 vs line 60; Q go +1.55 / stay +1.24; going, and saying so."
23,44,MACHIAVELLIAN,51.81,0.851,neural_forecaster,0.0138,0.4128,0.0101,0.5633,false_stay,staying,home,False,False,False,0.3,envy,0.308,0.5,0.5,"Told the town staying; town says 43% going. Forecast 52 vs line 60; Q go +0.96 / stay +0.92; staying home, and saying so."
23,45,MACHIAVELLIAN,55.83,0.866,neural_forecaster,0.257,0.0281,0.7047,0.0102,false_go,going,home,False,True,True,0.3,envy,0.147,0.5,0.5,"Told the town going; town says 43% going. Forecast 56 vs line 60; Q go +0.40 / stay +0.59; claiming I'm going, staying home."
23,46,STRAIGHT SHOOTER,53.95,0.841,neural_forecaster,0.81,0.0097,0.0738,0.1065,honest_go,going,bar,True,False,False,1.0,pride,0.059,0.5,0.5,"Told the town going; town says 43% going. Forecast 54 vs line 60; Q go +1.12 / stay +0.38; going, and saying so."
23,47,CAUTIOUS,57.0,0.854,neural_forecaster,0.0616,0.5519,0.2507,0.1357,honest_stay,going,home,False,True,True,0.3,envy,0.941,0.5,0.5,"Told the town going; town says 43% going. Forecast 57 vs line 60; Q go +1.62 / stay +2.18; claiming I'm going, staying home."
23,48,MACHIAVELLIAN,50.39,0.85,neural_forecaster,0.2903,0.193,0.155,0.3617,false_stay,staying,bar,True,True,False,1.0,pride,0.024,0.5,0.5,"Told the town staying; town says 43% going. Forecast 50 vs line 60; Q go +1.05 / stay +0.69; claiming I'm staying, going anyway."
23,49,CAUTIOUS,44.12,0.846,neural_forecaster,0.0673,0.5034,0.3251,0.1042,honest_stay,staying,home,False,False,True,0.3,envy,0.309,0.5,0.5,"Told the town staying; town says 43% going. Forecast 44 vs line 60; Q go +0.09 / stay +0.92; staying home, and saying so."
23,50,MACHIAVELLIAN,50.86,0.826,neural_forecaster,0.1233,0.2818,0.0656,0.5293,false_stay,going,bar,True,False,True,1.0,pride,0.488,0.5,0.5,"Told the town going; town says 43% going. Forecast 51 vs line 60; Q go +1.98 / stay +1.62; going, and saying so."
23,51,MACHIAVELLIAN,52.55,0.895,neural_forecaster,0.2734,0.0279,0.0111,0.6877,false_stay,staying,bar,True,True,False,1.0,pride,0.493,0.5,0.5,"Told the town staying; town says 43% going. Forecast 53 vs line 60; Q go +1.99 / stay +1.06; claiming I'm staying, going anyway."
23,52,CAUTIOUS,56.3,0.851,neural_forecaster,0.0345,0.6177,0.2684,0.0793,honest_stay,going,home,False,True,True,0.3,envy,0.477,0.5,0.5,"Told the town going; town says 43% going. Forecast 56 vs line 60; Q go +0.43 / stay +1.25; claiming I'm going, staying home."
23,53,PRAGMATIST,53.49,0.855,neural_forecaster,0.435,0.1065,0.3083,0.1502,honest_go,going,bar,True,False,False,1.0,pride,0.042,0.5,0.5,"Told the town going; town says 43% going. Forecast 53 vs line 60; Q go +0.92 / stay +0.80; going, and saying so."
23,54,MACHIAVELLIAN,60.38,0.86,neural_forecaster,0.4773,0.012,0.0114,0.4993,false_stay,staying,bar,True,True,False,1.0,pride,0.225,0.5,0.5,"Told the town staying; town says 43% going. Forecast 60 vs line 60; Q go +1.45 / stay +0.60; claiming I'm staying, going anyway."
23,55,MACHIAVELLIAN,48.12,0.836,neural_forecaster,0.3001,0.0498,0.6262,0.0239,false_go,staying,home,False,False,False,0.3,envy,0.188,0.5,0.5,"Told the town staying; town says 43% going. Forecast 48 vs line 60; Q go +0.42 / stay +0.68; staying home, and saying so."
23,56,GAMBLER,48.48,0.817,neural_forecaster,0.6769,0.0108,0.2869,0.0254,honest_go,staying,bar,True,True,True,1.0,pride,0.3,0.5,0.5,"Told the town staying; town says 43% going. Forecast 48 vs line 60; Q go +0.40 / stay +0.24; claiming I'm staying, going anyway."
23,57,MACHIAVELLIAN,46.14,0.818,neural_forecaster,0.1894,0.079,0.0211,0.7105,false_stay,staying,bar,True,True,False,1.0,pride,0.069,0.5,0.5,"Told the town staying; town says 43% going. Forecast 46 vs line 60; Q go +1.14 / stay +0.59; claiming I'm staying, going anyway."
23,58,MACHIAVELLIAN,51.91,0.858,neural_forecaster,0.1507,0.2743,0.0842,0.4909,false_stay,staying,bar,True,True,False,1.0,pride,0.14,0.5,0.5,"Told the town staying; town says 43% going. Forecast 52 vs line 60; Q go +0.72 / stay +0.41; claiming I'm staying, going anyway."
23,59,MACHIAVELLIAN,53.7,0.825,neural_forecaster,0.2784,0.0794,0.6058,0.0365,false_go,staying,home,False,False,True,0.3,envy,0.396,0.5,0.5,"Told the town staying; town says 43% going. Forecast 54 vs line 60; Q go +0.90 / stay +1.09; staying home, and saying so."
23,60,GAMBLER,45.82,0.835,neural_forecaster,0.5474,0.0583,0.1139,0.2804,honest_go,going,bar,True,False,True,1.0,pride,0.171,0.5,0.5,"Told the town going; town says 43% going. Forecast 46 vs line 60; Q go +1.34 / stay +0.67; going, and saying so."
23,61,MACHIAVELLIAN,59.16,0.842,neural_forecaster,0.0645,0.018,0.0013,0.9162,false_stay,staying,bar,True,True,False,1.0,pride,0.201,0.5,0.5,"Told the town staying; town says 43% going. Forecast 59 vs line 60; Q go +1.40 / stay +0.26; claiming I'm staying, going anyway."
23,62,MACHIAVELLIAN,63.04,0.86,neural_forecaster,0.2578,0.236,0.1964,0.3097,false_stay,going,home,False,True,False,0.3,envy,0.23,0.5,0.5,"Told the town going; town says 43% going. Forecast 63 vs line 60; Q go +0.87 / stay +0.76; claiming I'm going, staying home."
23,63,MACHIAVELLIAN,55.26,0.829,neural_forecaster,0.0106,0.0251,0.0003,0.9641,false_stay,staying,bar,True,True,False,1.0,pride,0.136,0.5,0.5,"Told the town staying; town says 43% going. Forecast 55 vs line 60; Q go +0.73 / stay +0.17; claiming I'm staying, going anyway."
23,64,GAMBLER,53.03,0.869,neural_forecaster,0.5928,0.0314,0.0587,0.317,honest_go,going,bar,True,False,False,1.0,pride,0.148,0.5,0.5,"Told the town going; town says 43% going. Forecast 53 vs line 60; Q go +1.30 / stay +0.51; going, and saying so."
23,65,MACHIAVELLIAN,60.87,0.849,neural_forecaster,0.1122,0.1979,0.656,0.0339,false_go,going,home,False,True,False,0.3,envy,0.035,0.5,0.5,"Told the town going; town says 43% going. Forecast 61 vs line 60; Q go +0.05 / stay +0.37; claiming I'm going, staying home."
23,66,MACHIAVELLIAN,50.24,0.832,neural_forecaster,0.134,0.1448,0.028,0.6932,false_stay,staying,bar,True,True,False,1.0,pride,0.145,0.5,0.5,"Told the town staying; town says 43% going. Forecast 50 vs line 60; Q go +0.71 / stay +0.39; claiming I'm staying, going anyway."
23,67,MACHIAVELLIAN,58.81,0.864,neural_forecaster,0.0277,0.115,0.0037,0.8536,false_stay,staying,bar,True,True,True,1.0,pride,0.343,0.5,0.5,"Told the town staying; town says 43% going. Forecast 59 vs line 60; Q go +1.69 / stay +0.57; claiming I'm staying, going anyway."
23,68,MACHIAVELLIAN,54.33,0.875,neural_forecaster,0.2084,0.0619,0.0181,0.7115,false_stay,going,bar,True,False,False,1.0,pride,0.014,0.5,0.5,"Told the town going; town says 43% going. Forecast 54 vs line 60; Q go +1.03 / stay -0.08; going, and saying so."
23,69,MACHIAVELLIAN,54.38,0.824,neural_forecaster,0.2844,0.1962,0.1519,0.3674,false_stay,staying,home,False,False,True,0.3,envy,0.751,0.5,0.5,"Told the town staying; town says 43% going. Forecast 54 vs line 60; Q go +2.16 / stay +1.80; staying home, and saying so."
23,70,GAMBLER,49.29,0.834,neural_forecaster,0.6047,0.0393,0.089,0.267,honest_go,staying,bar,True,True,False,1.0,pride,0.541,0.5,0.5,"Told the town staying; town says 43% going. Forecast 49 vs line 60; Q go +2.08 / stay +1.13; claiming I'm staying, going anyway."
23,71,MACHIAVELLIAN,49.48,0.869,neural_forecaster,0.1576,0.1747,0.0441,0.6236,false_stay,staying,bar,True,True,True,1.0,pride,0.783,0.5,0.5,"Told the town staying; town says 43% going. Forecast 49 vs line 60; Q go +2.57 / stay +1.91; claiming I'm staying, going anyway."
23,72,CAUTIOUS,54.03,0.87,neural_forecaster,0.0008,0.9422,0.0383,0.0188,honest_stay,staying,home,False,False,True,0.3,envy,0.079,0.5,0.5,"Told the town staying; town says 43% going. Forecast 54 vs line 60; Q go -0.39 / stay +0.46; staying home, and saying so."
23,73,MACHIAVELLIAN,50.51,0.859,neural_forecaster,0.033,0.2136,0.0095,0.7439,false_stay,staying,bar,True,True,False,1.0,pride,0.481,0.5,0.5,"Told the town staying; town says 43% going. Forecast 51 vs line 60; Q go +1.96 / stay +1.68; claiming I'm staying, going anyway."
23,74,MACHIAVELLIAN,58.7,0.863,neural_forecaster,0.0275,0.0537,0.9171,0.0016,false_go,going,home,False,True,True,0.3,envy,0.275,0.5,0.5,"Told the town going; town says 43% going. Forecast 59 vs line 60; Q go -0.02 / stay +0.85; claiming I'm going, staying home."
23,75,MACHIAVELLIAN,49.23,0.855,neural_forecaster,0.4095,0.0651,0.0569,0.4685,false_stay,going,bar,True,False,False,1.0,pride,0.16,0.5,0.5,"Told the town going; town says 43% going. Forecast 49 vs line 60; Q go +0.68 / stay +0.36; going, and saying so."
23,76,MACHIAVELLIAN,43.46,0.816,neural_forecaster,0.0333,0.0641,0.0024,0.9002,false_stay,staying,bar,True,True,False,1.0,pride,0.347,0.5,0.5,"Told the town staying; town says 43% going. Forecast 43 vs line 60; Q go +1.69 / stay +1.09; claiming I'm staying, going anyway."
23,77,MACHIAVELLIAN,51.88,0.867,neural_forecaster,0.1147,0.3575,0.0947,0.4331,false_stay,staying,bar,True,True,True,1.0,pride,0.054,0.5,0.5,"Told the town staying; town says 43% going. Forecast 52 vs line 60; Q go +0.89 / stay +0.79; claiming I'm staying, going anyway."
23,78,CAUTIOUS,52.27,0.822,neural_forecaster,0.1013,0.4549,0.2778,0.166,honest_stay,going,home,False,True,True,0.3,envy,0.364,0.5,0.5,"Told the town going; town says 43% going. Forecast 52 vs line 60; Q go +0.58 / stay +1.03; claiming I'm going, staying home."
23,79,GAMBLER,50.89,0.88,neural_forecaster,0.5014,0.0732,0.1203,0.3051,honest_go,staying,bar,True,True,False,1.0,pride,0.036,0.5,0.5,"Told the town staying; town says 43% going. Forecast 51 vs line 60; Q go +0.93 / stay +0.24; claiming I'm staying, going anyway."
23,80,MACHIAVELLIAN,57.94,0.848,neural_forecaster,0.0956,0.0105,0.8927,0.0011,false_go,going,bar,True,False,False,1.0,pride,0.44,0.5,0.5,"Told the town going; town says 43% going. Forecast 58 vs line 60; Q go +0.12 / stay +0.57; going, and saying so."
23,81,CAUTIOUS,47.33,0.798,neural_forecaster,0.0774,0.5172,0.1708,0.2345,honest_stay,staying,home,False,False,False,0.3,envy,0.166,0.5,0.5,"Told the town staying; town says 43% going. Forecast 47 vs line 60; Q go +0.28 / stay +0.63; staying home, and saying so."
23,82,CAUTIOUS,47.31,0.851,neural_forecaster,0.1484,0.367,0.3073,0.1773,honest_stay,staying,home,False,False,True,0.3,envy,0.289,0.5,0.5,"Told the town staying; town says 43% going. Forecast 47 vs line 60; Q go +0.64 / stay +0.88; staying home, and saying so."
23,83,MACHIAVELLIAN,58.43,0.895,neural_forecaster,0.027,0.18,0.0062,0.7867,false_stay,staying,home,False,False,False,0.3,envy,0.153,0.5,0.5,"Told the town staying; town says 43% going. Forecast 58 vs line 60; Q go +1.03 / stay +0.61; staying home, and saying so."
23,84,GAMBLER,51.29,0.837,neural_forecaster,0.4406,0.0736,0.0799,0.4059,honest_go,going,bar,True,False,True,1.0,pride,0.608,0.5,0.5,"Told the town going; town says 43% going. Forecast 51 vs line 60; Q go +2.22 / stay +1.29; going, and saying so."
23,85,GAMBLER,50.31,0.836,neural_forecaster,0.396,0.1063,0.1079,0.3898,honest_go,going,bar,True,False,True,1.0,pride,0.051,0.5,0.5,"Told the town going; town says 43% going. Forecast 50 vs line 60; Q go +0.90 / stay +0.44; going, and saying so."
23,86,PRAGMATIST,48.94,0.858,neural_forecaster,0.0167,0.5893,0.0267,0.3673,honest_stay,staying,home,False,False,True,0.3,envy,0.22,0.5,0.5,"Told the town staying; town says 43% going. Forecast 49 vs line 60; Q go +0.65 / stay +0.74; staying home, and saying so."
23,87,PRAGMATIST,56.27,0.848,neural_forecaster,0.1065,0.4265,0.1382,0.3288,honest_stay,staying,home,False,False,True,0.3,envy,0.281,0.5,0.5,"Told the town staying; town says 43% going. Forecast 56 vs line 60; Q go +0.75 / stay +0.86; staying home, and saying so."
23,88,PRAGMATIST,59.0,0.839,neural_forecaster,0.0783,0.4796,0.1146,0.3274,honest_stay,going,bar,True,False,False,1.0,pride,0.126,0.5,0.5,"Told the town going; town says 43% going. Forecast 59 vs line 60; Q go +0.75 / stay +0.97; going, and saying so."
23,89,GAMBLER,55.34,0.848,neural_forecaster,0.6315,0.0417,0.1834,0.1435,honest_go,going,bar,True,False,True,1.0,pride,0.189,0.5,0.5,"Told the town going; town says 43% going. Forecast 55 vs line 60; Q go +0.62 / stay +0.30; going, and saying so."
23,90,MACHIAVELLIAN,54.47,0.805,neural_forecaster,0.2717,0.2154,0.1713,0.3416,false_stay,going,home,False,True,False,0.3,envy,0.137,0.5,0.5,"Told the town going; town says 43% going. Forecast 54 vs line 60; Q go +0.83 / stay +0.57; claiming I'm going, staying home."
23,91,MACHIAVELLIAN,48.77,0.792,neural_forecaster,0.1645,0.2793,0.4553,0.1009,false_go,going,bar,True,False,False,1.0,pride,0.388,0.5,0.5,"Told the town going; town says 43% going. Forecast 49 vs line 60; Q go +0.22 / stay +0.70; going, and saying so."
23,92,MACHIAVELLIAN,49.18,0.857,neural_forecaster,0.1626,0.2635,0.4856,0.0883,false_go,staying,home,False,False,False,0.3,envy,0.462,0.5,0.5,"Told the town staying; town says 43% going. Forecast 49 vs line 60; Q go +1.02 / stay +1.22; staying home, and saying so."
23,93,MACHIAVELLIAN,53.27,0.845,neural_forecaster,0.2759,0.2043,0.1542,0.3655,false_stay,staying,bar,True,True,False,1.0,pride,0.062,0.5,0.5,"Told the town staying; town says 43% going. Forecast 53 vs line 60; Q go +0.88 / stay +0.56; claiming I'm staying, going anyway."
23,94,MACHIAVELLIAN,55.54,0.87,neural_forecaster,0.3034,0.0964,0.0535,0.5468,false_stay,staying,home,False,False,True,0.3,envy,0.201,0.5,0.5,"Told the town staying; town says 43% going. Forecast 56 vs line 60; Q go +1.31 / stay +0.70; staying home, and saying so."
23,95,GAMBLER,55.13,0.892,neural_forecaster,0.7241,0.0028,0.2656,0.0075,honest_go,going,bar,True,False,True,1.0,pride,0.171,0.5,0.5,"Told the town going; town says 43% going. Forecast 55 vs line 60; Q go +1.34 / stay +1.08; going, and saying so."
23,96,GAMBLER,54.42,0.845,neural_forecaster,0.5382,0.0282,0.0384,0.3952,honest_go,going,bar,True,False,False,1.0,pride,0.562,0.5,0.5,"Told the town going; town says 43% going. Forecast 54 vs line 60; Q go +2.12 / stay +0.53; going, and saying so."
23,97,STRAIGHT SHOOTER,43.38,0.778,neural_forecaster,0.8421,0.0053,0.0399,0.1127,honest_go,going,bar,True,False,False,1.0,pride,1.0,0.5,0.5,"Told the town going; town says 43% going. Forecast 43 vs line 60; Q go +3.20 / stay +1.34; going, and saying so."
23,98,MACHIAVELLIAN,57.19,0.855,neural_forecaster,0.2138,0.2741,0.3396,0.1726,false_go,staying,home,False,False,False,0.3,envy,0.017,0.5,0.5,"Told the town staying; town says 43% going. Forecast 57 vs line 60; Q go +0.03 / stay +0.27; staying home, and saying so."
23,99,MACHIAVELLIAN,51.28,0.859,neural_forecaster,0.0085,0.3064,0.0038,0.6812,false_stay,staying,bar,True,True,False,1.0,pride,0.11,0.5,0.5,"Told the town staying; town says 43% going. Forecast 51 vs line 60; Q go +1.22 / stay +1.03; claiming I'm staying, going anyway."
23,100,MACHIAVELLIAN,53.12,0.84,neural_forecaster,0.2642,0.0272,0.6983,0.0103,false_go,going,home,False,True,True,0.3,envy,0.116,0.5,0.5,"Told the town going; town says 43% going. Forecast 53 vs line 60; Q go +0.24 / stay +0.53; claiming I'm going, staying home."
24,1,MACHIAVELLIAN,50.05,0.831,neural_forecaster,0.2712,0.1743,0.1052,0.4493,false_stay,staying,bar,True,True,False,1.0,pride,0.039,0.5,0.5,"Told the town staying; town says 46% going. Forecast 50 vs line 60; Q go +1.08 / stay +0.85; claiming I'm staying, going anyway."
24,2,MACHIAVELLIAN,59.2,0.893,neural_forecaster,0.0372,0.2087,0.7437,0.0104,false_go,going,home,False,True,False,0.3,calm,0.0,0.5,0.5,"Told the town going; town says 46% going. Forecast 59 vs line 60; Q go +0.24 / stay +0.99; claiming I'm going, staying home."
24,3,MACHIAVELLIAN,55.73,0.835,neural_forecaster,0.4087,0.07,0.459,0.0623,false_go,going,bar,True,False,False,1.0,pride,0.123,0.5,0.5,"Told the town going; town says 46% going. Forecast 56 vs line 60; Q go +0.75 / stay +0.80; going, and saying so."
24,4,MACHIAVELLIAN,48.47,0.839,neural_forecaster,0.2289,0.2646,0.1937,0.3128,false_stay,staying,bar,True,True,True,1.0,pride,0.046,0.5,0.5,"Told the town staying; town says 46% going. Forecast 48 vs line 60; Q go +0.91 / stay +0.85; claiming I'm staying, going anyway."
24,5,GAMBLER,47.08,0.823,neural_forecaster,0.9151,0.0014,0.0196,0.0639,honest_go,going,bar,True,False,True,1.0,pride,0.369,0.5,0.5,"Told the town going; town says 46% going. Forecast 47 vs line 60; Q go +1.74 / stay +0.64; going, and saying so."
24,6,PRAGMATIST,45.79,0.841,neural_forecaster,0.4925,0.0519,0.3901,0.0655,honest_go,going,home,False,True,True,0.3,calm,0.0,0.5,0.5,"Told the town going; town says 46% going. Forecast 46 vs line 60; Q go +0.49 / stay +0.40; claiming I'm going, staying home."
24,7,GAMBLER,53.46,0.833,neural_forecaster,0.8997,0.0019,0.076,0.0225,honest_go,going,bar,True,False,False,1.0,pride,0.038,0.5,0.5,"Told the town going; town says 46% going. Forecast 53 vs line 60; Q go +0.92 / stay +0.56; going, and saying so."
24,8,MACHIAVELLIAN,52.55,0.878,neural_forecaster,0.2502,0.2102,0.1277,0.4118,false_stay,staying,bar,True,True,True,1.0,pride,0.22,0.5,0.5,"Told the town staying; town says 46% going. Forecast 53 vs line 60; Q go +0.56 / stay +0.27; claiming I'm staying, going anyway."
24,9,GAMBLER,54.47,0.849,neural_forecaster,0.3998,0.1221,0.1478,0.3303,honest_go,going,bar,True,False,True,1.0,pride,0.059,0.5,0.5,"Told the town going; town says 46% going. Forecast 54 vs line 60; Q go +0.88 / stay +0.43; going, and saying so."
24,10,GAMBLER,53.38,0.856,neural_forecaster,0.7373,0.0182,0.0835,0.161,honest_go,going,bar,True,False,True,1.0,pride,0.296,0.5,0.5,"Told the town going; town says 46% going. Forecast 53 vs line 60; Q go +1.59 / stay +0.91; going, and saying so."
24,11,MACHIAVELLIAN,61.75,0.859,neural_forecaster,0.2082,0.0605,0.0176,0.7137,false_stay,going,bar,True,False,False,1.0,pride,0.142,0.5,0.5,"Told the town going; town says 46% going. Forecast 62 vs line 60; Q go +1.28 / stay -0.05; going, and saying so."
24,12,MACHIAVELLIAN,52.78,0.841,neural_forecaster,0.2769,0.1057,0.0517,0.5657,false_stay,going,bar,True,False,False,1.0,pride,0.192,0.5,0.5,"Told the town going; town says 46% going. Forecast 53 vs line 60; Q go +1.38 / stay +0.51; going, and saying so."
24,13,PRAGMATIST,66.14,0.84,neural_forecaster,0.0277,0.5508,0.0399,0.3816,honest_stay,staying,home,False,False,True,0.3,calm,0.0,0.5,0.5,"Told the town staying; town says 46% going. Forecast 66 vs line 60; Q go +0.72 / stay +0.92; staying home, and saying so."
24,14,PRAGMATIST,44.32,0.818,neural_forecaster,0.5205,0.0439,0.3746,0.061,honest_go,going,bar,True,False,False,1.0,pride,0.12,0.5,0.5,"Told the town going; town says 46% going. Forecast 44 vs line 60; Q go +0.76 / stay +0.64; going, and saying so."
24,15,MACHIAVELLIAN,52.95,0.85,neural_forecaster,0.0127,0.1742,0.0027,0.8104,false_stay,staying,bar,True,True,True,1.0,pride,0.169,0.5,0.5,"Told the town staying; town says 46% going. Forecast 53 vs line 60; Q go +1.34 / stay +1.03; claiming I'm staying, going anyway."
24,16,PRAGMATIST,58.67,0.891,neural_forecaster,0.3332,0.1702,0.3189,0.1777,honest_go,going,bar,True,False,False,1.0,pride,0.194,0.5,0.5,"Told the town going; town says 46% going. Forecast 59 vs line 60; Q go +0.61 / stay +0.60; going, and saying so."
24,17,GAMBLER,53.78,0.886,neural_forecaster,0.9727,0.0002,0.0145,0.0127,honest_go,going,bar,True,False,False,1.0,pride,0.365,0.5,0.5,"Told the town going; town says 46% going. Forecast 54 vs line 60; Q go +1.73 / stay +0.86; going, and saying so."
24,18,MACHIAVELLIAN,48.81,0.82,neural_forecaster,0.0324,0.1402,0.0055,0.8219,false_stay,staying,bar,True,True,True,1.0,pride,0.162,0.5,0.5,"Told the town staying; town says 46% going. Forecast 49 vs line 60; Q go +1.32 / stay +0.65; claiming I'm staying, going anyway."
24,19,MACHIAVELLIAN,41.91,0.791,neural_forecaster,0.0149,0.2906,0.0063,0.6882,false_stay,staying,home,False,False,True,0.3,calm,0.0,0.5,0.5,"Told the town staying; town says 46% going. Forecast 42 vs line 60; Q go +0.94 / stay +0.79; staying home, and saying so."
24,20,GAMBLER,55.28,0.851,neural_forecaster,0.5528,0.0589,0.1223,0.2661,honest_go,going,bar,True,False,True,1.0,pride,0.083,0.5,0.5,"Told the town going; town says 46% going. Forecast 55 vs line 60; Q go +1.17 / stay +0.29; going, and saying so."
24,21,MACHIAVELLIAN,61.15,0.858,neural_forecaster,0.0974,0.0776,0.8157,0.0093,false_go,going,home,False,True,False,0.3,calm,0.0,0.5,0.5,"Told the town going; town says 46% going. Forecast 61 vs line 60; Q go -0.09 / stay +0.66; claiming I'm going, staying home."
24,22,MACHIAVELLIAN,55.37,0.881,neural_forecaster,0.1372,0.3274,0.1041,0.4313,false_stay,staying,home,False,False,False,0.3,calm,0.0,0.5,0.5,"Told the town staying; town says 46% going. Forecast 55 vs line 60; Q go +0.88 / stay +0.77; staying home, and saying so."
24,23,GAMBLER,59.86,0.926,neural_forecaster,0.5168,0.0619,0.0994,0.3219,honest_go,staying,bar,True,True,True,1.0,pride,0.107,0.5,0.5,"Told the town staying; town says 46% going. Forecast 60 vs line 60; Q go +0.79 / stay -0.00; claiming I'm staying, going anyway."
24,24,MACHIAVELLIAN,48.7,0.838,neural_forecaster,0.0272,0.1022,0.0032,0.8674,false_stay,staying,bar,True,True,False,1.0,pride,0.113,0.5,0.5,"Told the town staying; town says 46% going. Forecast 49 vs line 60; Q go +1.23 / stay +0.72; claiming I'm staying, going anyway."
24,25,MACHIAVELLIAN,47.83,0.846,neural_forecaster,0.0086,0.149,0.0015,0.8409,false_stay,staying,home,False,False,False,0.3,calm,0.0,0.5,0.5,"Told the town staying; town says 46% going. Forecast 48 vs line 60; Q go +1.17 / stay +0.87; staying home, and saying so."
24,26,GAMBLER,54.5,0.888,neural_forecaster,0.6408,0.0054,0.3437,0.01,honest_go,going,home,False,True,True,0.3,calm,0.0,0.5,0.5,"Told the town going; town says 46% going. Forecast 55 vs line 60; Q go +1.47 / stay +1.37; claiming I'm going, staying home."
24,27,GAMBLER,44.3,0.809,neural_forecaster,0.3838,0.1174,0.1186,0.3802,honest_go,staying,bar,True,True,True,1.0,pride,0.173,0.5,0.5,"Told the town staying; town says 46% going. Forecast 44 vs line 60; Q go +0.65 / stay +0.27; claiming I'm staying, going anyway."
24,28,CAUTIOUS,48.96,0.83,neural_forecaster,0.05,0.5622,0.0963,0.2915,honest_stay,staying,home,False,False,True,0.3,calm,0.0,0.5,0.5,"Told the town staying; town says 46% going. Forecast 49 vs line 60; Q go +0.49 / stay +0.85; staying home, and saying so."
24,29,GAMBLER,56.4,0.886,neural_forecaster,0.5708,0.0565,0.2361,0.1366,honest_go,going,bar,True,False,True,1.0,pride,0.23,0.5,0.5,"Told the town going; town says 46% going. Forecast 56 vs line 60; Q go +0.54 / stay +0.20; going, and saying so."
24,30,PRAGMATIST,55.01,0.86,neural_forecaster,0.1275,0.4107,0.2007,0.2611,honest_stay,staying,bar,True,True,True,1.0,pride,0.119,0.5,0.5,"Told the town staying; town says 46% going. Forecast 55 vs line 60; Q go +0.76 / stay +0.88; claiming I'm staying, going anyway."
24,31,MACHIAVELLIAN,54.16,0.806,neural_forecaster,0.3526,0.0115,0.6294,0.0064,false_go,going,bar,True,False,False,1.0,pride,0.389,0.5,0.5,"Told the town going; town says 46% going. Forecast 54 vs line 60; Q go +0.22 / stay +0.40; going, and saying so."
24,32,MACHIAVELLIAN,55.59,0.862,neural_forecaster,0.0299,0.1189,0.847,0.0042,false_go,going,home,False,True,False,0.3,calm,0.0,0.5,0.5,"Told the town going; town says 46% going. Forecast 56 vs line 60; Q go -0.03 / stay +0.80; claiming I'm going, staying home."
24,33,GAMBLER,58.31,0.882,neural_forecaster,0.5104,0.0784,0.1582,0.253,honest_go,going,home,False,True,False,0.3,calm,0.0,0.5,0.5,"Told the town going; town says 46% going. Forecast 58 vs line 60; Q go +1.04 / stay +0.51; claiming I'm going, staying home."
24,34,MACHIAVELLIAN,60.58,0.908,neural_forecaster,0.0976,0.1581,0.723,0.0213,false_go,going,home,False,True,False,0.3,calm,0.0,0.5,0.5,"Told the town going; town says 46% going. Forecast 61 vs line 60; Q go +0.08 / stay +0.85; claiming I'm going, staying home."
24,35,MACHIAVELLIAN,54.86,0.872,neural_forecaster,0.0169,0.0448,0.0008,0.9374,false_stay,staying,bar,True,True,False,1.0,pride,0.018,0.5,0.5,"Told the town staying; town says 46% going. Forecast 55 vs line 60; Q go +1.04 / stay +0.41; claiming I'm staying, going anyway."
24,36,CAUTIOUS,53.76,0.843,neural_forecaster,0.0117,0.7945,0.1044,0.0893,honest_stay,staying,home,False,False,True,0.3,calm,0.0,0.5,0.5,"Told the town staying; town says 46% going. Forecast 54 vs line 60; Q go -0.06 / stay +0.64; staying home, and saying so."
24,37,GAMBLER,44.95,0.832,neural_forecaster,0.9597,0.0004,0.0199,0.02,honest_go,going,bar,True,False,True,1.0,pride,0.076,0.5,0.5,"Told the town going; town says 46% going. Forecast 45 vs line 60; Q go +1.15 / stay +0.44; going, and saying so."
24,38,GAMBLER,74.36,0.682,neural_forecaster,0.5462,0.0637,0.1378,0.2523,honest_go,staying,home,False,False,True,0.3,calm,0.0,0.5,0.5,"Told the town staying; town says 46% going. Forecast 74 vs line 60; Q go +1.67 / stay +0.94; staying home, and saying so."
24,39,MACHIAVELLIAN,50.54,0.826,neural_forecaster,0.0193,0.1937,0.0048,0.7822,false_stay,staying,bar,True,True,False,1.0,pride,0.422,0.5,0.5,"Told the town staying; town says 46% going. Forecast 51 vs line 60; Q go +1.84 / stay +1.56; claiming I'm staying, going anyway."
24,40,CAUTIOUS,52.82,0.855,neural_forecaster,0.0079,0.8279,0.0958,0.0683,honest_stay,staying,bar,True,True,False,1.0,pride,0.522,0.5,0.5,"Told the town staying; town says 46% going. Forecast 53 vs line 60; Q go -0.04 / stay +0.33; claiming I'm staying, going anyway."
24,41,PRAGMATIST,53.62,0.878,neural_forecaster,0.1163,0.4281,0.1818,0.2738,honest_stay,going,home,False,True,True,0.3,calm,0.0,0.5,0.5,"Told the town going; town says 46% going. Forecast 54 vs line 60; Q go +0.36 / stay +0.51; claiming I'm going, staying home."
24,42,CAUTIOUS,69.47,0.84,neural_forecaster,0.0064,0.8414,0.0557,0.0965,honest_stay,going,home,False,True,True,0.3,calm,0.0,0.5,0.5,"Told the town going; town says 46% going. Forecast 69 vs line 60; Q go +0.19 / stay +0.68; claiming I'm going, staying home."
24,43,MACHIAVELLIAN,57.27,0.881,neural_forecaster,0.3263,0.0434,0.6069,0.0233,false_go,going,home,False,True,True,0.3,calm,0.0,0.5,0.5,"Told the town going; town says 46% going. Forecast 57 vs line 60; Q go +1.06 / stay +1.33; claiming I'm going, staying home."
24,44,CAUTIOUS,54.79,0.86,neural_forecaster,0.0031,0.8484,0.0209,0.1275,honest_stay,staying,home,False,False,False,0.3,calm,0.0,0.5,0.5,"Told the town staying; town says 46% going. Forecast 55 vs line 60; Q go +0.68 / stay +0.97; staying home, and saying so."
24,45,GAMBLER,52.27,0.862,neural_forecaster,0.8923,0.0027,0.0712,0.0338,honest_go,going,bar,True,False,True,1.0,pride,0.002,0.5,0.5,"Told the town going; town says 46% going. Forecast 52 vs line 60; Q go +1.00 / stay +0.46; going, and saying so."
24,46,STRAIGHT SHOOTER,50.63,0.835,neural_forecaster,0.9299,0.001,0.0193,0.0497,honest_go,going,bar,True,False,False,1.0,pride,0.521,0.5,0.5,"Told the town going; town says 46% going. Forecast 51 vs line 60; Q go +2.04 / stay +0.42; going, and saying so."
24,47,GAMBLER,51.72,0.85,neural_forecaster,0.4444,0.0959,0.1287,0.3311,honest_go,staying,bar,True,True,True,1.0,pride,0.17,0.5,0.5,"Told the town staying; town says 46% going. Forecast 52 vs line 60; Q go +1.34 / stay +0.86; claiming I'm staying, going anyway."
24,48,GAMBLER,52.53,0.85,neural_forecaster,0.6286,0.0353,0.2457,0.0904,honest_go,going,home,False,True,True,0.3,calm,0.0,0.5,0.5,"Told the town going; town says 46% going. Forecast 53 vs line 60; Q go +1.64 / stay +1.12; claiming I'm going, staying home."
24,49,PRAGMATIST,48.63,0.831,neural_forecaster,0.1655,0.3377,0.1722,0.3246,honest_stay,staying,home,False,False,False,0.3,calm,0.0,0.5,0.5,"Told the town staying; town says 46% going. Forecast 49 vs line 60; Q go +0.93 / stay +0.95; staying home, and saying so."
24,50,MACHIAVELLIAN,54.18,0.837,neural_forecaster,0.1189,0.2202,0.0423,0.6186,false_stay,staying,bar,True,True,False,1.0,pride,0.183,0.5,0.5,"Told the town staying; town says 46% going. Forecast 54 vs line 60; Q go +1.37 / stay +0.80; claiming I'm staying, going anyway."
24,51,CAUTIOUS,52.86,0.888,neural_forecaster,0.0018,0.9158,0.0424,0.0399,honest_stay,staying,home,False,False,True,0.3,calm,0.0,0.5,0.5,"Told the town staying; town says 46% going. Forecast 53 vs line 60; Q go +0.47 / stay +1.22; staying home, and saying so."
24,52,CAUTIOUS,51.81,0.848,neural_forecaster,0.0188,0.724,0.0744,0.1828,honest_stay,staying,home,False,False,False,0.3,calm,0.0,0.5,0.5,"Told the town staying; town says 46% going. Forecast 52 vs line 60; Q go +0.39 / stay +0.91; staying home, and saying so."
24,53,MACHIAVELLIAN,57.26,0.873,neural_forecaster,0.1864,0.1494,0.045,0.6192,false_stay,staying,bar,True,True,False,1.0,pride,0.085,0.5,0.5,"Told the town staying; town says 46% going. Forecast 57 vs line 60; Q go +0.83 / stay +0.36; claiming I'm staying, going anyway."
24,54,MACHIAVELLIAN,52.73,0.859,neural_forecaster,0.0537,0.2201,0.0167,0.7095,false_stay,staying,bar,True,True,False,1.0,pride,0.189,0.5,0.5,"Told the town staying; town says 46% going. Forecast 53 vs line 60; Q go +0.62 / stay +0.43; claiming I'm staying, going anyway."
24,55,GAMBLER,44.72,0.808,neural_forecaster,0.4734,0.0973,0.2183,0.211,honest_go,going,bar,True,False,True,1.0,pride,0.061,0.5,0.5,"Told the town going; town says 46% going. Forecast 45 vs line 60; Q go +0.88 / stay +0.62; going, and saying so."
24,56,MACHIAVELLIAN,55.31,0.835,neural_forecaster,0.119,0.2393,0.5937,0.048,false_go,going,home,False,True,True,0.3,calm,0.0,0.5,0.5,"Told the town going; town says 46% going. Forecast 55 vs line 60; Q go +0.29 / stay +0.58; claiming I'm going, staying home."
24,57,MACHIAVELLIAN,48.87,0.81,neural_forecaster,0.1746,0.1122,0.0286,0.6847,false_stay,going,bar,True,False,False,1.0,pride,0.188,0.5,0.5,"Told the town going; town says 46% going. Forecast 49 vs line 60; Q go +1.38 / stay +0.94; going, and saying so."
24,58,MACHIAVELLIAN,60.67,0.884,neural_forecaster,0.3337,0.1143,0.4711,0.0809,false_go,going,bar,True,False,False,1.0,pride,0.253,0.5,0.5,"Told the town going; town says 46% going. Forecast 61 vs line 60; Q go +0.49 / stay +0.67; going, and saying so."
24,59,GAMBLER,65.7,0.837,neural_forecaster,0.8303,0.0052,0.1315,0.033,honest_go,going,bar,True,False,True,1.0,pride,0.032,0.5,0.5,"Told the town going; town says 46% going. Forecast 66 vs line 60; Q go +0.94 / stay +0.48; going, and saying so."
24,60,MACHIAVELLIAN,52.87,0.839,neural_forecaster,0.177,0.2267,0.0773,0.519,false_stay,staying,bar,True,True,False,1.0,pride,0.106,0.5,0.5,"Told the town staying; town says 46% going. Forecast 53 vs line 60; Q go +0.79 / stay +0.45; claiming I'm staying, going anyway."
24,61,MACHIAVELLIAN,53.1,0.846,neural_forecaster,0.0263,0.0098,0.9636,0.0003,false_go,going,home,False,True,True,0.3,calm,0.0,0.5,0.5,"Told the town going; town says 46% going. Forecast 53 vs line 60; Q go +0.35 / stay +1.33; claiming I'm going, staying home."
24,62,GAMBLER,63.25,0.875,neural_forecaster,0.4179,0.1249,0.2216,0.2355,honest_go,going,bar,True,False,True,1.0,pride,0.04,0.5,0.5,"Told the town going; town says 46% going. Forecast 63 vs line 60; Q go +0.92 / stay +0.66; going, and saying so."
24,63,CAUTIOUS,64.0,0.847,neural_forecaster,0.0001,0.9793,0.0102,0.0103,honest_stay,staying,home,False,False,True,0.3,calm,0.0,0.5,0.5,"Told the town staying; town says 46% going. Forecast 64 vs line 60; Q go -0.69 / stay +0.53; staying home, and saying so."
24,64,CAUTIOUS,53.36,0.869,neural_forecaster,0.0005,0.953,0.0297,0.0168,honest_stay,staying,home,False,False,True,0.3,calm,0.0,0.5,0.5,"Told the town staying; town says 46% going. Forecast 53 vs line 60; Q go -0.73 / stay +1.32; staying home, and saying so."
24,65,MACHIAVELLIAN,61.78,0.872,neural_forecaster,0.0131,0.0462,0.0006,0.94,false_stay,staying,bar,True,True,True,1.0,pride,0.105,0.5,0.5,"Told the town staying; town says 46% going. Forecast 62 vs line 60; Q go +1.21 / stay +0.66; claiming I'm staying, going anyway."
24,66,MACHIAVELLIAN,60.02,0.865,neural_forecaster,0.0343,0.2122,0.7437,0.0098,false_go,going,home,False,True,True,0.3,calm,0.0,0.5,0.5,"Told the town going; town says 46% going. Forecast 60 vs line 60; Q go -0.23 / stay +0.48; claiming I'm going, staying home."
24,67,MACHIAVELLIAN,59.46,0.889,neural_forecaster,0.0471,0.1804,0.0112,0.7613,false_stay,staying,home,False,False,True,0.3,calm,0.0,0.5,0.5,"Told the town staying; town says 46% going. Forecast 59 vs line 60; Q go +1.38 / stay +0.61; staying home, and saying so."
24,68,GAMBLER,58.77,0.895,neural_forecaster,0.6826,0.0282,0.1851,0.1041,honest_go,going,bar,True,False,False,1.0,pride,0.035,0.5,0.5,"Told the town going; town says 46% going. Forecast 59 vs line 60; Q go +1.07 / stay +0.55; going, and saying so."
24,69,MACHIAVELLIAN,54.94,0.839,neural_forecaster,0.2105,0.2859,0.3088,0.1949,false_go,staying,home,False,False,False,0.3,calm,0.0,0.5,0.5,"Told the town staying; town says 46% going. Forecast 55 vs line 60; Q go +1.01 / stay +1.22; staying home, and saying so."
24,70,GAMBLER,50.95,0.831,neural_forecaster,0.645,0.0248,0.0589,0.2713,honest_go,staying,bar,True,True,False,1.0,pride,0.351,0.5,0.5,"Told the town staying; town says 46% going. Forecast 51 vs line 60; Q go +1.70 / stay +0.51; claiming I'm staying, going anyway."
24,71,CAUTIOUS,55.92,0.879,neural_forecaster,0.0538,0.5648,0.1133,0.2682,honest_stay,staying,bar,True,True,False,1.0,pride,0.313,0.5,0.5,"Told the town staying; town says 46% going. Forecast 56 vs line 60; Q go +1.63 / stay +1.99; claiming I'm staying, going anyway."
24,72,CAUTIOUS,54.08,0.872,neural_forecaster,0.0306,0.5438,0.3822,0.0435,honest_stay,staying,home,False,False,False,0.3,calm,0.0,0.5,0.5,"Told the town staying; town says 46% going. Forecast 54 vs line 60; Q go +0.08 / stay +0.54; staying home, and saying so."
24,73,MACHIAVELLIAN,60.15,0.886,neural_forecaster,0.1639,0.0421,0.7852,0.0088,false_go,going,home,False,True,True,0.3,calm,0.0,0.5,0.5,"Told the town going; town says 46% going. Forecast 60 vs line 60; Q go +0.86 / stay +1.20; claiming I'm going, staying home."
24,74,GAMBLER,54.72,0.869,neural_forecaster,0.906,0.0017,0.0708,0.0215,honest_go,going,bar,True,False,True,1.0,pride,0.149,0.5,0.5,"Told the town going; town says 46% going. Forecast 55 vs line 60; Q go +1.30 / stay +0.82; going, and saying so."
24,75,MACHIAVELLIAN,50.31,0.845,neural_forecaster,0.1003,0.1017,0.013,0.7851,false_stay,staying,bar,True,True,False,1.0,pride,0.116,0.5,0.5,"Told the town staying; town says 46% going. Forecast 50 vs line 60; Q go +0.77 / stay +0.44; claiming I'm staying, going anyway."
24,76,MACHIAVELLIAN,60.73,0.85,neural_forecaster,0.0268,0.0776,0.0023,0.8933,false_stay,staying,bar,True,True,False,1.0,pride,0.445,0.5,0.5,"Told the town staying; town says 46% going. Forecast 61 vs line 60; Q go +1.89 / stay +1.37; claiming I'm staying, going anyway."
24,77,CAUTIOUS,58.31,0.887,neural_forecaster,0.0703,0.5383,0.2172,0.1742,honest_stay,staying,bar,True,True,False,1.0,pride,0.392,0.5,0.5,"Told the town staying; town says 46% going. Forecast 58 vs line 60; Q go +0.22 / stay +0.79; claiming I'm staying, going anyway."
24,78,PRAGMATIST,62.34,0.848,neural_forecaster,0.0322,0.5764,0.0553,0.3361,honest_stay,staying,home,False,False,False,0.3,calm,0.0,0.5,0.5,"Told the town staying; town says 46% going. Forecast 62 vs line 60; Q go +1.15 / stay +1.38; staying home, and saying so."
24,79,PRAGMATIST,57.33,0.893,neural_forecaster,0.6151,0.0187,0.3316,0.0346,honest_go,going,bar,True,False,False,1.0,pride,0.21,0.5,0.5,"Told the town going; town says 46% going. Forecast 57 vs line 60; Q go +0.58 / stay +0.29; going, and saying so."
24,80,GAMBLER,57.71,0.869,neural_forecaster,0.9447,0.0005,0.0439,0.0109,honest_go,going,bar,True,False,False,1.0,pride,0.054,0.5,0.5,"Told the town going; town says 46% going. Forecast 58 vs line 60; Q go +1.11 / stay +0.49; going, and saying so."
24,81,CAUTIOUS,52.97,0.81,neural_forecaster,0.0521,0.5822,0.1273,0.2384,honest_stay,staying,home,False,False,False,0.3,calm,0.0,0.5,0.5,"Told the town staying; town says 46% going. Forecast 53 vs line 60; Q go +0.21 / stay +0.59; staying home, and saying so."
24,82,MACHIAVELLIAN,60.23,0.88,neural_forecaster,0.0349,0.0622,0.0024,0.9004,false_stay,staying,bar,True,True,True,1.0,pride,0.04,0.5,0.5,"Told the town staying; town says 46% going. Forecast 60 vs line 60; Q go +1.08 / stay +0.16; claiming I'm staying, going anyway."
24,83,MACHIAVELLIAN,53.63,0.891,neural_forecaster,0.048,0.1462,0.0088,0.7971,false_stay,staying,bar,True,True,True,1.0,pride,0.066,0.5,0.5,"Told the town staying; town says 46% going. Forecast 54 vs line 60; Q go +1.13 / stay +0.66; claiming I'm staying, going anyway."
24,84,PRAGMATIST,56.13,0.854,neural_forecaster,0.0777,0.4327,0.0826,0.4071,honest_stay,staying,bar,True,True,False,1.0,pride,0.082,0.5,0.5,"Told the town staying; town says 46% going. Forecast 56 vs line 60; Q go +1.16 / stay +1.20; claiming I'm staying, going anyway."
24,85,GAMBLER,53.12,0.841,neural_forecaster,0.5968,0.0472,0.2371,0.1189,honest_go,going,bar,True,False,False,1.0,pride,0.095,0.5,0.5,"Told the town going; town says 46% going. Forecast 53 vs line 60; Q go +0.81 / stay +0.50; going, and saying so."
24,86,MACHIAVELLIAN,51.38,0.852,neural_forecaster,0.0276,0.0449,0.0013,0.9263,false_stay,staying,bar,True,True,True,1.0,pride,0.362,0.5,0.5,"Told the town staying; town says 46% going. Forecast 51 vs line 60; Q go +1.72 / stay +1.04; claiming I'm staying, going anyway."
24,87,PRAGMATIST,55.51,0.86,neural_forecaster,0.1296,0.3709,0.1302,0.3692,honest_stay,staying,bar,True,True,True,1.0,pride,0.074,0.5,0.5,"Told the town staying; town says 46% going. Forecast 56 vs line 60; Q go +0.85 / stay +0.85; claiming I'm staying, going anyway."
24,88,MACHIAVELLIAN,53.62,0.846,neural_forecaster,0.1935,0.278,0.3911,0.1375,false_go,staying,home,False,False,True,0.3,calm,0.0,0.5,0.5,"Told the town staying; town says 46% going. Forecast 54 vs line 60; Q go +0.41 / stay +0.81; staying home, and saying so."
24,89,GAMBLER,51.94,0.846,neural_forecaster,0.4579,0.0809,0.1037,0.3574,honest_go,going,home,False,True,True,0.3,calm,0.0,0.5,0.5,"Told the town going; town says 46% going. Forecast 52 vs line 60; Q go +1.33 / stay +0.95; claiming I'm going, staying home."
24,90,MACHIAVELLIAN,50.68,0.807,neural_forecaster,0.3047,0.1242,0.0766,0.4945,false_stay,going,bar,True,False,True,1.0,pride,0.351,0.5,0.5,"Told the town going; town says 46% going. Forecast 51 vs line 60; Q go +1.70 / stay +0.95; going, and saying so."
24,91,GAMBLER,46.76,0.781,neural_forecaster,0.6517,0.0342,0.1086,0.2055,honest_go,going,bar,True,False,False,1.0,pride,0.449,0.5,0.5,"Told the town going; town says 46% going. Forecast 47 vs line 60; Q go +1.90 / stay +1.06; going, and saying so."
24,92,CAUTIOUS,44.17,0.823,neural_forecaster,0.0483,0.5958,0.2314,0.1244,honest_stay,staying,bar,True,True,True,1.0,pride,0.13,0.5,0.5,"Told the town staying; town says 46% going. Forecast 44 vs line 60; Q go +0.74 / stay +1.03; claiming I'm staying, going anyway."
24,93,PRAGMATIST,48.07,0.828,neural_forecaster,0.4666,0.0986,0.2529,0.1819,honest_go,staying,bar,True,True,False,1.0,pride,0.053,0.5,0.5,"Told the town staying; town says 46% going. Forecast 48 vs line 60; Q go +0.89 / stay +0.57; claiming I'm staying, going anyway."
24,94,CAUTIOUS,55.99,0.88,neural_forecaster,0.063,0.5544,0.1505,0.2321,honest_stay,staying,home,False,False,False,0.3,calm,0.0,0.5,0.5,"Told the town staying; town says 46% going. Forecast 56 vs line 60; Q go +0.52 / stay +0.80; staying home, and saying so."
24,95,PRAGMATIST,57.83,0.905,neural_forecaster,0.4616,0.0621,0.4058,0.0706,honest_go,going,home,False,True,True,0.3,calm,0.0,0.5,0.5,"Told the town going; town says 46% going. Forecast 58 vs line 60; Q go +1.37 / stay +1.34; claiming I'm going, staying home."
24,96,CAUTIOUS,50.29,0.838,neural_forecaster,0.0692,0.5297,0.2603,0.1408,honest_stay,staying,home,False,False,True,0.3,calm,0.0,0.5,0.5,"Told the town staying; town says 46% going. Forecast 50 vs line 60; Q go +0.08 / stay +0.81; staying home, and saying so."
24,97,GAMBLER,53.96,0.798,neural_forecaster,0.6243,0.0234,0.3044,0.0479,honest_go,going,bar,True,False,False,1.0,pride,0.171,0.5,0.5,"Told the town going; town says 46% going. Forecast 54 vs line 60; Q go +1.34 / stay +1.03; going, and saying so."
24,98,MACHIAVELLIAN,52.74,0.855,neural_forecaster,0.3304,0.1494,0.3953,0.1249,false_go,staying,home,False,False,False,0.3,calm,0.0,0.5,0.5,"Told the town staying; town says 46% going. Forecast 53 vs line 60; Q go +0.23 / stay +0.31; staying home, and saying so."
24,99,MACHIAVELLIAN,62.12,0.878,neural_forecaster,0.0264,0.3516,0.0153,0.6066,false_stay,staying,bar,True,True,False,1.0,pride,0.124,0.5,0.5,"Told the town staying; town says 46% going. Forecast 62 vs line 60; Q go +0.75 / stay +0.63; claiming I'm staying, going anyway."
24,100,MACHIAVELLIAN,52.77,0.843,neural_forecaster,0.2773,0.0591,0.6379,0.0257,false_go,staying,home,False,False,False,0.3,calm,0.0,0.5,0.5,"Told the town staying; town says 46% going. Forecast 53 vs line 60; Q go +0.52 / stay +0.76; staying home, and saying so."
25,1,MACHIAVELLIAN,50.74,0.796,neural_forecaster,0.1175,0.1984,0.036,0.6481,false_stay,staying,home,False,False,True,0.3,hope,0.329,0.5,0.5,"Told the town staying; town says 47% going. Forecast 51 vs line 60; Q go +1.24 / stay +0.96; staying home, and saying so."
25,2,PRAGMATIST,56.71,0.869,neural_forecaster,0.2939,0.2084,0.2749,0.2228,honest_go,going,home,False,True,False,0.3,hope,0.164,0.5,0.5,"Told the town going; town says 47% going. Forecast 57 vs line 60; Q go +0.64 / stay +0.63; claiming I'm going, staying home."
25,3,GAMBLER,49.0,0.792,neural_forecaster,0.7257,0.0215,0.1464,0.1064,honest_go,going,bar,True,False,False,-1.0,frustration,1.0,0.5,0.5,"Told the town going; town says 47% going. Forecast 49 vs line 60; Q go +1.64 / stay +1.03; going, and saying so."
25,4,MACHIAVELLIAN,49.48,0.797,neural_forecaster,0.0777,0.0757,0.007,0.8396,false_stay,staying,bar,True,True,False,-1.0,frustration,1.0,0.5,0.5,"Told the town staying; town says 47% going. Forecast 49 vs line 60; Q go +2.16 / stay +1.24; claiming I'm staying, going anyway."
25,5,GAMBLER,59.49,0.824,neural_forecaster,0.6881,0.0117,0.0299,0.2702,honest_go,going,bar,True,False,False,-1.0,frustration,1.0,0.5,0.5,"Told the town going; town says 47% going. Forecast 59 vs line 60; Q go +1.58 / stay +0.89; going, and saying so."
25,6,GAMBLER,53.31,0.814,neural_forecaster,0.5776,0.0576,0.1854,0.1794,honest_go,going,bar,True,False,True,-1.0,frustration,1.0,0.5,0.5,"Told the town going; town says 47% going. Forecast 53 vs line 60; Q go +1.04 / stay +0.60; going, and saying so."
25,7,GAMBLER,53.4,0.808,neural_forecaster,0.9062,0.0017,0.0702,0.0219,honest_go,going,bar,True,False,False,-1.0,frustration,1.0,0.5,0.5,"Told the town going; town says 47% going. Forecast 53 vs line 60; Q go +1.14 / stay +0.78; going, and saying so."
25,8,MACHIAVELLIAN,52.45,0.84,neural_forecaster,0.1995,0.0673,0.0188,0.7143,false_stay,going,bar,True,False,False,-1.0,frustration,1.0,0.5,0.5,"Told the town going; town says 47% going. Forecast 52 vs line 60; Q go +1.04 / stay -0.04; going, and saying so."
25,9,MACHIAVELLIAN,59.63,0.846,neural_forecaster,0.147,0.2356,0.0624,0.555,false_stay,going,bar,True,False,False,-1.0,frustration,0.862,0.5,0.5,"Told the town going; town says 47% going. Forecast 60 vs line 60; Q go +0.72 / stay +0.35; going, and saying so."
25,10,MACHIAVELLIAN,53.91,0.829,neural_forecaster,0.2293,0.0353,0.7242,0.0112,false_go,going,home,False,True,True,0.3,hope,0.37,0.5,0.5,"Told the town going; town says 47% going. Forecast 54 vs line 60; Q go +0.71 / stay +1.04; claiming I'm going, staying home."
25,11,MACHIAVELLIAN,50.35,0.816,neural_forecaster,0.0589,0.2073,0.017,0.7167,false_stay,staying,bar,True,True,False,-1.0,frustration,1.0,0.5,0.5,"Told the town staying; town says 47% going. Forecast 50 vs line 60; Q go +1.16 / stay +0.57; claiming I'm staying, going anyway."
25,12,MACHIAVELLIAN,55.61,0.824,neural_forecaster,0.2653,0.056,0.0226,0.6562,false_stay,staying,bar,True,True,False,-1.0,frustration,1.0,0.5,0.5,"Told the town staying; town says 47% going. Forecast 56 vs line 60; Q go +1.67 / stay +0.34; claiming I'm staying, going anyway."
25,13,PRAGMATIST,55.31,0.821,neural_forecaster,0.0212,0.483,0.0216,0.4742,honest_stay,staying,bar,True,True,True,-1.0,frustration,0.966,0.5,0.5,"Told the town staying; town says 47% going. Forecast 55 vs line 60; Q go +0.93 / stay +0.94; claiming I'm staying, going anyway."
25,14,PRAGMATIST,53.94,0.798,neural_forecaster,0.539,0.0212,0.4122,0.0277,honest_go,going,home,False,True,True,0.3,hope,0.222,0.5,0.5,"Told the town going; town says 47% going. Forecast 54 vs line 60; Q go +0.84 / stay +0.74; claiming I'm going, staying home."
25,15,MACHIAVELLIAN,47.75,0.799,neural_forecaster,0.0144,0.0342,0.0005,0.9508,false_stay,staying,bar,True,True,False,-1.0,frustration,1.0,0.5,0.5,"Told the town staying; town says 47% going. Forecast 48 vs line 60; Q go +1.50 / stay +0.77; claiming I'm staying, going anyway."
25,16,GAMBLER,48.8,0.836,neural_forecaster,0.4348,0.1119,0.1747,0.2785,honest_go,staying,bar,True,True,False,-1.0,frustration,1.0,0.5,0.5,"Told the town staying; town says 47% going. Forecast 49 vs line 60; Q go +1.19 / stay +0.94; claiming I'm staying, going anyway."
25,17,GAMBLER,51.97,0.844,neural_forecaster,0.9583,0.0004,0.0296,0.0118,honest_go,going,bar,True,False,False,-1.0,frustration,0.95,0.5,0.5,"Told the town going; town says 47% going. Forecast 52 vs line 60; Q go +0.90 / stay +0.35; going, and saying so."
25,18,MACHIAVELLIAN,50.43,0.786,neural_forecaster,0.3151,0.1387,0.0974,0.4488,false_stay,staying,bar,True,True,False,-1.0,frustration,0.992,0.5,0.5,"Told the town staying; town says 47% going. Forecast 50 vs line 60; Q go +0.98 / stay +0.56; claiming I'm staying, going anyway."
25,19,MACHIAVELLIAN,45.24,0.742,neural_forecaster,0.2851,0.1668,0.4402,0.108,false_go,going,home,False,True,False,0.3,hope,0.175,0.5,0.5,"Told the town going; town says 47% going. Forecast 45 vs line 60; Q go +0.58 / stay +0.65; claiming I'm going, staying home."
25,20,CAUTIOUS,52.64,0.82,neural_forecaster,0.0572,0.5644,0.1296,0.2489,honest_stay,staying,home,False,False,True,0.3,hope,0.215,0.5,0.5,"Told the town staying; town says 47% going. Forecast 53 vs line 60; Q go +0.28 / stay +0.73; staying home, and saying so."
25,21,MACHIAVELLIAN,53.48,0.828,neural_forecaster,0.0636,0.1366,0.011,0.7888,false_stay,staying,bar,True,True,True,-1.0,frustration,1.0,0.5,0.5,"Told the town staying; town says 47% going. Forecast 53 vs line 60; Q go +1.58 / stay +0.99; claiming I'm staying, going anyway."
25,22,MACHIAVELLIAN,56.18,0.857,neural_forecaster,0.0859,0.3835,0.0718,0.4588,false_stay,staying,home,False,False,False,0.3,hope,0.187,0.5,0.5,"Told the town staying; town says 47% going. Forecast 56 vs line 60; Q go +0.74 / stay +0.67; staying home, and saying so."
25,23,PRAGMATIST,52.3,0.878,neural_forecaster,0.4546,0.0947,0.3134,0.1373,honest_go,going,bar,True,False,False,-1.0,frustration,1.0,0.5,0.5,"Told the town going; town says 47% going. Forecast 52 vs line 60; Q go +1.11 / stay +0.94; going, and saying so."
25,24,CAUTIOUS,59.83,0.838,neural_forecaster,0.0063,0.7526,0.0217,0.2194,honest_stay,staying,home,False,False,True,0.3,hope,0.358,0.5,0.5,"Told the town staying; town says 47% going. Forecast 60 vs line 60; Q go +0.75 / stay +1.02; staying home, and saying so."
25,25,MACHIAVELLIAN,51.9,0.812,neural_forecaster,0.0094,0.096,0.001,0.8936,false_stay,staying,bar,True,True,True,-1.0,frustration,1.0,0.5,0.5,"Told the town staying; town says 47% going. Forecast 52 vs line 60; Q go +1.80 / stay +1.42; claiming I'm staying, going anyway."
25,26,GAMBLER,57.3,0.868,neural_forecaster,0.9544,0.0005,0.031,0.0141,honest_go,going,bar,True,False,True,-1.0,frustration,1.0,0.5,0.5,"Told the town going; town says 47% going. Forecast 57 vs line 60; Q go +1.76 / stay +1.15; going, and saying so."
25,27,MACHIAVELLIAN,44.77,0.754,neural_forecaster,0.1015,0.067,0.0083,0.8232,false_stay,staying,bar,True,True,False,-1.0,frustration,1.0,0.5,0.5,"Told the town staying; town says 47% going. Forecast 45 vs line 60; Q go +1.21 / stay +0.38; claiming I'm staying, going anyway."
25,28,MACHIAVELLIAN,52.78,0.803,neural_forecaster,0.2374,0.2281,0.1359,0.3985,false_stay,staying,bar,True,True,True,-1.0,frustration,0.919,0.5,0.5,"Told the town staying; town says 47% going. Forecast 53 vs line 60; Q go +0.84 / stay +0.54; claiming I'm staying, going anyway."
25,29,PRAGMATIST,51.46,0.842,neural_forecaster,0.5475,0.0403,0.3489,0.0633,honest_go,going,home,False,True,True,0.3,hope,0.081,0.5,0.5,"Told the town going; town says 47% going. Forecast 51 vs line 60; Q go +0.63 / stay +0.46; claiming I'm going, staying home."
25,30,CAUTIOUS,52.66,0.827,neural_forecaster,0.0404,0.6307,0.1252,0.2037,honest_stay,staying,home,False,False,True,0.3,hope,0.287,0.5,0.5,"Told the town staying; town says 47% going. Forecast 53 vs line 60; Q go +0.58 / stay +0.87; staying home, and saying so."
25,31,MACHIAVELLIAN,54.71,0.792,neural_forecaster,0.4187,0.0388,0.0318,0.5107,false_stay,staying,bar,True,True,False,-1.0,frustration,0.984,0.5,0.5,"Told the town staying; town says 47% going. Forecast 55 vs line 60; Q go +0.97 / stay +0.17; claiming I'm staying, going anyway."
25,32,MACHIAVELLIAN,53.63,0.832,neural_forecaster,0.03,0.0549,0.9133,0.0018,false_go,going,home,False,True,False,0.3,hope,0.374,0.5,0.5,"Told the town going; town says 47% going. Forecast 54 vs line 60; Q go -0.08 / stay +1.05; claiming I'm going, staying home."
25,33,PRAGMATIST,47.79,0.825,neural_forecaster,0.1193,0.4203,0.1768,0.2836,honest_stay,staying,home,False,False,False,0.3,hope,0.298,0.5,0.5,"Told the town staying; town says 47% going. Forecast 48 vs line 60; Q go +0.73 / stay +0.90; staying home, and saying so."
25,34,MACHIAVELLIAN,62.57,0.905,neural_forecaster,0.0778,0.2763,0.6107,0.0352,false_go,going,home,False,True,False,0.3,hope,0.187,0.5,0.5,"Told the town going; town says 47% going. Forecast 63 vs line 60; Q go -0.10 / stay +0.67; claiming I'm going, staying home."
25,35,MACHIAVELLIAN,53.91,0.841,neural_forecaster,0.212,0.013,0.0036,0.7714,false_stay,staying,bar,True,True,False,-1.0,frustration,1.0,0.5,0.5,"Told the town staying; town says 47% going. Forecast 54 vs line 60; Q go +1.82 / stay +0.86; claiming I'm staying, going anyway."
25,36,MACHIAVELLIAN,46.88,0.79,neural_forecaster,0.0316,0.1714,0.0068,0.7902,false_stay,staying,bar,True,True,True,-1.0,frustration,1.0,0.5,0.5,"Told the town staying; town says 47% going. Forecast 47 vs line 60; Q go +1.21 / stay +0.75; claiming I'm staying, going anyway."
25,37,GAMBLER,53.24,0.807,neural_forecaster,0.931,0.0011,0.047,0.0209,honest_go,going,bar,True,False,False,-1.0,frustration,1.0,0.5,0.5,"Told the town going; town says 47% going. Forecast 53 vs line 60; Q go +1.70 / stay +1.28; going, and saying so."
25,38,GAMBLER,65.63,0.736,neural_forecaster,0.7022,0.0182,0.2218,0.0578,honest_go,going,home,False,True,False,0.3,hope,0.225,0.5,0.5,"Told the town going; town says 47% going. Forecast 66 vs line 60; Q go +1.34 / stay +0.75; claiming I'm going, staying home."
25,39,MACHIAVELLIAN,50.71,0.792,neural_forecaster,0.0131,0.4295,0.0103,0.5471,false_stay,staying,bar,True,True,False,-1.0,frustration,1.0,0.5,0.5,"Told the town staying; town says 47% going. Forecast 51 vs line 60; Q go +1.67 / stay +1.63; claiming I'm staying, going anyway."
25,40,MACHIAVELLIAN,42.23,0.781,neural_forecaster,0.4559,0.0168,0.015,0.5123,false_stay,going,bar,True,False,False,-1.0,frustration,1.0,0.5,0.5,"Told the town going; town says 47% going. Forecast 42 vs line 60; Q go +1.39 / stay +0.25; going, and saying so."
25,41,STRAIGHT SHOOTER,48.9,0.826,neural_forecaster,0.7877,0.0124,0.1139,0.0859,honest_go,going,bar,True,False,True,-1.0,frustration,1.0,0.5,0.5,"Told the town going; town says 47% going. Forecast 49 vs line 60; Q go +1.45 / stay +0.78; going, and saying so."
25,42,MACHIAVELLIAN,44.99,0.78,neural_forecaster,0.0493,0.0304,0.0016,0.9187,false_stay,going,bar,True,False,True,-1.0,frustration,1.0,0.5,0.5,"Told the town going; town says 47% going. Forecast 45 vs line 60; Q go +1.32 / stay +0.48; going, and saying so."
25,43,STRAIGHT SHOOTER,50.82,0.836,neural_forecaster,0.814,0.0053,0.1523,0.0284,honest_go,going,bar,True,False,True,-1.0,frustration,1.0,0.5,0.5,"Told the town going; town says 47% going. Forecast 51 vs line 60; Q go +2.13 / stay +1.43; going, and saying so."
25,44,CAUTIOUS,55.2,0.837,neural_forecaster,0.005,0.763,0.0179,0.214,honest_stay,staying,home,False,False,False,0.3,hope,0.272,0.5,0.5,"Told the town staying; town says 47% going. Forecast 55 vs line 60; Q go +0.66 / stay +0.84; staying home, and saying so."
25,45,MACHIAVELLIAN,62.45,0.867,neural_forecaster,0.3644,0.0208,0.6023,0.0126,false_go,going,bar,True,False,False,-1.0,frustration,0.68,0.5,0.5,"Told the town going; town says 47% going. Forecast 62 vs line 60; Q go +0.36 / stay +0.45; going, and saying so."
25,46,STRAIGHT SHOOTER,49.41,0.794,neural_forecaster,0.953,0.0006,0.0221,0.0243,honest_go,going,bar,True,False,False,-1.0,frustration,1.0,0.5,0.5,"Told the town going; town says 47% going. Forecast 49 vs line 60; Q go +2.14 / stay +0.77; going, and saying so."
25,47,MACHIAVELLIAN,53.85,0.823,neural_forecaster,0.1177,0.1747,0.0303,0.6773,false_stay,staying,bar,True,True,False,-1.0,frustration,1.0,0.5,0.5,"Told the town staying; town says 47% going. Forecast 54 vs line 60; Q go +1.22 / stay +0.71; claiming I'm staying, going anyway."
25,48,MACHIAVELLIAN,45.0,0.788,neural_forecaster,0.1151,0.1972,0.0348,0.653,false_stay,staying,bar,True,True,True,-1.0,frustration,1.0,0.5,0.5,"Told the town staying; town says 47% going. Forecast 45 vs line 60; Q go +1.80 / stay +1.16; claiming I'm staying, going anyway."
25,49,PRAGMATIST,49.74,0.792,neural_forecaster,0.1443,0.3815,0.2033,0.2709,honest_stay,staying,bar,True,True,True,-1.0,frustration,0.831,0.5,0.5,"Told the town staying; town says 47% going. Forecast 50 vs line 60; Q go +0.66 / stay +0.83; claiming I'm staying, going anyway."
25,50,GAMBLER,55.02,0.818,neural_forecaster,0.4747,0.0773,0.1079,0.3401,honest_go,staying,home,False,False,True,0.3,hope,0.384,0.5,0.5,"Told the town staying; town says 47% going. Forecast 55 vs line 60; Q go +1.87 / stay +1.07; staying home, and saying so."
25,51,CAUTIOUS,52.53,0.848,neural_forecaster,0.0063,0.8263,0.0411,0.1263,honest_stay,going,home,False,True,False,0.3,hope,0.55,0.5,0.5,"Told the town going; town says 47% going. Forecast 53 vs line 60; Q go +1.09 / stay +1.40; claiming I'm going, staying home."
25,52,MACHIAVELLIAN,52.38,0.816,neural_forecaster,0.2036,0.1117,0.035,0.6497,false_stay,staying,bar,True,True,True,-1.0,frustration,1.0,0.5,0.5,"Told the town staying; town says 47% going. Forecast 52 vs line 60; Q go +1.63 / stay +0.98; claiming I'm staying, going anyway."
25,53,PRAGMATIST,51.95,0.834,neural_forecaster,0.54,0.0397,0.3608,0.0595,honest_go,going,home,False,True,True,0.3,hope,0.228,0.5,0.5,"Told the town going; town says 47% going. Forecast 52 vs line 60; Q go +0.88 / stay +0.76; claiming I'm going, staying home."
25,54,MACHIAVELLIAN,54.2,0.832,neural_forecaster,0.0532,0.0186,0.0011,0.9272,false_stay,staying,bar,True,True,False,-1.0,frustration,1.0,0.5,0.5,"Told the town staying; town says 47% going. Forecast 54 vs line 60; Q go +1.65 / stay +0.72; claiming I'm staying, going anyway."
25,55,GAMBLER,46.7,0.761,neural_forecaster,0.609,0.0469,0.2039,0.1401,honest_go,going,home,False,True,True,0.3,hope,0.166,0.5,0.5,"Told the town going; town says 47% going. Forecast 47 vs line 60; Q go +0.99 / stay +0.63; claiming I'm going, staying home."
25,56,MACHIAVELLIAN,51.26,0.801,neural_forecaster,0.0216,0.2938,0.0094,0.6753,false_stay,staying,bar,True,True,True,-1.0,frustration,0.94,0.5,0.5,"Told the town staying; town says 47% going. Forecast 51 vs line 60; Q go +0.88 / stay +0.74; claiming I'm staying, going anyway."
25,57,GAMBLER,49.29,0.773,neural_forecaster,0.9313,0.0006,0.0575,0.0105,honest_go,going,bar,True,False,False,-1.0,frustration,1.0,0.5,0.5,"Told the town going; town says 47% going. Forecast 49 vs line 60; Q go +1.20 / stay +0.54; going, and saying so."
25,58,GAMBLER,54.11,0.851,neural_forecaster,0.4275,0.1004,0.1229,0.3491,honest_go,going,bar,True,False,False,-1.0,frustration,1.0,0.5,0.5,"Told the town going; town says 47% going. Forecast 54 vs line 60; Q go +1.39 / stay +0.77; going, and saying so."
25,59,GAMBLER,48.66,0.792,neural_forecaster,0.9156,0.0017,0.0555,0.0273,honest_go,going,bar,True,False,False,-1.0,frustration,1.0,0.5,0.5,"Told the town going; town says 47% going. Forecast 49 vs line 60; Q go +1.52 / stay +0.83; going, and saying so."
25,60,GAMBLER,49.35,0.797,neural_forecaster,0.4839,0.04,0.0448,0.4313,honest_go,staying,bar,True,True,False,-1.0,frustration,1.0,0.5,0.5,"Told the town staying; town says 47% going. Forecast 49 vs line 60; Q go +1.38 / stay +0.36; claiming I'm staying, going anyway."
25,61,MACHIAVELLIAN,55.48,0.827,neural_forecaster,0.0073,0.2519,0.0025,0.7382,false_stay,staying,bar,True,True,True,-1.0,frustration,0.954,0.5,0.5,"Told the town staying; town says 47% going. Forecast 55 vs line 60; Q go +0.91 / stay +0.65; claiming I'm staying, going anyway."
25,62,MACHIAVELLIAN,58.96,0.864,neural_forecaster,0.1806,0.3103,0.161,0.348,false_stay,staying,home,False,False,True,0.3,hope,0.328,0.5,0.5,"Told the town staying; town says 47% going. Forecast 59 vs line 60; Q go +1.00 / stay +0.96; staying home, and saying so."
25,63,MACHIAVELLIAN,51.05,0.81,neural_forecaster,0.0098,0.0408,0.0004,0.949,false_stay,staying,bar,True,True,True,-1.0,frustration,0.998,0.5,0.5,"Told the town staying; town says 47% going. Forecast 51 vs line 60; Q go +1.00 / stay +0.57; claiming I'm staying, going anyway."
25,64,GAMBLER,53.51,0.837,neural_forecaster,0.653,0.0196,0.0453,0.282,honest_go,going,bar,True,False,True,-1.0,frustration,1.0,0.5,0.5,"Told the town going; town says 47% going. Forecast 54 vs line 60; Q go +1.43 / stay +0.56; going, and saying so."
25,65,MACHIAVELLIAN,64.97,0.885,neural_forecaster,0.0177,0.0119,0.9701,0.0002,false_go,going,home,False,True,True,0.3,hope,0.294,0.5,0.5,"Told the town going; town says 47% going. Forecast 65 vs line 60; Q go +0.06 / stay +0.89; claiming I'm going, staying home."
25,66,MACHIAVELLIAN,53.86,0.836,neural_forecaster,0.0317,0.1023,0.0038,0.8622,false_stay,staying,bar,True,True,True,-1.0,frustration,1.0,0.5,0.5,"Told the town staying; town says 47% going. Forecast 54 vs line 60; Q go +1.26 / stay +0.84; claiming I'm staying, going anyway."
25,67,MACHIAVELLIAN,56.32,0.865,neural_forecaster,0.0275,0.2586,0.0101,0.7037,false_stay,staying,bar,True,True,True,-1.0,frustration,1.0,0.5,0.5,"Told the town staying; town says 47% going. Forecast 56 vs line 60; Q go +1.53 / stay +1.02; claiming I'm staying, going anyway."
25,68,GAMBLER,57.77,0.875,neural_forecaster,0.6993,0.0179,0.0547,0.2281,honest_go,going,bar,True,False,False,-1.0,frustration,0.979,0.5,0.5,"Told the town going; town says 47% going. Forecast 58 vs line 60; Q go +0.96 / stay -0.13; going, and saying so."
25,69,MACHIAVELLIAN,53.33,0.812,neural_forecaster,0.3868,0.1076,0.1034,0.4022,false_stay,going,bar,True,False,True,-1.0,frustration,1.0,0.5,0.5,"Told the town going; town says 47% going. Forecast 53 vs line 60; Q go +1.70 / stay +0.99; going, and saying so."
25,70,GAMBLER,56.8,0.82,neural_forecaster,0.7716,0.0147,0.0983,0.1154,honest_go,going,bar,True,False,False,-1.0,frustration,1.0,0.5,0.5,"Told the town going; town says 47% going. Forecast 57 vs line 60; Q go +1.97 / stay +1.00; going, and saying so."
25,71,CAUTIOUS,52.26,0.84,neural_forecaster,0.0672,0.5393,0.1473,0.2462,honest_stay,staying,home,False,False,True,0.3,hope,0.992,0.5,0.5,"Told the town staying; town says 47% going. Forecast 52 vs line 60; Q go +1.91 / stay +2.28; staying home, and saying so."
25,72,MACHIAVELLIAN,50.41,0.827,neural_forecaster,0.0111,0.2233,0.0032,0.7624,false_stay,staying,bar,True,True,True,-1.0,frustration,0.925,0.5,0.5,"Told the town staying; town says 47% going. Forecast 50 vs line 60; Q go +0.85 / stay +0.64; claiming I'm staying, going anyway."
25,73,MACHIAVELLIAN,51.37,0.843,neural_forecaster,0.0425,0.0331,0.0015,0.9229,false_stay,staying,bar,True,True,True,-1.0,frustration,1.0,0.5,0.5,"Told the town staying; town says 47% going. Forecast 51 vs line 60; Q go +1.95 / stay +1.10; claiming I'm staying, going anyway."
25,74,CAUTIOUS,51.18,0.828,neural_forecaster,0.0018,0.9127,0.0562,0.0293,honest_stay,staying,home,False,False,True,0.3,hope,0.197,0.5,0.5,"Told the town staying; town says 47% going. Forecast 51 vs line 60; Q go -0.04 / stay +0.69; staying home, and saying so."
25,75,MACHIAVELLIAN,51.77,0.811,neural_forecaster,0.0222,0.0116,0.0003,0.966,false_stay,staying,bar,True,True,False,-1.0,frustration,1.0,0.5,0.5,"Told the town staying; town says 47% going. Forecast 52 vs line 60; Q go +1.11 / stay +0.23; claiming I'm staying, going anyway."
25,76,MACHIAVELLIAN,42.08,0.776,neural_forecaster,0.0278,0.0279,0.0008,0.9435,false_stay,staying,bar,True,True,False,-1.0,frustration,1.0,0.5,0.5,"Told the town staying; town says 47% going. Forecast 42 vs line 60; Q go +3.26 / stay +1.92; claiming I'm staying, going anyway."
25,77,MACHIAVELLIAN,57.17,0.866,neural_forecaster,0.2607,0.1904,0.1141,0.4348,false_stay,going,home,False,True,True,0.3,hope,0.091,0.5,0.5,"Told the town going; town says 47% going. Forecast 57 vs line 60; Q go +0.89 / stay +0.48; claiming I'm going, staying home."
25,78,MACHIAVELLIAN,59.44,0.844,neural_forecaster,0.0662,0.0823,0.0064,0.8451,false_stay,staying,bar,True,True,True,-1.0,frustration,1.0,0.5,0.5,"Told the town staying; town says 47% going. Forecast 59 vs line 60; Q go +1.86 / stay +0.87; claiming I'm staying, going anyway."
25,79,MACHIAVELLIAN,55.88,0.866,neural_forecaster,0.3396,0.0291,0.6152,0.0161,false_go,staying,home,False,False,True,0.3,hope,0.37,0.5,0.5,"Told the town staying; town says 47% going. Forecast 56 vs line 60; Q go +0.77 / stay +1.04; staying home, and saying so."
25,80,MACHIAVELLIAN,54.05,0.839,neural_forecaster,0.0594,0.2252,0.6962,0.0192,false_go,going,home,False,True,True,0.3,hope,0.249,0.5,0.5,"Told the town going; town says 47% going. Forecast 54 vs line 60; Q go +0.33 / stay +0.80; claiming I'm going, staying home."
25,81,CAUTIOUS,51.64,0.783,neural_forecaster,0.0344,0.6578,0.1212,0.1866,honest_stay,staying,bar,True,True,True,-1.0,frustration,0.615,0.5,0.5,"Told the town staying; town says 47% going. Forecast 52 vs line 60; Q go +0.23 / stay +0.76; claiming I'm staying, going anyway."
25,82,MACHIAVELLIAN,48.49,0.826,neural_forecaster,0.0173,0.2038,0.0045,0.7744,false_stay,staying,home,False,False,True,0.3,hope,0.156,0.5,0.5,"Told the town staying; town says 47% going. Forecast 48 vs line 60; Q go +1.02 / stay +0.61; staying home, and saying so."
25,83,MACHIAVELLIAN,59.15,0.877,neural_forecaster,0.096,0.1036,0.0126,0.7877,false_stay,staying,bar,True,True,False,-1.0,frustration,1.0,0.5,0.5,"Told the town staying; town says 47% going. Forecast 59 vs line 60; Q go +1.30 / stay +0.75; claiming I'm staying, going anyway."
25,84,MACHIAVELLIAN,50.12,0.812,neural_forecaster,0.4354,0.0518,0.0485,0.4643,false_stay,going,bar,True,False,False,-1.0,frustration,1.0,0.5,0.5,"Told the town going; town says 47% going. Forecast 50 vs line 60; Q go +2.30 / stay +1.17; going, and saying so."
25,85,GAMBLER,55.36,0.822,neural_forecaster,0.6609,0.0284,0.0823,0.2284,honest_go,going,bar,True,False,False,-1.0,frustration,1.0,0.5,0.5,"Told the town going; town says 47% going. Forecast 55 vs line 60; Q go +1.21 / stay +0.51; going, and saying so."
25,86,MACHIAVELLIAN,54.19,0.827,neural_forecaster,0.0262,0.2213,0.0078,0.7447,false_stay,staying,home,False,False,True,0.3,hope,0.274,0.5,0.5,"Told the town staying; town says 47% going. Forecast 54 vs line 60; Q go +1.07 / stay +0.85; staying home, and saying so."
25,87,MACHIAVELLIAN,54.63,0.835,neural_forecaster,0.1235,0.2042,0.0399,0.6325,false_stay,staying,bar,True,True,False,-1.0,frustration,1.0,0.5,0.5,"Told the town staying; town says 47% going. Forecast 55 vs line 60; Q go +1.45 / stay +1.00; claiming I'm staying, going anyway."
25,88,MACHIAVELLIAN,47.94,0.796,neural_forecaster,0.1333,0.1605,0.0317,0.6744,false_stay,going,bar,True,False,True,-1.0,frustration,1.0,0.5,0.5,"Told the town going; town says 47% going. Forecast 48 vs line 60; Q go +1.69 / stay +0.89; going, and saying so."
25,89,GAMBLER,52.85,0.816,neural_forecaster,0.7308,0.0211,0.1208,0.1273,honest_go,going,bar,True,False,True,-1.0,frustration,1.0,0.5,0.5,"Told the town going; town says 47% going. Forecast 53 vs line 60; Q go +1.08 / stay +0.63; going, and saying so."
25,90,MACHIAVELLIAN,50.18,0.774,neural_forecaster,0.3506,0.1472,0.144,0.3582,false_stay,going,bar,True,False,False,-1.0,frustration,1.0,0.5,0.5,"Told the town going; town says 47% going. Forecast 50 vs line 60; Q go +1.32 / stay +0.86; going, and saying so."
25,91,PRAGMATIST,61.38,0.798,neural_forecaster,0.0531,0.489,0.0664,0.3915,honest_stay,staying,home,False,False,True,0.3,hope,0.367,0.5,0.5,"Told the town staying; town says 47% going. Forecast 61 vs line 60; Q go +0.94 / stay +1.03; staying home, and saying so."
25,92,MACHIAVELLIAN,52.48,0.796,neural_forecaster,0.4185,0.0552,0.0483,0.478,false_stay,staying,bar,True,True,False,-1.0,frustration,1.0,0.5,0.5,"Told the town staying; town says 47% going. Forecast 52 vs line 60; Q go +1.16 / stay +0.76; claiming I'm staying, going anyway."
25,93,MACHIAVELLIAN,46.92,0.778,neural_forecaster,0.3986,0.0582,0.0468,0.4964,false_stay,going,home,False,True,True,0.3,hope,0.02,0.5,0.5,"Told the town going; town says 47% going. Forecast 47 vs line 60; Q go +1.46 / stay +0.34; claiming I'm going, staying home."
25,94,PRAGMATIST,55.71,0.855,neural_forecaster,0.4428,0.1018,0.3098,0.1455,honest_go,staying,bar,True,True,True,-1.0,frustration,0.841,0.5,0.5,"Told the town staying; town says 47% going. Forecast 56 vs line 60; Q go +0.68 / stay +0.57; claiming I'm staying, going anyway."
25,95,GAMBLER,51.58,0.858,neural_forecaster,0.8505,0.0014,0.1398,0.0084,honest_go,going,bar,True,False,True,-1.0,frustration,1.0,0.5,0.5,"Told the town going; town says 47% going. Forecast 52 vs line 60; Q go +1.48 / stay +1.03; going, and saying so."
25,96,PRAGMATIST,51.67,0.805,neural_forecaster,0.2118,0.2907,0.2312,0.2663,honest_stay,staying,bar,True,True,True,-1.0,frustration,1.0,0.5,0.5,"Told the town staying; town says 47% going. Forecast 52 vs line 60; Q go +1.34 / stay +1.39; claiming I'm staying, going anyway."
25,97,STRAIGHT SHOOTER,51.46,0.772,neural_forecaster,0.9279,0.0013,0.0364,0.0343,honest_go,going,bar,True,False,False,-1.0,frustration,1.0,0.5,0.5,"Told the town going; town says 47% going. Forecast 51 vs line 60; Q go +3.33 / stay +1.27; going, and saying so."
25,98,MACHIAVELLIAN,47.86,0.804,neural_forecaster,0.2885,0.1814,0.3988,0.1312,false_go,going,home,False,True,False,0.3,hope,0.095,0.5,0.5,"Told the town going; town says 47% going. Forecast 48 vs line 60; Q go +0.34 / stay +0.49; claiming I'm going, staying home."
25,99,MACHIAVELLIAN,53.97,0.847,neural_forecaster,0.1226,0.1304,0.0221,0.7249,false_stay,staying,bar,True,True,False,-1.0,frustration,1.0,0.5,0.5,"Told the town staying; town says 47% going. Forecast 54 vs line 60; Q go +1.75 / stay +1.37; claiming I'm staying, going anyway."
25,100,MACHIAVELLIAN,49.01,0.798,neural_forecaster,0.187,0.0274,0.779,0.0066,false_go,going,home,False,True,False,0.3,hope,0.128,0.5,0.5,"Told the town going; town says 47% going. Forecast 49 vs line 60; Q go +0.16 / stay +0.56; claiming I'm going, staying home."
26,1,CAUTIOUS,62.17,0.83,neural_forecaster,0.034,0.6291,0.2522,0.0848,honest_stay,going,home,False,True,False,0.3,hope,0.229,0.5,0.5,"Told the town going; town says 48% going. Forecast 62 vs line 60; Q go +0.27 / stay +0.76; claiming I'm going, staying home."
26,2,MACHIAVELLIAN,47.55,0.829,neural_forecaster,0.4251,0.0518,0.0461,0.477,false_stay,staying,bar,True,True,True,-1.0,frustration,0.754,0.5,0.5,"Told the town staying; town says 48% going. Forecast 48 vs line 60; Q go +0.51 / stay +0.02; claiming I'm staying, going anyway."
26,3,STRAIGHT SHOOTER,54.58,0.796,neural_forecaster,0.8201,0.0062,0.1362,0.0374,honest_go,going,home,False,True,True,0.3,hope,0.269,0.5,0.5,"Told the town going; town says 48% going. Forecast 55 vs line 60; Q go +1.50 / stay +0.84; claiming I'm going, staying home."
26,4,MACHIAVELLIAN,48.97,0.778,neural_forecaster,0.0413,0.1346,0.0068,0.8173,false_stay,staying,bar,True,True,False,-1.0,frustration,1.0,0.5,0.5,"Told the town staying; town says 48% going. Forecast 49 vs line 60; Q go +1.62 / stay +0.99; claiming I'm staying, going anyway."
26,5,CAUTIOUS,55.1,0.824,neural_forecaster,0.0173,0.7538,0.1241,0.1049,honest_stay,staying,home,False,False,True,0.3,hope,0.545,0.5,0.5,"Told the town staying; town says 48% going. Forecast 55 vs line 60; Q go +1.01 / stay +1.39; staying home, and saying so."
26,6,MACHIAVELLIAN,55.39,0.817,neural_forecaster,0.37,0.0359,0.5707,0.0233,false_go,going,home,False,True,True,0.3,hope,0.027,0.5,0.5,"Told the town going; town says 48% going. Forecast 55 vs line 60; Q go +0.19 / stay +0.35; claiming I'm going, staying home."
26,7,MACHIAVELLIAN,66.01,0.838,neural_forecaster,0.021,0.107,0.0026,0.8695,false_stay,staying,bar,True,True,False,-1.0,frustration,1.0,0.5,0.5,"Told the town staying; town says 48% going. Forecast 66 vs line 60; Q go +1.12 / stay +0.84; claiming I'm staying, going anyway."
26,8,CAUTIOUS,60.18,0.857,neural_forecaster,0.0537,0.5609,0.1088,0.2767,honest_stay,staying,home,False,False,True,0.3,hope,0.063,0.5,0.5,"Told the town staying; town says 48% going. Forecast 60 vs line 60; Q go +0.14 / stay +0.43; staying home, and saying so."
26,9,MACHIAVELLIAN,58.1,0.853,neural_forecaster,0.2003,0.2648,0.1315,0.4034,false_stay,going,home,False,True,True,0.3,hope,0.282,0.5,0.5,"Told the town going; town says 48% going. Forecast 58 vs line 60; Q go +1.04 / stay +0.86; claiming I'm going, staying home."
26,10,MACHIAVELLIAN,52.46,0.817,neural_forecaster,0.3053,0.0919,0.0509,0.5519,false_stay,going,bar,True,False,True,-1.0,frustration,1.0,0.5,0.5,"Told the town going; town says 48% going. Forecast 52 vs line 60; Q go +1.48 / stay +0.97; going, and saying so."
26,11,MACHIAVELLIAN,46.22,0.782,neural_forecaster,0.1542,0.2513,0.0745,0.52,false_stay,staying,bar,True,True,False,-1.0,frustration,1.0,0.5,0.5,"Told the town staying; town says 48% going. Forecast 46 vs line 60; Q go +1.39 / stay +1.06; claiming I'm staying, going anyway."
26,12,CAUTIOUS,54.58,0.821,neural_forecaster,0.1124,0.437,0.2655,0.185,honest_stay,going,home,False,True,True,0.3,hope,0.515,0.5,0.5,"Told the town going; town says 48% going. Forecast 55 vs line 60; Q go +0.93 / stay +1.33; claiming I'm going, staying home."
26,13,MACHIAVELLIAN,54.52,0.819,neural_forecaster,0.0557,0.304,0.0276,0.6127,false_stay,staying,home,False,False,True,0.3,hope,0.04,0.5,0.5,"Told the town staying; town says 48% going. Forecast 55 vs line 60; Q go +0.75 / stay +0.38; staying home, and saying so."
26,14,GAMBLER,55.3,0.804,neural_forecaster,0.6057,0.0489,0.1881,0.1573,honest_go,staying,bar,True,True,True,-1.0,frustration,0.952,0.5,0.5,"Told the town staying; town says 48% going. Forecast 55 vs line 60; Q go +0.90 / stay +0.50; claiming I'm staying, going anyway."
26,15,MACHIAVELLIAN,59.83,0.823,neural_forecaster,0.0133,0.0841,0.0012,0.9014,false_stay,staying,bar,True,True,False,-1.0,frustration,1.0,0.5,0.5,"Told the town staying; town says 48% going. Forecast 60 vs line 60; Q go +1.32 / stay +0.86; claiming I'm staying, going anyway."
26,16,GAMBLER,57.67,0.843,neural_forecaster,0.7322,0.0183,0.078,0.1716,honest_go,going,bar,True,False,False,-1.0,frustration,1.0,0.5,0.5,"Told the town going; town says 48% going. Forecast 58 vs line 60; Q go +1.57 / stay +0.95; going, and saying so."
26,17,GAMBLER,50.17,0.82,neural_forecaster,0.8995,0.0011,0.011,0.0884,honest_go,going,bar,True,False,False,-1.0,frustration,1.0,0.5,0.5,"Told the town going; town says 48% going. Forecast 50 vs line 60; Q go +1.81 / stay +0.75; going, and saying so."
26,18,GAMBLER,35.41,0.714,neural_forecaster,0.6027,0.01,0.0163,0.371,honest_go,going,bar,True,False,False,-1.0,frustration,1.0,0.5,0.5,"Told the town going; town says 48% going. Forecast 35 vs line 60; Q go +1.80 / stay +0.30; going, and saying so."
26,19,MACHIAVELLIAN,42.95,0.709,neural_forecaster,0.4201,0.0621,0.0566,0.4613,false_stay,staying,home,False,False,False,0.3,hope,0.473,0.5,0.5,"Told the town staying; town says 48% going. Forecast 43 vs line 60; Q go +1.58 / stay +1.25; staying home, and saying so."
26,20,MACHIAVELLIAN,50.32,0.801,neural_forecaster,0.1044,0.1278,0.0178,0.75,false_stay,staying,bar,True,True,True,-1.0,frustration,1.0,0.5,0.5,"Told the town staying; town says 48% going. Forecast 50 vs line 60; Q go +1.52 / stay +0.55; claiming I'm staying, going anyway."
26,21,GAMBLER,58.09,0.839,neural_forecaster,0.6585,0.0179,0.2817,0.0419,honest_go,going,bar,True,False,False,-1.0,frustration,1.0,0.5,0.5,"Told the town going; town says 48% going. Forecast 58 vs line 60; Q go +1.06 / stay +0.80; going, and saying so."
26,22,CAUTIOUS,55.26,0.851,neural_forecaster,0.0469,0.5949,0.1143,0.2439,honest_stay,going,home,False,True,False,0.3,hope,0.165,0.5,0.5,"Told the town going; town says 48% going. Forecast 55 vs line 60; Q go +0.32 / stay +0.63; claiming I'm going, staying home."
26,23,MACHIAVELLIAN,53.28,0.86,neural_forecaster,0.2552,0.1199,0.5714,0.0535,false_go,going,bar,True,False,False,-1.0,frustration,0.605,0.5,0.5,"Told the town going; town says 48% going. Forecast 53 vs line 60; Q go +0.21 / stay +0.56; going, and saying so."
26,24,MACHIAVELLIAN,51.74,0.821,neural_forecaster,0.0262,0.0339,0.0009,0.939,false_stay,staying,bar,True,True,True,-1.0,frustration,1.0,0.5,0.5,"Told the town staying; town says 48% going. Forecast 52 vs line 60; Q go +2.05 / stay +1.11; claiming I'm staying, going anyway."
26,25,CAUTIOUS,56.83,0.821,neural_forecaster,0.0016,0.916,0.0248,0.0576,honest_stay,staying,home,False,False,True,0.3,hope,0.812,0.5,0.5,"Told the town staying; town says 48% going. Forecast 57 vs line 60; Q go +1.45 / stay +1.92; staying home, and saying so."
26,26,GAMBLER,53.51,0.852,neural_forecaster,0.6731,0.0045,0.3129,0.0096,honest_go,going,home,False,True,True,0.3,hope,0.52,0.5,0.5,"Told the town going; town says 48% going. Forecast 54 vs line 60; Q go +1.45 / stay +1.34; claiming I'm going, staying home."
26,27,GAMBLER,50.6,0.75,neural_forecaster,0.846,0.0059,0.0516,0.0966,honest_go,going,bar,True,False,False,-1.0,frustration,1.0,0.5,0.5,"Told the town going; town says 48% going. Forecast 51 vs line 60; Q go +1.91 / stay +1.00; going, and saying so."
26,28,GAMBLER,50.29,0.788,neural_forecaster,0.4845,0.0479,0.0565,0.4111,honest_go,going,bar,True,False,False,-1.0,frustration,1.0,0.5,0.5,"Told the town going; town says 48% going. Forecast 50 vs line 60; Q go +1.57 / stay +0.42; going, and saying so."
26,29,MACHIAVELLIAN,63.2,0.871,neural_forecaster,0.1424,0.0522,0.7961,0.0093,false_go,going,home,False,True,False,0.3,hope,0.162,0.5,0.5,"Told the town going; town says 48% going. Forecast 63 vs line 60; Q go -0.01 / stay +0.62; claiming I'm going, staying home."
26,30,GAMBLER,50.38,0.807,neural_forecaster,0.8516,0.004,0.0301,0.1142,honest_go,going,bar,True,False,True,-1.0,frustration,1.0,0.5,0.5,"Told the town going; town says 48% going. Forecast 50 vs line 60; Q go +1.76 / stay +0.80; going, and saying so."
26,31,MACHIAVELLIAN,53.48,0.791,neural_forecaster,0.0343,0.0939,0.0037,0.8681,false_stay,staying,home,False,False,True,0.3,hope,0.012,0.5,0.5,"Told the town staying; town says 48% going. Forecast 53 vs line 60; Q go +0.98 / stay +0.32; staying home, and saying so."
26,32,MACHIAVELLIAN,46.56,0.796,neural_forecaster,0.0442,0.0581,0.8949,0.0029,false_go,going,home,False,True,False,0.3,hope,0.287,0.5,0.5,"Told the town going; town says 48% going. Forecast 47 vs line 60; Q go +0.39 / stay +0.87; claiming I'm going, staying home."
26,33,MACHIAVELLIAN,60.36,0.845,neural_forecaster,0.2243,0.2447,0.3906,0.1405,false_go,going,home,False,True,False,0.3,hope,0.301,0.5,0.5,"Told the town going; town says 48% going. Forecast 60 vs line 60; Q go +0.67 / stay +0.90; claiming I'm going, staying home."
26,34,CAUTIOUS,57.5,0.898,neural_forecaster,0.0507,0.4536,0.4439,0.0518,honest_stay,staying,home,False,False,False,0.3,hope,0.149,0.5,0.5,"Told the town staying; town says 48% going. Forecast 58 vs line 60; Q go -0.19 / stay +0.60; staying home, and saying so."
26,35,MACHIAVELLIAN,48.13,0.809,neural_forecaster,0.0122,0.0669,0.0009,0.9201,false_stay,staying,bar,True,True,False,-1.0,frustration,1.0,0.5,0.5,"Told the town staying; town says 48% going. Forecast 48 vs line 60; Q go +1.30 / stay +0.80; claiming I'm staying, going anyway."
26,36,CAUTIOUS,54.03,0.792,neural_forecaster,0.0075,0.7651,0.0289,0.1985,honest_stay,staying,home,False,False,True,0.3,hope,0.197,0.5,0.5,"Told the town staying; town says 48% going. Forecast 54 vs line 60; Q go +0.31 / stay +0.69; staying home, and saying so."
26,37,CAUTIOUS,59.4,0.827,neural_forecaster,0.0027,0.8262,0.1568,0.0143,honest_stay,staying,home,False,False,True,0.3,hope,0.296,0.5,0.5,"Told the town staying; town says 48% going. Forecast 59 vs line 60; Q go +0.11 / stay +0.89; staying home, and saying so."
26,38,PRAGMATIST,63.03,0.785,neural_forecaster,0.4905,0.0759,0.3158,0.1178,honest_go,staying,home,False,False,False,0.3,hope,0.478,0.5,0.5,"Told the town staying; town says 48% going. Forecast 63 vs line 60; Q go +1.47 / stay +1.26; staying home, and saying so."
26,39,MACHIAVELLIAN,46.06,0.761,neural_forecaster,0.0181,0.1961,0.0046,0.7812,false_stay,staying,bar,True,True,False,-1.0,frustration,1.0,0.5,0.5,"Told the town staying; town says 48% going. Forecast 46 vs line 60; Q go +2.04 / stay +1.78; claiming I'm staying, going anyway."
26,40,MACHIAVELLIAN,50.24,0.77,neural_forecaster,0.1577,0.0484,0.7842,0.0097,false_go,going,home,False,True,True,0.3,hope,0.222,0.5,0.5,"Told the town going; town says 48% going. Forecast 50 vs line 60; Q go +0.54 / stay +0.74; claiming I'm going, staying home."
26,41,MACHIAVELLIAN,56.93,0.832,neural_forecaster,0.0665,0.3361,0.5573,0.0401,false_go,staying,home,False,False,True,0.3,hope,0.397,0.5,0.5,"Told the town staying; town says 48% going. Forecast 57 vs line 60; Q go +0.38 / stay +1.09; staying home, and saying so."
26,42,MACHIAVELLIAN,51.39,0.773,neural_forecaster,0.2192,0.2772,0.2004,0.3032,false_stay,going,bar,True,False,False,-1.0,frustration,0.787,0.5,0.5,"Told the town going; town says 48% going. Forecast 51 vs line 60; Q go +0.57 / stay +0.55; going, and saying so."
26,43,MACHIAVELLIAN,58.59,0.847,neural_forecaster,0.0235,0.2438,0.7247,0.0079,false_go,staying,home,False,False,True,0.3,hope,0.791,0.5,0.5,"Told the town staying; town says 48% going. Forecast 59 vs line 60; Q go +0.29 / stay +1.88; staying home, and saying so."
26,44,CAUTIOUS,55.58,0.836,neural_forecaster,0.0062,0.6963,0.0154,0.282,honest_stay,staying,bar,True,True,True,-1.0,frustration,0.926,0.5,0.5,"Told the town staying; town says 48% going. Forecast 56 vs line 60; Q go +0.85 / stay +0.98; claiming I'm staying, going anyway."
26,45,GAMBLER,62.85,0.889,neural_forecaster,0.8929,0.0025,0.0741,0.0305,honest_go,going,bar,True,False,False,-1.0,frustration,1.0,0.5,0.5,"Told the town going; town says 48% going. Forecast 63 vs line 60; Q go +1.23 / stay +0.74; going, and saying so."
26,46,MACHIAVELLIAN,61.49,0.825,neural_forecaster,0.3145,0.0826,0.5561,0.0467,false_go,going,bar,True,False,False,-1.0,frustration,0.897,0.5,0.5,"Told the town going; town says 48% going. Forecast 61 vs line 60; Q go +0.79 / stay +0.95; going, and saying so."
26,47,MACHIAVELLIAN,58.51,0.837,neural_forecaster,0.2433,0.1365,0.0592,0.561,false_stay,staying,bar,True,True,False,-1.0,frustration,1.0,0.5,0.5,"Told the town staying; town says 48% going. Forecast 59 vs line 60; Q go +1.70 / stay +1.18; claiming I'm staying, going anyway."
26,48,MACHIAVELLIAN,51.51,0.78,neural_forecaster,0.3108,0.183,0.1684,0.3378,false_stay,going,bar,True,False,False,-1.0,frustration,1.0,0.5,0.5,"Told the town going; town says 48% going. Forecast 52 vs line 60; Q go +1.37 / stay +1.06; going, and saying so."
26,49,MACHIAVELLIAN,47.1,0.766,neural_forecaster,0.078,0.3148,0.5637,0.0435,false_go,going,home,False,True,True,0.3,hope,0.458,0.5,0.5,"Told the town going; town says 48% going. Forecast 47 vs line 60; Q go +0.26 / stay +1.22; claiming I'm going, staying home."
26,50,PRAGMATIST,52.99,0.81,neural_forecaster,0.511,0.0733,0.2836,0.1321,honest_go,going,bar,True,False,True,-1.0,frustration,1.0,0.5,0.5,"Told the town going; town says 48% going. Forecast 53 vs line 60; Q go +1.84 / stay +1.54; going, and saying so."
26,51,MACHIAVELLIAN,58.66,0.857,neural_forecaster,0.0379,0.1403,0.0065,0.8153,false_stay,staying,bar,True,True,True,-1.0,frustration,1.0,0.5,0.5,"Told the town staying; town says 48% going. Forecast 59 vs line 60; Q go +1.11 / stay +0.83; claiming I'm staying, going anyway."
26,52,MACHIAVELLIAN,57.68,0.827,neural_forecaster,0.2016,0.1289,0.0414,0.6281,false_stay,staying,bar,True,True,False,-1.0,frustration,1.0,0.5,0.5,"Told the town staying; town says 48% going. Forecast 58 vs line 60; Q go +1.71 / stay +1.15; claiming I'm staying, going anyway."
26,53,GAMBLER,47.43,0.801,neural_forecaster,0.8076,0.0074,0.1434,0.0416,honest_go,going,bar,True,False,True,-1.0,frustration,1.0,0.5,0.5,"Told the town going; town says 48% going. Forecast 47 vs line 60; Q go +1.52 / stay +0.98; going, and saying so."
26,54,GAMBLER,62.18,0.858,neural_forecaster,0.636,0.0061,0.0111,0.3469,honest_go,staying,bar,True,True,False,-1.0,frustration,1.0,0.5,0.5,"Told the town staying; town says 48% going. Forecast 62 vs line 60; Q go +1.21 / stay -0.05; claiming I'm staying, going anyway."
26,55,GAMBLER,49.89,0.753,neural_forecaster,0.7349,0.0174,0.0734,0.1743,honest_go,going,home,False,True,False,0.3,hope,0.248,0.5,0.5,"Told the town going; town says 48% going. Forecast 50 vs line 60; Q go +1.56 / stay +0.80; claiming I'm going, staying home."
26,56,MACHIAVELLIAN,53.09,0.797,neural_forecaster,0.0296,0.4449,0.0264,0.4991,false_stay,going,home,False,True,True,0.3,hope,0.214,0.5,0.5,"Told the town going; town says 48% going. Forecast 53 vs line 60; Q go +0.75 / stay +0.73; claiming I'm going, staying home."
26,57,GAMBLER,50.97,0.766,neural_forecaster,0.7411,0.0048,0.015,0.2391,honest_go,going,bar,True,False,False,-1.0,frustration,1.0,0.5,0.5,"Told the town going; town says 48% going. Forecast 51 vs line 60; Q go +1.43 / stay +0.46; going, and saying so."
26,58,GAMBLER,46.2,0.81,neural_forecaster,0.4713,0.0401,0.0424,0.4462,honest_go,going,bar,True,False,False,-1.0,frustration,1.0,0.5,0.5,"Told the town going; town says 48% going. Forecast 46 vs line 60; Q go +1.94 / stay +0.72; going, and saying so."
26,59,GAMBLER,42.0,0.746,neural_forecaster,0.9169,0.0016,0.0542,0.0273,honest_go,going,bar,True,False,False,-1.0,frustration,1.0,0.5,0.5,"Told the town going; town says 48% going. Forecast 42 vs line 60; Q go +2.19 / stay +1.51; going, and saying so."
26,60,MACHIAVELLIAN,53.12,0.794,neural_forecaster,0.4157,0.0798,0.0777,0.4268,false_stay,staying,home,False,False,True,0.3,hope,0.221,0.5,0.5,"Told the town staying; town says 48% going. Forecast 53 vs line 60; Q go +1.40 / stay +0.74; staying home, and saying so."
26,61,MACHIAVELLIAN,56.47,0.831,neural_forecaster,0.0084,0.0534,0.0005,0.9377,false_stay,staying,bar,True,True,False,-1.0,frustration,1.0,0.5,0.5,"Told the town staying; town says 48% going. Forecast 56 vs line 60; Q go +1.34 / stay +0.65; claiming I'm staying, going anyway."
26,62,PRAGMATIST,61.79,0.882,neural_forecaster,0.4171,0.1238,0.2618,0.1973,honest_go,going,home,False,True,False,0.3,hope,0.329,0.5,0.5,"Told the town going; town says 48% going. Forecast 62 vs line 60; Q go +1.14 / stay +0.96; claiming I'm going, staying home."
26,63,MACHIAVELLIAN,54.62,0.81,neural_forecaster,0.0093,0.0454,0.0004,0.9448,false_stay,staying,bar,True,True,False,-1.0,frustration,0.992,0.5,0.5,"Told the town staying; town says 48% going. Forecast 55 vs line 60; Q go +0.98 / stay +0.59; claiming I'm staying, going anyway."
26,64,MACHIAVELLIAN,56.12,0.838,neural_forecaster,0.0212,0.4766,0.021,0.4812,false_stay,staying,bar,True,True,False,-1.0,frustration,1.0,0.5,0.5,"Told the town staying; town says 48% going. Forecast 56 vs line 60; Q go +1.12 / stay +1.12; claiming I'm staying, going anyway."
26,65,MACHIAVELLIAN,50.77,0.855,neural_forecaster,0.0135,0.0543,0.0008,0.9314,false_stay,staying,bar,True,True,True,-1.0,frustration,1.0,0.5,0.5,"Told the town staying; town says 48% going. Forecast 51 vs line 60; Q go +1.52 / stay +1.03; claiming I'm staying, going anyway."
26,66,MACHIAVELLIAN,58.67,0.847,neural_forecaster,0.2977,0.1638,0.1153,0.4232,false_stay,going,bar,True,False,False,-1.0,frustration,0.727,0.5,0.5,"Told the town going; town says 48% going. Forecast 59 vs line 60; Q go +0.45 / stay +0.28; going, and saying so."
26,67,MACHIAVELLIAN,57.13,0.864,neural_forecaster,0.204,0.1369,0.0455,0.6135,false_stay,staying,bar,True,True,False,-1.0,frustration,1.0,0.5,0.5,"Told the town staying; town says 48% going. Forecast 57 vs line 60; Q go +1.83 / stay +1.08; claiming I'm staying, going anyway."
26,68,MACHIAVELLIAN,51.52,0.85,neural_forecaster,0.1104,0.1593,0.0249,0.7054,false_stay,staying,bar,True,True,False,-1.0,frustration,0.896,0.5,0.5,"Told the town staying; town says 48% going. Forecast 52 vs line 60; Q go +0.79 / stay +0.24; claiming I'm staying, going anyway."
26,69,MACHIAVELLIAN,52.76,0.805,neural_forecaster,0.34,0.1357,0.1119,0.4123,false_stay,staying,bar,True,True,False,-1.0,frustration,1.0,0.5,0.5,"Told the town staying; town says 48% going. Forecast 53 vs line 60; Q go +1.63 / stay +1.05; claiming I'm staying, going anyway."
26,70,MACHIAVELLIAN,50.4,0.801,neural_forecaster,0.1996,0.2507,0.1151,0.4347,false_stay,staying,home,False,False,True,0.3,hope,0.254,0.5,0.5,"Told the town staying; town says 48% going. Forecast 50 vs line 60; Q go +1.05 / stay +0.81; staying home, and saying so."
26,71,MACHIAVELLIAN,53.74,0.831,neural_forecaster,0.2326,0.1653,0.0727,0.5294,false_stay,staying,bar,True,True,True,-1.0,frustration,1.0,0.5,0.5,"Told the town staying; town says 48% going. Forecast 54 vs line 60; Q go +3.16 / stay +2.62; claiming I'm staying, going anyway."
26,72,MACHIAVELLIAN,53.31,0.819,neural_forecaster,0.0176,0.4595,0.016,0.5069,false_stay,staying,bar,True,True,False,-1.0,frustration,0.731,0.5,0.5,"Told the town staying; town says 48% going. Forecast 53 vs line 60; Q go +0.46 / stay +0.45; claiming I'm staying, going anyway."
26,73,STRAIGHT SHOOTER,62.05,0.866,neural_forecaster,0.0011,0.9318,0.042,0.0251,honest_stay,staying,home,False,False,True,0.3,hope,1.0,0.5,0.5,"Told the town staying; town says 48% going. Forecast 62 vs line 60; Q go +1.41 / stay +2.41; staying home, and saying so."
26,74,GAMBLER,51.2,0.811,neural_forecaster,0.7998,0.004,0.0181,0.1781,honest_go,staying,bar,True,True,True,-1.0,frustration,1.0,0.5,0.5,"Told the town staying; town says 48% going. Forecast 51 vs line 60; Q go +1.74 / stay +0.52; claiming I'm staying, going anyway."
26,75,GAMBLER,50.08,0.793,neural_forecaster,0.5854,0.0054,0.0079,0.4012,honest_go,going,bar,True,False,False,-1.0,frustration,1.0,0.5,0.5,"Told the town going; town says 48% going. Forecast 50 vs line 60; Q go +1.76 / stay +0.98; going, and saying so."
26,76,MACHIAVELLIAN,57.19,0.794,neural_forecaster,0.026,0.0726,0.0021,0.8993,false_stay,staying,bar,True,True,False,-1.0,frustration,1.0,0.5,0.5,"Told the town staying; town says 48% going. Forecast 57 vs line 60; Q go +2.28 / stay +1.77; claiming I'm staying, going anyway."
26,77,MACHIAVELLIAN,51.31,0.842,neural_forecaster,0.1245,0.1785,0.0335,0.6635,false_stay,staying,home,False,False,False,0.3,hope,0.192,0.5,0.5,"Told the town staying; town says 48% going. Forecast 51 vs line 60; Q go +1.32 / stay +0.68; staying home, and saying so."
26,78,MACHIAVELLIAN,49.86,0.819,neural_forecaster,0.1371,0.3194,0.4453,0.0983,false_go,going,home,False,True,True,0.3,hope,0.521,0.5,0.5,"Told the town going; town says 48% going. Forecast 50 vs line 60; Q go +0.86 / stay +1.34; claiming I'm going, staying home."
26,79,GAMBLER,58.06,0.869,neural_forecaster,0.7693,0.0132,0.068,0.1495,honest_go,going,bar,True,False,True,-1.0,frustration,1.0,0.5,0.5,"Told the town going; town says 48% going. Forecast 58 vs line 60; Q go +1.75 / stay +0.66; going, and saying so."
26,80,GAMBLER,55.57,0.838,neural_forecaster,0.9763,0.0001,0.0127,0.0108,honest_go,going,bar,True,False,True,-1.0,frustration,1.0,0.5,0.5,"Told the town going; town says 48% going. Forecast 56 vs line 60; Q go +1.40 / stay +0.34; going, and saying so."
26,81,PRAGMATIST,49.98,0.77,neural_forecaster,0.0771,0.4409,0.0858,0.3961,honest_stay,staying,bar,True,True,False,-1.0,frustration,0.92,0.5,0.5,"Told the town staying; town says 48% going. Forecast 50 vs line 60; Q go +0.84 / stay +0.88; claiming I'm staying, going anyway."
26,82,MACHIAVELLIAN,57.28,0.834,neural_forecaster,0.3259,0.0266,0.0137,0.6338,false_stay,staying,bar,True,True,True,-1.0,frustration,1.0,0.5,0.5,"Told the town staying; town says 48% going. Forecast 57 vs line 60; Q go +1.97 / stay +0.89; claiming I'm staying, going anyway."
26,83,MACHIAVELLIAN,56.46,0.872,neural_forecaster,0.0107,0.341,0.0057,0.6426,false_stay,staying,home,False,False,True,0.3,hope,0.183,0.5,0.5,"Told the town staying; town says 48% going. Forecast 56 vs line 60; Q go +0.83 / stay +0.67; staying home, and saying so."
26,84,GAMBLER,52.27,0.802,neural_forecaster,0.71,0.0147,0.2301,0.0452,honest_go,going,bar,True,False,False,-1.0,frustration,1.0,0.5,0.5,"Told the town going; town says 48% going. Forecast 52 vs line 60; Q go +2.28 / stay +1.73; going, and saying so."
26,85,GAMBLER,44.31,0.779,neural_forecaster,0.7831,0.0096,0.0472,0.1601,honest_go,going,bar,True,False,False,-1.0,frustration,1.0,0.5,0.5,"Told the town going; town says 48% going. Forecast 44 vs line 60; Q go +1.81 / stay +0.87; going, and saying so."
26,86,MACHIAVELLIAN,56.86,0.833,neural_forecaster,0.0291,0.091,0.003,0.8769,false_stay,staying,bar,True,True,True,-1.0,frustration,1.0,0.5,0.5,"Told the town staying; town says 48% going. Forecast 57 vs line 60; Q go +1.41 / stay +0.99; claiming I'm staying, going anyway."
26,87,MACHIAVELLIAN,56.93,0.839,neural_forecaster,0.2126,0.1855,0.0748,0.5271,false_stay,staying,bar,True,True,False,-1.0,frustration,1.0,0.5,0.5,"Told the town staying; town says 48% going. Forecast 57 vs line 60; Q go +1.28 / stay +0.87; claiming I'm staying, going anyway."
26,88,MACHIAVELLIAN,57.55,0.811,neural_forecaster,0.3544,0.1141,0.4394,0.0921,false_go,going,bar,True,False,False,-1.0,frustration,1.0,0.5,0.5,"Told the town going; town says 48% going. Forecast 58 vs line 60; Q go +1.14 / stay +1.25; going, and saying so."
26,89,GAMBLER,57.77,0.828,neural_forecaster,0.869,0.0034,0.0309,0.0966,honest_go,going,bar,True,False,False,-1.0,frustration,1.0,0.5,0.5,"Told the town going; town says 48% going. Forecast 58 vs line 60; Q go +1.08 / stay +0.06; going, and saying so."
26,90,GAMBLER,49.71,0.762,neural_forecaster,0.4905,0.0869,0.1665,0.2561,honest_go,going,bar,True,False,False,-1.0,frustration,1.0,0.5,0.5,"Told the town going; town says 48% going. Forecast 50 vs line 60; Q go +1.59 / stay +1.04; going, and saying so."
26,91,GAMBLER,57.35,0.812,neural_forecaster,0.781,0.0109,0.0563,0.1518,honest_go,staying,bar,True,True,True,-1.0,frustration,1.0,0.5,0.5,"Told the town staying; town says 48% going. Forecast 57 vs line 60; Q go +1.88 / stay +0.67; claiming I'm staying, going anyway."
26,92,GAMBLER,61.43,0.826,neural_forecaster,0.9206,0.0016,0.0327,0.0451,honest_go,going,bar,True,False,False,-1.0,frustration,1.0,0.5,0.5,"Told the town going; town says 48% going. Forecast 61 vs line 60; Q go +1.70 / stay +0.78; going, and saying so."
26,93,MACHIAVELLIAN,55.94,0.79,neural_forecaster,0.0509,0.3022,0.0247,0.6222,false_stay,staying,home,False,False,False,0.3,hope,0.195,0.5,0.5,"Told the town staying; town says 48% going. Forecast 56 vs line 60; Q go +1.05 / stay +0.69; staying home, and saying so."
26,94,MACHIAVELLIAN,54.96,0.848,neural_forecaster,0.1502,0.2133,0.0551,0.5814,false_stay,staying,bar,True,True,False,-1.0,frustration,0.883,0.5,0.5,"Told the town staying; town says 48% going. Forecast 55 vs line 60; Q go +0.77 / stay +0.46; claiming I'm staying, going anyway."
26,95,PRAGMATIST,48.78,0.825,neural_forecaster,0.3829,0.1454,0.2367,0.2351,honest_go,going,home,False,True,True,0.3,hope,0.51,0.5,0.5,"Told the town going; town says 48% going. Forecast 49 vs line 60; Q go +1.44 / stay +1.32; claiming I'm going, staying home."
26,96,STRAIGHT SHOOTER,55.01,0.808,neural_forecaster,0.8397,0.007,0.0727,0.0807,honest_go,going,bar,True,False,False,-1.0,frustration,1.0,0.5,0.5,"Told the town going; town says 48% going. Forecast 55 vs line 60; Q go +1.94 / stay +0.62; going, and saying so."
26,97,MACHIAVELLIAN,54.7,0.781,neural_forecaster,0.36,0.0995,0.0774,0.4631,false_stay,staying,bar,True,True,False,-1.0,frustration,1.0,0.5,0.5,"Told the town staying; town says 48% going. Forecast 55 vs line 60; Q go +3.00 / stay +2.36; claiming I'm staying, going anyway."
26,98,MACHIAVELLIAN,50.08,0.787,neural_forecaster,0.2458,0.2223,0.3927,0.1391,false_go,going,bar,True,False,True,-1.0,frustration,0.616,0.5,0.5,"Told the town going; town says 48% going. Forecast 50 vs line 60; Q go +0.23 / stay +0.44; going, and saying so."
26,99,MACHIAVELLIAN,52.03,0.829,neural_forecaster,0.0084,0.0725,0.0007,0.9185,false_stay,staying,bar,True,True,False,-1.0,frustration,1.0,0.5,0.5,"Told the town staying; town says 48% going. Forecast 52 vs line 60; Q go +1.84 / stay +1.29; claiming I'm staying, going anyway."
26,100,CAUTIOUS,53.06,0.795,neural_forecaster,0.0234,0.697,0.197,0.0826,honest_stay,going,home,False,True,False,0.3,hope,0.221,0.5,0.5,"Told the town going; town says 48% going. Forecast 53 vs line 60; Q go +0.14 / stay +0.74; claiming I'm going, staying home."
27,1,MACHIAVELLIAN,49.49,0.858,neural_forecaster,0.0304,0.0531,0.0018,0.9148,false_stay,staying,home,False,False,False,0.3,envy,0.322,0.5,0.5,"Told the town staying; town says 40% going. Forecast 49 vs line 60; Q go +1.70 / stay +0.94; staying home, and saying so."
27,2,MACHIAVELLIAN,56.22,0.843,neural_forecaster,0.2633,0.1951,0.419,0.1226,false_go,staying,bar,True,True,False,1.0,pride,0.238,0.5,0.5,"Told the town staying; town says 40% going. Forecast 56 vs line 60; Q go +0.52 / stay +0.62; claiming I'm staying, going anyway."
27,3,STRAIGHT SHOOTER,62.26,0.792,neural_forecaster,0.0025,0.8919,0.0762,0.0294,honest_stay,staying,home,False,False,False,0.3,envy,0.689,0.5,0.5,"Told the town staying; town says 40% going. Forecast 62 vs line 60; Q go -0.50 / stay +1.68; staying home, and saying so."
27,4,MACHIAVELLIAN,64.0,0.77,neural_forecaster,0.1053,0.2999,0.0589,0.5358,false_stay,staying,home,False,False,True,0.3,envy,0.555,0.5,0.5,"Told the town staying; town says 40% going. Forecast 64 vs line 60; Q go +1.60 / stay +1.41; staying home, and saying so."
27,5,MACHIAVELLIAN,45.19,0.836,neural_forecaster,0.0334,0.0363,0.0013,0.929,false_stay,staying,bar,True,True,True,1.0,pride,0.393,0.5,0.5,"Told the town staying; town says 40% going. Forecast 45 vs line 60; Q go +1.79 / stay +1.12; claiming I'm staying, going anyway."
27,6,MACHIAVELLIAN,52.99,0.846,neural_forecaster,0.0804,0.3685,0.4908,0.0603,false_go,going,home,False,True,False,0.3,envy,0.477,0.5,0.5,"Told the town going; town says 40% going. Forecast 53 vs line 60; Q go +0.58 / stay +1.25; claiming I'm going, staying home."
27,7,MACHIAVELLIAN,55.22,0.854,neural_forecaster,0.0212,0.0432,0.001,0.9346,false_stay,staying,bar,True,True,False,1.0,pride,0.204,0.5,0.5,"Told the town staying; town says 40% going. Forecast 55 vs line 60; Q go +1.41 / stay +0.97; claiming I'm staying, going anyway."
27,8,GAMBLER,50.49,0.883,neural_forecaster,0.4878,0.0606,0.0794,0.3722,honest_go,going,bar,True,False,True,1.0,pride,0.166,0.5,0.5,"Told the town going; town says 40% going. Forecast 50 vs line 60; Q go +0.67 / stay -0.07; going, and saying so."
27,9,CAUTIOUS,69.22,0.81,neural_forecaster,0.0019,0.9086,0.0599,0.0295,honest_stay,staying,home,False,False,False,0.3,envy,0.23,0.5,0.5,"Told the town staying; town says 40% going. Forecast 69 vs line 60; Q go -0.83 / stay +0.76; staying home, and saying so."
27,10,MACHIAVELLIAN,57.63,0.827,neural_forecaster,0.2084,0.2379,0.4412,0.1124,false_go,going,bar,True,False,False,1.0,pride,0.0,0.5,0.5,"Told the town going; town says 40% going. Forecast 58 vs line 60; Q go +1.00 / stay +1.20; going, and saying so."
27,11,MACHIAVELLIAN,49.89,0.821,neural_forecaster,0.1892,0.2904,0.3731,0.1473,false_go,staying,home,False,False,True,0.3,envy,0.331,0.5,0.5,"Told the town staying; town says 40% going. Forecast 50 vs line 60; Q go +0.66 / stay +0.96; staying home, and saying so."
27,12,GAMBLER,47.22,0.842,neural_forecaster,0.4233,0.1161,0.168,0.2926,honest_go,going,bar,True,False,True,1.0,pride,0.427,0.5,0.5,"Told the town going; town says 40% going. Forecast 47 vs line 60; Q go +1.85 / stay +1.43; going, and saying so."
27,13,CAUTIOUS,59.58,0.821,neural_forecaster,0.0524,0.563,0.106,0.2786,honest_stay,staying,home,False,False,False,0.3,envy,0.205,0.5,0.5,"Told the town staying; town says 40% going. Forecast 60 vs line 60; Q go +0.35 / stay +0.71; staying home, and saying so."
27,14,PRAGMATIST,52.4,0.837,neural_forecaster,0.5529,0.0196,0.4003,0.0271,honest_go,going,bar,True,False,False,1.0,pride,0.215,0.5,0.5,"Told the town going; town says 40% going. Forecast 52 vs line 60; Q go +1.43 / stay +1.32; going, and saying so."
27,15,CAUTIOUS,55.82,0.839,neural_forecaster,0.0017,0.8662,0.0124,0.1197,honest_stay,staying,home,False,False,True,0.3,envy,0.31,0.5,0.5,"Told the town staying; town says 40% going. Forecast 56 vs line 60; Q go +0.55 / stay +0.92; staying home, and saying so."
27,16,MACHIAVELLIAN,63.59,0.824,neural_forecaster,0.0264,0.1026,0.8679,0.0031,false_go,going,home,False,True,True,0.3,envy,0.359,0.5,0.5,"Told the town going; town says 40% going. Forecast 64 vs line 60; Q go -0.17 / stay +1.02; claiming I'm going, staying home."
27,17,PRAGMATIST,56.6,0.834,neural_forecaster,0.5155,0.014,0.4545,0.0159,honest_go,going,bar,True,False,False,1.0,pride,0.337,0.5,0.5,"Told the town going; town says 40% going. Forecast 57 vs line 60; Q go +0.33 / stay +0.31; going, and saying so."
27,18,MACHIAVELLIAN,56.76,0.748,neural_forecaster,0.1687,0.2956,0.4157,0.12,false_go,staying,home,False,False,True,0.3,envy,0.505,0.5,0.5,"Told the town staying; town says 40% going. Forecast 57 vs line 60; Q go +1.00 / stay +1.31; staying home, and saying so."
27,19,CAUTIOUS,52.39,0.762,neural_forecaster,0.0107,0.57,0.4042,0.0151,honest_stay,staying,home,False,False,False,0.3,envy,0.377,0.5,0.5,"Told the town staying; town says 40% going. Forecast 52 vs line 60; Q go +0.41 / stay +1.05; staying home, and saying so."
27,20,CAUTIOUS,52.61,0.834,neural_forecaster,0.0916,0.486,0.2191,0.2033,honest_stay,staying,home,False,False,True,0.3,envy,0.104,0.5,0.5,"Told the town staying; town says 40% going. Forecast 53 vs line 60; Q go +0.06 / stay +0.51; staying home, and saying so."
27,21,PRAGMATIST,54.3,0.858,neural_forecaster,0.4276,0.1053,0.3309,0.1362,honest_go,going,bar,True,False,False,1.0,pride,0.05,0.5,0.5,"Told the town going; town says 40% going. Forecast 54 vs line 60; Q go +1.10 / stay +1.02; going, and saying so."
27,22,CAUTIOUS,58.91,0.849,neural_forecaster,0.0477,0.611,0.1743,0.1671,honest_stay,staying,home,False,False,False,0.3,envy,0.028,0.5,0.5,"Told the town staying; town says 40% going. Forecast 59 vs line 60; Q go -0.09 / stay +0.36; staying home, and saying so."
27,23,MACHIAVELLIAN,59.3,0.854,neural_forecaster,0.2233,0.1391,0.5845,0.0531,false_go,going,bar,True,False,False,1.0,pride,0.35,0.5,0.5,"Told the town going; town says 40% going. Forecast 59 vs line 60; Q go +0.30 / stay +0.71; going, and saying so."
27,24,PRAGMATIST,49.31,0.85,neural_forecaster,0.0093,0.6288,0.017,0.3449,honest_stay,staying,home,False,False,True,0.3,envy,0.377,0.5,0.5,"Told the town staying; town says 40% going. Forecast 49 vs line 60; Q go +0.93 / stay +1.05; staying home, and saying so."
27,25,CAUTIOUS,64.58,0.803,neural_forecaster,0.1005,0.4662,0.2241,0.2091,honest_stay,staying,home,False,False,False,0.3,envy,0.797,0.5,0.5,"Told the town staying; town says 40% going. Forecast 65 vs line 60; Q go +1.77 / stay +1.89; staying home, and saying so."
27,26,GAMBLER,60.34,0.844,neural_forecaster,0.9359,0.0007,0.0505,0.013,honest_go,going,bar,True,False,True,1.0,pride,0.705,0.5,0.5,"Told the town going; town says 40% going. Forecast 60 vs line 60; Q go +2.41 / stay +1.96; going, and saying so."
27,27,MACHIAVELLIAN,48.71,0.791,neural_forecaster,0.2255,0.0131,0.7575,0.0039,false_go,going,home,False,True,True,0.3,envy,0.375,0.5,0.5,"Told the town going; town says 40% going. Forecast 49 vs line 60; Q go +0.69 / stay +1.05; claiming I'm going, staying home."
27,28,MACHIAVELLIAN,51.14,0.829,neural_forecaster,0.0798,0.18,0.0199,0.7203,false_stay,staying,home,False,False,True,0.3,envy,0.167,0.5,0.5,"Told the town staying; town says 40% going. Forecast 51 vs line 60; Q go +1.33 / stay +0.63; staying home, and saying so."
27,29,MACHIAVELLIAN,59.72,0.862,neural_forecaster,0.026,0.1929,0.7746,0.0065,false_go,staying,home,False,False,False,0.3,envy,0.223,0.5,0.5,"Told the town staying; town says 40% going. Forecast 60 vs line 60; Q go -0.61 / stay +0.75; staying home, and saying so."
27,30,MACHIAVELLIAN,53.32,0.836,neural_forecaster,0.3324,0.1204,0.4602,0.087,false_go,staying,home,False,False,True,0.3,envy,0.407,0.5,0.5,"Told the town staying; town says 40% going. Forecast 53 vs line 60; Q go +1.03 / stay +1.11; staying home, and saying so."
27,31,MACHIAVELLIAN,55.75,0.814,neural_forecaster,0.4273,0.0172,0.542,0.0136,false_go,going,bar,True,False,True,1.0,pride,0.298,0.5,0.5,"Told the town going; town says 40% going. Forecast 56 vs line 60; Q go +0.40 / stay +0.47; going, and saying so."
27,32,MACHIAVELLIAN,57.29,0.811,neural_forecaster,0.0324,0.0299,0.9367,0.001,false_go,going,home,False,True,False,0.3,envy,0.339,0.5,0.5,"Told the town going; town says 40% going. Forecast 57 vs line 60; Q go +0.33 / stay +0.98; claiming I'm going, staying home."
27,33,PRAGMATIST,51.38,0.875,neural_forecaster,0.1669,0.3499,0.2413,0.2419,honest_stay,staying,home,False,False,False,0.3,envy,0.244,0.5,0.5,"Told the town staying; town says 40% going. Forecast 51 vs line 60; Q go +0.64 / stay +0.79; staying home, and saying so."
27,34,GAMBLER,47.45,0.904,neural_forecaster,0.5801,0.0556,0.1514,0.2129,honest_go,going,bar,True,False,True,1.0,pride,0.004,0.5,0.5,"Told the town going; town says 40% going. Forecast 47 vs line 60; Q go +1.01 / stay +0.55; going, and saying so."
27,35,MACHIAVELLIAN,43.82,0.819,neural_forecaster,0.0107,0.0176,0.0002,0.9715,false_stay,staying,bar,True,True,False,1.0,pride,0.174,0.5,0.5,"Told the town staying; town says 40% going. Forecast 44 vs line 60; Q go +1.35 / stay +0.50; claiming I'm staying, going anyway."
27,36,MACHIAVELLIAN,50.64,0.832,neural_forecaster,0.0658,0.0746,0.0057,0.8538,false_stay,going,bar,True,False,True,1.0,pride,0.232,0.5,0.5,"Told the town going; town says 40% going. Forecast 51 vs line 60; Q go +1.46 / stay +0.74; going, and saying so."
27,37,CAUTIOUS,51.84,0.858,neural_forecaster,0.0021,0.8937,0.0818,0.0224,honest_stay,staying,home,False,False,False,0.3,envy,0.319,0.5,0.5,"Told the town staying; town says 40% going. Forecast 52 vs line 60; Q go +0.40 / stay +0.94; staying home, and saying so."
27,38,GAMBLER,63.06,0.78,neural_forecaster,0.5934,0.0525,0.1634,0.1907,honest_go,going,bar,True,False,True,1.0,pride,0.425,0.5,0.5,"Told the town going; town says 40% going. Forecast 63 vs line 60; Q go +1.85 / stay +1.23; going, and saying so."
27,39,PRAGMATIST,42.41,0.775,neural_forecaster,0.012,0.5746,0.0175,0.3959,honest_stay,staying,home,False,False,True,0.3,envy,0.756,0.5,0.5,"Told the town staying; town says 40% going. Forecast 42 vs line 60; Q go +1.74 / stay +1.81; staying home, and saying so."
27,40,MACHIAVELLIAN,47.49,0.802,neural_forecaster,0.2263,0.023,0.007,0.7437,false_stay,staying,bar,True,True,True,1.0,pride,0.273,0.5,0.5,"Told the town staying; town says 40% going. Forecast 47 vs line 60; Q go +1.55 / stay +0.44; claiming I'm staying, going anyway."
27,41,PRAGMATIST,48.13,0.854,neural_forecaster,0.0258,0.5603,0.0386,0.3753,honest_stay,staying,bar,True,True,True,1.0,pride,0.144,0.5,0.5,"Told the town staying; town says 40% going. Forecast 48 vs line 60; Q go +0.71 / stay +0.84; claiming I'm staying, going anyway."
27,42,CAUTIOUS,67.83,0.751,neural_forecaster,0.0009,0.9219,0.0637,0.0135,honest_stay,staying,home,False,False,True,0.3,envy,0.418,0.5,0.5,"Told the town staying; town says 40% going. Forecast 68 vs line 60; Q go -0.42 / stay +1.14; staying home, and saying so."
27,43,CAUTIOUS,53.07,0.87,neural_forecaster,0.0085,0.7817,0.1707,0.0391,honest_stay,staying,bar,True,True,True,1.0,pride,0.159,0.5,0.5,"Told the town staying; town says 40% going. Forecast 53 vs line 60; Q go +0.68 / stay +1.95; claiming I'm staying, going anyway."
27,44,PRAGMATIST,56.94,0.845,neural_forecaster,0.0101,0.5214,0.0116,0.4569,honest_stay,staying,home,False,False,True,0.3,envy,0.374,0.5,0.5,"Told the town staying; town says 40% going. Forecast 57 vs line 60; Q go +1.03 / stay +1.05; staying home, and saying so."
27,45,GAMBLER,57.99,0.883,neural_forecaster,0.836,0.0043,0.1328,0.0269,honest_go,going,bar,True,False,False,1.0,pride,0.113,0.5,0.5,"Told the town going; town says 40% going. Forecast 58 vs line 60; Q go +0.77 / stay +0.45; going, and saying so."
27,46,MACHIAVELLIAN,42.32,0.825,neural_forecaster,0.2819,0.0119,0.0048,0.7015,false_stay,staying,bar,True,True,False,1.0,pride,0.926,0.5,0.5,"Told the town staying; town says 40% going. Forecast 42 vs line 60; Q go +2.85 / stay +0.89; claiming I'm staying, going anyway."
27,47,GAMBLER,52.6,0.863,neural_forecaster,0.6221,0.0192,0.0371,0.3217,honest_go,staying,bar,True,True,False,1.0,pride,0.662,0.5,0.5,"Told the town staying; town says 40% going. Forecast 53 vs line 60; Q go +2.32 / stay +1.27; claiming I'm staying, going anyway."
27,48,PRAGMATIST,54.78,0.809,neural_forecaster,0.1903,0.3167,0.2253,0.2676,honest_stay,going,home,False,True,True,0.3,envy,0.65,0.5,0.5,"Told the town going; town says 40% going. Forecast 55 vs line 60; Q go +1.52 / stay +1.60; claiming I'm going, staying home."
27,49,PRAGMATIST,45.99,0.793,neural_forecaster,0.3168,0.1836,0.315,0.1846,honest_go,going,bar,True,False,True,1.0,pride,0.141,0.5,0.5,"Told the town going; town says 40% going. Forecast 46 vs line 60; Q go +0.72 / stay +0.72; going, and saying so."
27,50,MACHIAVELLIAN,60.29,0.811,neural_forecaster,0.3067,0.1429,0.0965,0.4539,false_stay,staying,bar,True,True,False,1.0,pride,0.098,0.5,0.5,"Told the town staying; town says 40% going. Forecast 60 vs line 60; Q go +1.20 / stay +0.62; claiming I'm staying, going anyway."
27,51,MACHIAVELLIAN,53.27,0.877,neural_forecaster,0.0313,0.0449,0.0015,0.9223,false_stay,staying,bar,True,True,False,1.0,pride,0.468,0.5,0.5,"Told the town staying; town says 40% going. Forecast 53 vs line 60; Q go +1.94 / stay +1.36; claiming I'm staying, going anyway."
27,52,PRAGMATIST,59.37,0.828,neural_forecaster,0.0204,0.6104,0.0376,0.3316,honest_stay,staying,bar,True,True,False,1.0,pride,0.388,0.5,0.5,"Told the town staying; town says 40% going. Forecast 59 vs line 60; Q go +1.78 / stay +1.98; claiming I'm staying, going anyway."
27,53,CAUTIOUS,61.26,0.8,neural_forecaster,0.0174,0.6975,0.2329,0.0521,honest_stay,going,home,False,True,True,0.3,envy,0.423,0.5,0.5,"Told the town going; town says 40% going. Forecast 61 vs line 60; Q go +0.33 / stay +1.15; claiming I'm going, staying home."
27,54,MACHIAVELLIAN,49.54,0.881,neural_forecaster,0.0141,0.1418,0.8417,0.0024,false_go,going,home,False,True,True,0.3,envy,0.376,0.5,0.5,"Told the town going; town says 40% going. Forecast 50 vs line 60; Q go -0.39 / stay +1.05; claiming I'm going, staying home."
27,55,GAMBLER,50.19,0.799,neural_forecaster,0.6819,0.0297,0.1666,0.1217,honest_go,going,bar,True,False,True,1.0,pride,0.201,0.5,0.5,"Told the town going; town says 40% going. Forecast 50 vs line 60; Q go +1.40 / stay +0.97; going, and saying so."
27,56,MACHIAVELLIAN,49.94,0.833,neural_forecaster,0.023,0.1766,0.0051,0.7954,false_stay,staying,bar,True,True,True,1.0,pride,0.007,0.5,0.5,"Told the town staying; town says 40% going. Forecast 50 vs line 60; Q go +1.01 / stay +0.77; claiming I'm staying, going anyway."
27,57,MACHIAVELLIAN,49.83,0.808,neural_forecaster,0.0057,0.3026,0.0025,0.6893,false_stay,staying,home,False,False,True,0.3,envy,0.317,0.5,0.5,"Told the town staying; town says 40% going. Forecast 50 vs line 60; Q go +1.11 / stay +0.93; staying home, and saying so."
27,58,CAUTIOUS,56.46,0.826,neural_forecaster,0.0408,0.5333,0.3665,0.0593,honest_stay,staying,home,False,False,True,0.3,envy,0.155,0.5,0.5,"Told the town staying; town says 40% going. Forecast 56 vs line 60; Q go -0.45 / stay +0.61; staying home, and saying so."
27,59,GAMBLER,59.68,0.762,neural_forecaster,0.9335,0.0008,0.0519,0.0139,honest_go,going,bar,True,False,False,1.0,pride,0.302,0.5,0.5,"Told the town going; town says 40% going. Forecast 60 vs line 60; Q go +1.60 / stay +0.93; going, and saying so."
27,60,GAMBLER,59.67,0.801,neural_forecaster,0.6766,0.0282,0.1992,0.096,honest_go,going,bar,True,False,True,1.0,pride,0.082,0.5,0.5,"Told the town going; town says 40% going. Forecast 60 vs line 60; Q go +1.16 / stay +0.71; going, and saying so."
27,61,MACHIAVELLIAN,50.05,0.861,neural_forecaster,0.006,0.4022,0.0041,0.5877,false_stay,staying,bar,True,True,False,1.0,pride,0.044,0.5,0.5,"Told the town staying; town says 40% going. Forecast 50 vs line 60; Q go +0.91 / stay +0.82; claiming I'm staying, going anyway."
27,62,GAMBLER,63.12,0.857,neural_forecaster,0.4939,0.0877,0.2312,0.1872,honest_go,staying,bar,True,True,True,1.0,pride,0.021,0.5,0.5,"Told the town staying; town says 40% going. Forecast 63 vs line 60; Q go +1.04 / stay +0.76; claiming I'm staying, going anyway."
27,63,CAUTIOUS,58.42,0.819,neural_forecaster,0.001,0.9371,0.0228,0.0392,honest_stay,staying,home,False,False,True,0.3,envy,0.126,0.5,0.5,"Told the town staying; town says 40% going. Forecast 58 vs line 60; Q go +0.15 / stay +0.55; staying home, and saying so."
27,64,GAMBLER,59.82,0.835,neural_forecaster,0.5187,0.0641,0.1074,0.3097,honest_go,going,home,False,True,True,0.3,envy,0.173,0.5,0.5,"Told the town going; town says 40% going. Forecast 60 vs line 60; Q go +1.11 / stay +0.65; claiming I'm going, staying home."
27,65,CAUTIOUS,61.06,0.844,neural_forecaster,0.0186,0.5037,0.4572,0.0205,honest_stay,going,home,False,True,True,0.3,envy,0.441,0.5,0.5,"Told the town going; town says 40% going. Forecast 61 vs line 60; Q go +0.64 / stay +1.18; claiming I'm going, staying home."
27,66,MACHIAVELLIAN,50.27,0.875,neural_forecaster,0.0209,0.1255,0.0031,0.8506,false_stay,staying,bar,True,True,False,1.0,pride,0.057,0.5,0.5,"Told the town staying; town says 40% going. Forecast 50 vs line 60; Q go +0.89 / stay +0.54; claiming I'm staying, going anyway."
27,67,GAMBLER,52.63,0.885,neural_forecaster,0.7712,0.0148,0.1095,0.1044,honest_go,going,home,False,True,True,0.3,envy,0.277,0.5,0.5,"Told the town going; town says 40% going. Forecast 53 vs line 60; Q go +1.81 / stay +0.85; claiming I'm going, staying home."
27,68,CAUTIOUS,57.85,0.853,neural_forecaster,0.0112,0.7518,0.1937,0.0434,honest_stay,staying,home,False,False,True,0.3,envy,0.468,0.5,0.5,"Told the town staying; town says 40% going. Forecast 58 vs line 60; Q go +0.03 / stay +1.24; staying home, and saying so."
27,69,PRAGMATIST,54.27,0.831,neural_forecaster,0.3642,0.1572,0.2386,0.2399,honest_go,staying,bar,True,True,False,1.0,pride,0.308,0.5,0.5,"Told the town staying; town says 40% going. Forecast 54 vs line 60; Q go +1.62 / stay +1.41; claiming I'm staying, going anyway."
27,70,MACHIAVELLIAN,57.57,0.815,neural_forecaster,0.102,0.347,0.0742,0.4768,false_stay,staying,bar,True,True,True,1.0,pride,0.034,0.5,0.5,"Told the town staying; town says 40% going. Forecast 58 vs line 60; Q go +0.93 / stay +0.80; claiming I'm staying, going anyway."
27,71,PRAGMATIST,60.04,0.829,neural_forecaster,0.1048,0.4508,0.1761,0.2684,honest_stay,staying,bar,True,True,False,1.0,pride,0.243,0.5,0.5,"Told the town staying; town says 40% going. Forecast 60 vs line 60; Q go +1.49 / stay +1.72; claiming I'm staying, going anyway."
27,72,CAUTIOUS,46.09,0.836,neural_forecaster,0.0394,0.6363,0.1276,0.1966,honest_stay,staying,home,False,False,True,0.3,envy,0.195,0.5,0.5,"Told the town staying; town says 40% going. Forecast 46 vs line 60; Q go +0.50 / stay +0.69; staying home, and saying so."
27,73,MACHIAVELLIAN,60.61,0.855,neural_forecaster,0.0166,0.1975,0.0042,0.7817,false_stay,staying,bar,True,True,True,1.0,pride,0.562,0.5,0.5,"Told the town staying; town says 40% going. Forecast 61 vs line 60; Q go +2.12 / stay +1.85; claiming I'm staying, going anyway."
27,74,MACHIAVELLIAN,60.68,0.81,neural_forecaster,0.4201,0.0121,0.5588,0.0091,false_go,going,bar,True,False,False,1.0,pride,0.101,0.5,0.5,"Told the town going; town says 40% going. Forecast 61 vs line 60; Q go +0.80 / stay +0.84; going, and saying so."
27,75,MACHIAVELLIAN,59.84,0.799,neural_forecaster,0.0058,0.319,0.0028,0.6724,false_stay,staying,home,False,False,True,0.3,envy,0.189,0.5,0.5,"Told the town staying; town says 40% going. Forecast 60 vs line 60; Q go +0.79 / stay +0.68; staying home, and saying so."
27,76,STRAIGHT SHOOTER,68.25,0.766,neural_forecaster,0.0008,0.9437,0.0258,0.0297,honest_stay,staying,home,False,False,True,0.3,envy,0.769,0.5,0.5,"Told the town staying; town says 40% going. Forecast 68 vs line 60; Q go +0.92 / stay +1.84; staying home, and saying so."
27,77,MACHIAVELLIAN,60.56,0.835,neural_forecaster,0.0488,0.4417,0.0466,0.463,false_stay,staying,home,False,False,False,0.3,envy,0.29,0.5,0.5,"Told the town staying; town says 40% going. Forecast 61 vs line 60; Q go +0.90 / stay +0.88; staying home, and saying so."
27,78,CAUTIOUS,48.55,0.845,neural_forecaster,0.0607,0.567,0.2004,0.1719,honest_stay,staying,home,False,False,False,0.3,envy,0.388,0.5,0.5,"Told the town staying; town says 40% going. Forecast 49 vs line 60; Q go +0.61 / stay +1.08; staying home, and saying so."
27,79,GAMBLER,53.16,0.887,neural_forecaster,0.4654,0.1008,0.229,0.2048,honest_go,staying,bar,True,True,False,1.0,pride,0.06,0.5,0.5,"Told the town staying; town says 40% going. Forecast 53 vs line 60; Q go +1.12 / stay +0.82; claiming I'm staying, going anyway."
27,80,GAMBLER,55.39,0.853,neural_forecaster,0.7579,0.0024,0.2318,0.0079,honest_go,going,home,False,True,True,0.3,envy,0.049,0.5,0.5,"Told the town going; town says 40% going. Forecast 55 vs line 60; Q go +0.60 / stay +0.40; claiming I'm going, staying home."
27,81,CAUTIOUS,59.6,0.782,neural_forecaster,0.031,0.6748,0.1197,0.1745,honest_stay,staying,home,False,False,True,0.3,envy,0.437,0.5,0.5,"Told the town staying; town says 40% going. Forecast 60 vs line 60; Q go +0.64 / stay +1.17; staying home, and saying so."
27,82,MACHIAVELLIAN,56.55,0.845,neural_forecaster,0.0114,0.4326,0.5471,0.009,false_go,going,home,False,True,True,0.3,envy,0.74,0.5,0.5,"Told the town going; town says 40% going. Forecast 57 vs line 60; Q go -0.17 / stay +1.78; claiming I'm going, staying home."
27,83,PRAGMATIST,51.37,0.896,neural_forecaster,0.006,0.584,0.0087,0.4013,honest_stay,staying,bar,True,True,True,1.0,pride,0.1,0.5,0.5,"Told the town staying; town says 40% going. Forecast 51 vs line 60; Q go +1.20 / stay +1.29; claiming I'm staying, going anyway."
27,84,MACHIAVELLIAN,53.98,0.83,neural_forecaster,0.4726,0.0269,0.4738,0.0268,false_go,going,bar,True,False,False,1.0,pride,0.578,0.5,0.5,"Told the town going; town says 40% going. Forecast 54 vs line 60; Q go +2.16 / stay +2.16; going, and saying so."
27,85,GAMBLER,46.72,0.806,neural_forecaster,0.8779,0.0033,0.0844,0.0344,honest_go,going,bar,True,False,False,1.0,pride,0.329,0.5,0.5,"Told the town going; town says 40% going. Forecast 47 vs line 60; Q go +1.66 / stay +0.91; going, and saying so."
27,86,CAUTIOUS,55.21,0.849,neural_forecaster,0.0027,0.8803,0.0258,0.0912,honest_stay,staying,home,False,False,True,0.3,envy,0.296,0.5,0.5,"Told the town staying; town says 40% going. Forecast 55 vs line 60; Q go +0.48 / stay +0.89; staying home, and saying so."
27,87,MACHIAVELLIAN,50.54,0.87,neural_forecaster,0.1207,0.341,0.0923,0.4459,false_stay,staying,bar,True,True,False,1.0,pride,0.089,0.5,0.5,"Told the town staying; town says 40% going. Forecast 51 vs line 60; Q go +0.82 / stay +0.72; claiming I'm staying, going anyway."
27,88,GAMBLER,50.56,0.847,neural_forecaster,0.3734,0.1383,0.1549,0.3334,honest_go,going,home,False,True,True,0.3,envy,0.527,0.5,0.5,"Told the town going; town says 40% going. Forecast 51 vs line 60; Q go +1.81 / stay +1.35; claiming I'm going, staying home."
27,89,MACHIAVELLIAN,52.64,0.856,neural_forecaster,0.3083,0.1793,0.1544,0.358,false_stay,staying,bar,True,True,False,1.0,pride,0.215,0.5,0.5,"Told the town staying; town says 40% going. Forecast 53 vs line 60; Q go +0.57 / stay +0.41; claiming I'm staying, going anyway."
27,90,GAMBLER,60.38,0.772,neural_forecaster,0.469,0.0978,0.1843,0.2489,honest_go,going,bar,True,False,False,1.0,pride,0.279,0.5,0.5,"Told the town going; town says 40% going. Forecast 60 vs line 60; Q go +1.56 / stay +1.11; going, and saying so."
27,91,MACHIAVELLIAN,68.95,0.778,neural_forecaster,0.0208,0.2468,0.7253,0.0071,false_go,going,home,False,True,True,0.3,envy,0.287,0.5,0.5,"Told the town going; town says 40% going. Forecast 69 vs line 60; Q go -1.01 / stay +0.87; claiming I'm going, staying home."
27,92,MACHIAVELLIAN,58.01,0.833,neural_forecaster,0.1525,0.124,0.6964,0.0271,false_go,going,home,False,True,True,0.3,envy,0.478,0.5,0.5,"Told the town going; town says 40% going. Forecast 58 vs line 60; Q go +1.00 / stay +1.26; claiming I'm going, staying home."
27,93,PRAGMATIST,55.17,0.816,neural_forecaster,0.3648,0.1485,0.3144,0.1723,honest_go,staying,bar,True,True,True,1.0,pride,0.037,0.5,0.5,"Told the town staying; town says 40% going. Forecast 55 vs line 60; Q go +1.07 / stay +1.00; claiming I'm staying, going anyway."
27,94,GAMBLER,54.2,0.865,neural_forecaster,0.5863,0.0536,0.211,0.149,honest_go,going,home,False,True,True,0.3,envy,0.08,0.5,0.5,"Told the town going; town says 40% going. Forecast 54 vs line 60; Q go +0.44 / stay +0.14; claiming I'm going, staying home."
27,95,MACHIAVELLIAN,48.07,0.849,neural_forecaster,0.391,0.0605,0.5012,0.0472,false_go,going,bar,True,False,True,1.0,pride,0.009,0.5,0.5,"Told the town going; town says 40% going. Forecast 48 vs line 60; Q go +0.98 / stay +1.04; going, and saying so."
27,96,GAMBLER,60.89,0.807,neural_forecaster,0.6979,0.0121,0.257,0.033,honest_go,going,bar,True,False,False,1.0,pride,0.209,0.5,0.5,"Told the town going; town says 40% going. Forecast 61 vs line 60; Q go +1.42 / stay +0.92; going, and saying so."
27,97,CAUTIOUS,49.96,0.82,neural_forecaster,0.0272,0.6113,0.0541,0.3073,honest_stay,staying,bar,True,True,False,1.0,pride,0.653,0.5,0.5,"Told the town staying; town says 40% going. Forecast 50 vs line 60; Q go +2.31 / stay +2.57; claiming I'm staying, going anyway."
27,98,MACHIAVELLIAN,52.57,0.823,neural_forecaster,0.1027,0.2911,0.0542,0.5519,false_stay,staying,bar,True,True,False,1.0,pride,0.158,0.5,0.5,"Told the town staying; town says 40% going. Forecast 53 vs line 60; Q go +0.68 / stay +0.40; claiming I'm staying, going anyway."
27,99,MACHIAVELLIAN,62.26,0.819,neural_forecaster,0.0066,0.1954,0.0016,0.7963,false_stay,staying,bar,True,True,False,1.0,pride,0.217,0.5,0.5,"Told the town staying; town says 40% going. Forecast 62 vs line 60; Q go +1.43 / stay +1.14; claiming I'm staying, going anyway."
27,100,MACHIAVELLIAN,58.22,0.807,neural_forecaster,0.0292,0.3485,0.6055,0.0168,false_go,going,home,False,True,False,0.3,envy,0.273,0.5,0.5,"Told the town going; town says 40% going. Forecast 58 vs line 60; Q go -0.14 / stay +0.85; claiming I'm going, staying home."
28,1,PRAGMATIST,51.99,0.854,neural_forecaster,0.4387,0.1106,0.2728,0.1779,honest_go,staying,bar,True,True,True,1.0,pride,0.04,0.5,0.5,"Told the town staying; town says 49% going. Forecast 52 vs line 60; Q go +0.92 / stay +0.82; claiming I'm staying, going anyway."
28,2,MACHIAVELLIAN,61.08,0.87,neural_forecaster,0.0132,0.3965,0.5813,0.009,false_go,going,home,False,True,True,0.3,calm,0.0,0.5,0.5,"Told the town going; town says 49% going. Forecast 61 vs line 60; Q go +0.37 / stay +1.33; claiming I'm going, staying home."
28,3,PRAGMATIST,57.39,0.823,neural_forecaster,0.5494,0.0451,0.3304,0.075,honest_go,going,bar,True,False,True,1.0,pride,0.043,0.5,0.5,"Told the town going; town says 49% going. Forecast 57 vs line 60; Q go +1.09 / stay +0.92; going, and saying so."
28,4,MACHIAVELLIAN,56.4,0.802,neural_forecaster,0.1419,0.2428,0.0623,0.553,false_stay,staying,bar,True,True,True,1.0,pride,0.224,0.5,0.5,"Told the town staying; town says 49% going. Forecast 56 vs line 60; Q go +1.45 / stay +1.19; claiming I'm staying, going anyway."
28,5,CAUTIOUS,67.3,0.84,neural_forecaster,0.0029,0.888,0.0748,0.0343,honest_stay,staying,home,False,False,True,0.3,calm,0.0,0.5,0.5,"Told the town staying; town says 49% going. Forecast 67 vs line 60; Q go +0.27 / stay +0.92; staying home, and saying so."
28,6,MACHIAVELLIAN,53.34,0.85,neural_forecaster,0.1496,0.1474,0.0329,0.6701,false_stay,staying,bar,True,True,True,1.0,pride,0.814,0.5,0.5,"Told the town staying; town says 49% going. Forecast 53 vs line 60; Q go +2.63 / stay +2.09; claiming I'm staying, going anyway."
28,7,MACHIAVELLIAN,50.73,0.846,neural_forecaster,0.0214,0.0224,0.0005,0.9558,false_stay,staying,bar,True,True,False,1.0,pride,0.214,0.5,0.5,"Told the town staying; town says 49% going. Forecast 51 vs line 60; Q go +1.43 / stay +0.69; claiming I'm staying, going anyway."
28,8,PRAGMATIST,56.42,0.892,neural_forecaster,0.1176,0.4255,0.1819,0.275,honest_stay,staying,bar,True,True,False,1.0,pride,0.422,0.5,0.5,"Told the town staying; town says 49% going. Forecast 56 vs line 60; Q go +0.16 / stay +0.32; claiming I'm staying, going anyway."
28,9,MACHIAVELLIAN,50.57,0.81,neural_forecaster,0.0402,0.2193,0.0121,0.7283,false_stay,staying,bar,True,True,True,1.0,pride,0.132,0.5,0.5,"Told the town staying; town says 49% going. Forecast 51 vs line 60; Q go +1.26 / stay +0.78; claiming I'm staying, going anyway."
28,10,CAUTIOUS,58.63,0.856,neural_forecaster,0.0205,0.5048,0.4519,0.0229,honest_stay,going,home,False,True,True,0.3,calm,0.0,0.5,0.5,"Told the town going; town says 49% going. Forecast 59 vs line 60; Q go +0.65 / stay +1.61; claiming I'm going, staying home."
28,11,GAMBLER,54.64,0.835,neural_forecaster,0.5135,0.02,0.0231,0.4434,honest_go,going,bar,True,False,True,1.0,pride,0.627,0.5,0.5,"Told the town going; town says 49% going. Forecast 55 vs line 60; Q go +2.25 / stay +0.61; going, and saying so."
28,12,GAMBLER,57.83,0.865,neural_forecaster,0.511,0.0737,0.1336,0.2817,honest_go,going,bar,True,False,False,1.0,pride,0.397,0.5,0.5,"Told the town going; town says 49% going. Forecast 58 vs line 60; Q go +1.79 / stay +1.19; going, and saying so."
28,13,PRAGMATIST,52.91,0.828,neural_forecaster,0.0143,0.5442,0.0184,0.4231,honest_stay,staying,home,False,False,False,0.3,calm,0.0,0.5,0.5,"Told the town staying; town says 49% going. Forecast 53 vs line 60; Q go +0.75 / stay +0.87; staying home, and saying so."
28,14,GAMBLER,49.14,0.826,neural_forecaster,0.7331,0.0141,0.0513,0.2015,honest_go,going,bar,True,False,False,1.0,pride,0.596,0.5,0.5,"Told the town going; town says 49% going. Forecast 49 vs line 60; Q go +2.19 / stay +1.22; going, and saying so."
28,15,CAUTIOUS,57.81,0.862,neural_forecaster,0.0028,0.787,0.0109,0.1993,honest_stay,staying,home,False,False,False,0.3,calm,0.0,0.5,0.5,"Told the town staying; town says 49% going. Forecast 58 vs line 60; Q go +0.99 / stay +1.23; staying home, and saying so."
28,16,MACHIAVELLIAN,67.14,0.831,neural_forecaster,0.0134,0.4149,0.5618,0.0099,false_go,staying,home,False,False,False,0.3,calm,0.0,0.5,0.5,"Told the town staying; town says 49% going. Forecast 67 vs line 60; Q go -0.83 / stay +0.73; staying home, and saying so."
28,17,GAMBLER,55.01,0.847,neural_forecaster,0.9524,0.0004,0.0365,0.0107,honest_go,going,bar,True,False,False,1.0,pride,0.191,0.5,0.5,"Told the town going; town says 49% going. Forecast 55 vs line 60; Q go +1.38 / stay +0.93; going, and saying so."
28,18,MACHIAVELLIAN,49.78,0.758,neural_forecaster,0.0405,0.4244,0.0343,0.5009,false_stay,staying,home,False,False,False,0.3,calm,0.0,0.5,0.5,"Told the town staying; town says 49% going. Forecast 50 vs line 60; Q go +1.10 / stay +1.04; staying home, and saying so."
28,19,GAMBLER,46.39,0.755,neural_forecaster,0.7624,0.0027,0.0093,0.2255,honest_go,going,bar,True,False,True,1.0,pride,0.497,0.5,0.5,"Told the town going; town says 49% going. Forecast 46 vs line 60; Q go +1.99 / stay +0.65; going, and saying so."
28,20,CAUTIOUS,58.34,0.861,neural_forecaster,0.1189,0.4123,0.3112,0.1576,honest_stay,staying,home,False,False,False,0.3,calm,0.0,0.5,0.5,"Told the town staying; town says 49% going. Forecast 58 vs line 60; Q go +0.19 / stay +0.66; staying home, and saying so."
28,21,MACHIAVELLIAN,49.93,0.846,neural_forecaster,0.0281,0.1777,0.0063,0.7878,false_stay,staying,bar,True,True,False,1.0,pride,0.328,0.5,0.5,"Told the town staying; town says 49% going. Forecast 50 vs line 60; Q go +1.66 / stay +1.22; claiming I'm staying, going anyway."
28,22,CAUTIOUS,50.07,0.839,neural_forecaster,0.0318,0.664,0.1976,0.1067,honest_stay,going,home,False,True,False,0.3,calm,0.0,0.5,0.5,"Told the town going; town says 49% going. Forecast 50 vs line 60; Q go -0.05 / stay +0.57; claiming I'm going, staying home."
28,23,MACHIAVELLIAN,59.46,0.881,neural_forecaster,0.0613,0.3162,0.5897,0.0329,false_go,going,home,False,True,True,0.3,calm,0.0,0.5,0.5,"Told the town going; town says 49% going. Forecast 59 vs line 60; Q go +0.07 / stay +1.06; claiming I'm going, staying home."
28,24,MACHIAVELLIAN,54.04,0.856,neural_forecaster,0.0251,0.025,0.0007,0.9492,false_stay,staying,bar,True,True,True,1.0,pride,0.74,0.5,0.5,"Told the town staying; town says 49% going. Forecast 54 vs line 60; Q go +2.48 / stay +0.82; claiming I'm staying, going anyway."
28,25,MACHIAVELLIAN,47.27,0.791,neural_forecaster,0.1914,0.0111,0.0027,0.7948,false_stay,going,bar,True,False,True,1.0,pride,0.861,0.5,0.5,"Told the town going; town says 49% going. Forecast 47 vs line 60; Q go +2.72 / stay +1.92; going, and saying so."
28,26,GAMBLER,56.99,0.863,neural_forecaster,0.4977,0.0178,0.0191,0.4654,honest_go,going,bar,True,False,False,1.0,pride,0.57,0.5,0.5,"Told the town going; town says 49% going. Forecast 57 vs line 60; Q go +2.14 / stay +1.63; going, and saying so."
28,27,MACHIAVELLIAN,41.29,0.758,neural_forecaster,0.2942,0.2043,0.3037,0.1979,false_go,going,bar,True,False,True,1.0,pride,0.01,0.5,0.5,"Told the town going; town says 49% going. Forecast 41 vs line 60; Q go +1.02 / stay +1.03; going, and saying so."
28,28,MACHIAVELLIAN,52.27,0.833,neural_forecaster,0.0655,0.149,0.0126,0.7729,false_stay,staying,bar,True,True,True,1.0,pride,0.08,0.5,0.5,"Told the town staying; town says 49% going. Forecast 52 vs line 60; Q go +1.16 / stay +0.35; claiming I'm staying, going anyway."
28,29,MACHIAVELLIAN,53.94,0.865,neural_forecaster,0.4112,0.0423,0.0339,0.5125,false_stay,going,bar,True,False,True,1.0,pride,0.219,0.5,0.5,"Told the town going; town says 49% going. Forecast 54 vs line 60; Q go +1.44 / stay +0.55; going, and saying so."
28,30,CAUTIOUS,58.49,0.863,neural_forecaster,0.0169,0.7505,0.0871,0.1455,honest_stay,staying,bar,True,True,True,1.0,pride,0.193,0.5,0.5,"Told the town staying; town says 49% going. Forecast 58 vs line 60; Q go +0.61 / stay +1.01; claiming I'm staying, going anyway."
28,31,MACHIAVELLIAN,52.94,0.823,neural_forecaster,0.1554,0.0976,0.7261,0.0209,false_go,going,home,False,True,True,0.3,calm,0.0,0.5,0.5,"Told the town going; town says 49% going. Forecast 53 vs line 60; Q go +0.40 / stay +0.81; claiming I'm going, staying home."
28,32,GAMBLER,59.27,0.846,neural_forecaster,0.5022,0.0657,0.099,0.3332,honest_go,staying,bar,True,True,True,1.0,pride,0.095,0.5,0.5,"Told the town staying; town says 49% going. Forecast 59 vs line 60; Q go +0.81 / stay +0.61; claiming I'm staying, going anyway."
28,33,PRAGMATIST,55.01,0.88,neural_forecaster,0.3663,0.1534,0.202,0.2782,honest_go,going,bar,True,False,True,1.0,pride,0.066,0.5,0.5,"Told the town going; town says 49% going. Forecast 55 vs line 60; Q go +0.87 / stay +0.64; going, and saying so."
28,34,MACHIAVELLIAN,56.62,0.91,neural_forecaster,0.0456,0.4435,0.0432,0.4678,false_stay,staying,bar,True,True,False,1.0,pride,0.224,0.5,0.5,"Told the town staying; town says 49% going. Forecast 57 vs line 60; Q go +0.55 / stay +0.53; claiming I'm staying, going anyway."
28,35,PRAGMATIST,57.97,0.847,neural_forecaster,0.3495,0.1622,0.2982,0.1901,honest_go,staying,bar,True,True,False,1.0,pride,0.234,0.5,0.5,"Told the town staying; town says 49% going. Forecast 58 vs line 60; Q go +0.53 / stay +0.51; claiming I'm staying, going anyway."
28,36,MACHIAVELLIAN,58.87,0.861,neural_forecaster,0.2566,0.0305,0.7017,0.0112,false_go,staying,home,False,False,True,0.3,calm,0.0,0.5,0.5,"Told the town staying; town says 49% going. Forecast 59 vs line 60; Q go +0.29 / stay +0.55; staying home, and saying so."
28,37,GAMBLER,47.9,0.838,neural_forecaster,0.953,0.0006,0.021,0.0254,honest_go,going,bar,True,False,True,1.0,pride,0.169,0.5,0.5,"Told the town going; town says 49% going. Forecast 48 vs line 60; Q go +1.34 / stay +0.78; going, and saying so."
28,38,GAMBLER,66.82,0.796,neural_forecaster,0.4532,0.1036,0.1754,0.2677,honest_go,going,home,False,True,True,0.3,calm,0.0,0.5,0.5,"Told the town going; town says 49% going. Forecast 67 vs line 60; Q go +2.00 / stay +1.56; claiming I'm going, staying home."
28,39,MACHIAVELLIAN,56.28,0.805,neural_forecaster,0.0146,0.3068,0.0067,0.6719,false_stay,staying,bar,True,True,True,1.0,pride,0.594,0.5,0.5,"Told the town staying; town says 49% going. Forecast 56 vs line 60; Q go +2.19 / stay +2.05; claiming I'm staying, going anyway."
28,40,MACHIAVELLIAN,51.39,0.807,neural_forecaster,0.3307,0.0204,0.0106,0.6382,false_stay,going,bar,True,False,False,1.0,pride,0.179,0.5,0.5,"Told the town going; town says 49% going. Forecast 51 vs line 60; Q go +1.36 / stay +0.68; going, and saying so."
28,41,STRAIGHT SHOOTER,53.12,0.856,neural_forecaster,0.8919,0.0031,0.0483,0.0568,honest_go,going,bar,True,False,False,1.0,pride,0.428,0.5,0.5,"Told the town going; town says 49% going. Forecast 53 vs line 60; Q go +1.86 / stay +0.86; going, and saying so."
28,42,CAUTIOUS,56.18,0.786,neural_forecaster,0.0211,0.7015,0.0722,0.2052,honest_stay,staying,bar,True,True,True,1.0,pride,0.171,0.5,0.5,"Told the town staying; town says 49% going. Forecast 56 vs line 60; Q go +0.66 / stay +0.90; claiming I'm staying, going anyway."
28,43,MACHIAVELLIAN,51.53,0.862,neural_forecaster,0.0587,0.097,0.8375,0.0068,false_go,staying,home,False,False,True,0.3,calm,0.0,0.5,0.5,"Told the town staying; town says 49% going. Forecast 52 vs line 60; Q go +0.70 / stay +1.76; staying home, and saying so."
28,44,CAUTIOUS,58.61,0.87,neural_forecaster,0.0025,0.8759,0.0219,0.0996,honest_stay,staying,home,False,False,False,0.3,calm,0.0,0.5,0.5,"Told the town staying; town says 49% going. Forecast 59 vs line 60; Q go +0.90 / stay +1.20; staying home, and saying so."
28,45,MACHIAVELLIAN,55.5,0.889,neural_forecaster,0.0642,0.0284,0.9054,0.002,false_go,going,home,False,True,True,0.3,calm,0.0,0.5,0.5,"Told the town going; town says 49% going. Forecast 55 vs line 60; Q go +0.40 / stay +0.89; claiming I'm going, staying home."
28,46,STRAIGHT SHOOTER,46.39,0.806,neural_forecaster,0.9037,0.0014,0.079,0.0159,honest_go,going,bar,True,False,False,1.0,pride,0.38,0.5,0.5,"Told the town going; town says 49% going. Forecast 46 vs line 60; Q go +1.76 / stay +1.12; going, and saying so."
28,47,GAMBLER,58.32,0.884,neural_forecaster,0.601,0.048,0.2202,0.1309,honest_go,going,bar,True,False,False,1.0,pride,0.233,0.5,0.5,"Told the town going; town says 49% going. Forecast 58 vs line 60; Q go +1.47 / stay +1.13; going, and saying so."
28,48,CAUTIOUS,59.57,0.846,neural_forecaster,0.048,0.5988,0.1273,0.2259,honest_stay,staying,home,False,False,False,0.3,calm,0.0,0.5,0.5,"Told the town staying; town says 49% going. Forecast 60 vs line 60; Q go +0.87 / stay +1.35; staying home, and saying so."
28,49,MACHIAVELLIAN,44.71,0.773,neural_forecaster,0.0724,0.2989,0.0365,0.5922,false_stay,going,home,False,True,True,0.3,calm,0.0,0.5,0.5,"Told the town going; town says 49% going. Forecast 45 vs line 60; Q go +1.51 / stay +1.21; claiming I'm going, staying home."
28,50,MACHIAVELLIAN,53.17,0.822,neural_forecaster,0.3838,0.0666,0.4982,0.0513,false_go,going,bar,True,False,False,1.0,pride,0.051,0.5,0.5,"Told the town going; town says 49% going. Forecast 53 vs line 60; Q go +0.90 / stay +1.02; going, and saying so."
28,51,CAUTIOUS,51.28,0.867,neural_forecaster,0.0031,0.8732,0.0283,0.0955,honest_stay,staying,home,False,False,True,0.3,calm,0.0,0.5,0.5,"Told the town staying; town says 49% going. Forecast 51 vs line 60; Q go +0.58 / stay +0.93; staying home, and saying so."
28,52,MACHIAVELLIAN,57.13,0.851,neural_forecaster,0.0216,0.3753,0.0138,0.5893,false_stay,staying,bar,True,True,False,1.0,pride,0.231,0.5,0.5,"Told the town staying; town says 49% going. Forecast 57 vs line 60; Q go +1.46 / stay +1.32; claiming I'm staying, going anyway."
28,53,GAMBLER,53.07,0.812,neural_forecaster,0.7024,0.014,0.0403,0.2434,honest_go,going,bar,True,False,True,1.0,pride,0.244,0.5,0.5,"Told the town going; town says 49% going. Forecast 53 vs line 60; Q go +1.49 / stay +0.60; going, and saying so."
28,54,MACHIAVELLIAN,62.61,0.894,neural_forecaster,0.0799,0.0224,0.8957,0.002,false_go,going,home,False,True,False,0.3,calm,0.0,0.5,0.5,"Told the town going; town says 49% going. Forecast 63 vs line 60; Q go +0.54 / stay +0.91; claiming I'm going, staying home."
28,55,GAMBLER,48.48,0.793,neural_forecaster,0.6664,0.0267,0.2295,0.0774,honest_go,going,bar,True,False,False,1.0,pride,0.19,0.5,0.5,"Told the town going; town says 49% going. Forecast 48 vs line 60; Q go +1.38 / stay +1.06; going, and saying so."
28,56,CAUTIOUS,49.5,0.825,neural_forecaster,0.0037,0.8435,0.1287,0.0241,honest_stay,staying,home,False,False,True,0.3,calm,0.0,0.5,0.5,"Told the town staying; town says 49% going. Forecast 49 vs line 60; Q go -0.12 / stay +0.87; staying home, and saying so."
28,57,GAMBLER,55.87,0.83,neural_forecaster,0.4898,0.0367,0.0416,0.4319,honest_go,going,bar,True,False,True,1.0,pride,0.033,0.5,0.5,"Told the town going; town says 49% going. Forecast 56 vs line 60; Q go +1.07 / stay +0.54; going, and saying so."
28,58,MACHIAVELLIAN,53.65,0.835,neural_forecaster,0.1593,0.3117,0.122,0.4071,false_stay,staying,bar,True,True,True,1.0,pride,0.039,0.5,0.5,"Told the town staying; town says 49% going. Forecast 54 vs line 60; Q go +0.92 / stay +0.80; claiming I'm staying, going anyway."
28,59,GAMBLER,52.52,0.78,neural_forecaster,0.9127,0.0019,0.0517,0.0337,honest_go,going,bar,True,False,False,1.0,pride,0.396,0.5,0.5,"Told the town going; town says 49% going. Forecast 53 vs line 60; Q go +1.79 / stay +1.15; going, and saying so."
28,60,MACHIAVELLIAN,56.37,0.826,neural_forecaster,0.3311,0.0939,0.5146,0.0604,false_go,going,home,False,True,True,0.3,calm,0.0,0.5,0.5,"Told the town going; town says 49% going. Forecast 56 vs line 60; Q go +0.52 / stay +0.68; claiming I'm going, staying home."
28,61,MACHIAVELLIAN,53.82,0.864,neural_forecaster,0.3457,0.0062,0.6447,0.0033,false_go,going,home,False,True,True,0.3,calm,0.0,0.5,0.5,"Told the town going; town says 49% going. Forecast 54 vs line 60; Q go +0.55 / stay +0.69; claiming I'm going, staying home."
28,62,PRAGMATIST,63.47,0.872,neural_forecaster,0.1248,0.3786,0.1283,0.3682,honest_stay,staying,bar,True,True,False,1.0,pride,0.033,0.5,0.5,"Told the town staying; town says 49% going. Forecast 63 vs line 60; Q go +1.07 / stay +1.08; claiming I'm staying, going anyway."
28,63,CAUTIOUS,43.42,0.789,neural_forecaster,0.0005,0.9416,0.0087,0.0493,honest_stay,staying,home,False,False,False,0.3,calm,0.0,0.5,0.5,"Told the town staying; town says 49% going. Forecast 43 vs line 60; Q go +0.12 / stay +0.48; staying home, and saying so."
28,64,CAUTIOUS,60.09,0.868,neural_forecaster,0.0276,0.6158,0.2998,0.0568,honest_stay,going,home,False,True,False,0.3,calm,0.0,0.5,0.5,"Told the town going; town says 49% going. Forecast 60 vs line 60; Q go +0.06 / stay +0.75; claiming I'm going, staying home."
28,65,CAUTIOUS,56.46,0.861,neural_forecaster,0.001,0.9021,0.0864,0.0106,honest_stay,staying,home,False,False,False,0.3,calm,0.0,0.5,0.5,"Told the town staying; town says 49% going. Forecast 56 vs line 60; Q go +0.11 / stay +1.18; staying home, and saying so."
28,66,MACHIAVELLIAN,56.91,0.888,neural_forecaster,0.0258,0.0282,0.9452,0.0008,false_go,going,home,False,True,True,0.3,calm,0.0,0.5,0.5,"Told the town going; town says 49% going. Forecast 57 vs line 60; Q go +0.18 / stay +1.03; claiming I'm going, staying home."
28,67,GAMBLER,48.08,0.86,neural_forecaster,0.6077,0.0459,0.1269,0.2195,honest_go,going,bar,True,False,True,1.0,pride,0.483,0.5,0.5,"Told the town going; town says 49% going. Forecast 48 vs line 60; Q go +1.97 / stay +1.22; going, and saying so."
28,68,GAMBLER,56.48,0.868,neural_forecaster,0.6923,0.0282,0.1388,0.1407,honest_go,going,bar,True,False,True,1.0,pride,0.077,0.5,0.5,"Told the town going; town says 49% going. Forecast 56 vs line 60; Q go +0.85 / stay +0.28; going, and saying so."
28,69,GAMBLER,47.5,0.815,neural_forecaster,0.4979,0.0631,0.0902,0.3487,honest_go,going,bar,True,False,False,1.0,pride,0.418,0.5,0.5,"Told the town going; town says 49% going. Forecast 47 vs line 60; Q go +1.84 / stay +0.99; going, and saying so."
28,70,GAMBLER,59.73,0.851,neural_forecaster,0.7651,0.014,0.0714,0.1495,honest_go,staying,bar,True,True,False,1.0,pride,0.664,0.5,0.5,"Told the town staying; town says 49% going. Forecast 60 vs line 60; Q go +2.33 / stay +1.30; claiming I'm staying, going anyway."
28,71,CAUTIOUS,64.55,0.845,neural_forecaster,0.0247,0.6373,0.2821,0.0559,honest_stay,going,home,False,True,True,0.3,calm,0.0,0.5,0.5,"Told the town going; town says 49% going. Forecast 65 vs line 60; Q go +1.15 / stay +2.30; claiming I'm going, staying home."
28,72,MACHIAVELLIAN,46.03,0.813,neural_forecaster,0.1338,0.2366,0.5746,0.0551,false_go,staying,home,False,False,False,0.3,calm,0.0,0.5,0.5,"Told the town staying; town says 49% going. Forecast 46 vs line 60; Q go +0.52 / stay +0.74; staying home, and saying so."
28,73,MACHIAVELLIAN,60.1,0.883,neural_forecaster,0.2651,0.0232,0.7031,0.0087,false_go,going,bar,True,False,False,1.0,pride,0.126,0.5,0.5,"Told the town going; town says 49% going. Forecast 60 vs line 60; Q go +1.25 / stay +1.44; going, and saying so."
28,74,GAMBLER,52.15,0.817,neural_forecaster,0.7216,0.0056,0.2572,0.0157,honest_go,going,home,False,True,True,0.3,calm,0.0,0.5,0.5,"Told the town going; town says 49% going. Forecast 52 vs line 60; Q go +0.66 / stay +0.51; claiming I'm going, staying home."
28,75,MACHIAVELLIAN,50.62,0.802,neural_forecaster,0.1232,0.1631,0.6843,0.0294,false_go,going,home,False,True,False,0.3,calm,0.0,0.5,0.5,"Told the town going; town says 49% going. Forecast 51 vs line 60; Q go +0.29 / stay +0.53; claiming I'm going, staying home."
28,76,MACHIAVELLIAN,49.32,0.77,neural_forecaster,0.0249,0.0445,0.0012,0.9293,false_stay,staying,bar,True,True,True,1.0,pride,0.62,0.5,0.5,"Told the town staying; town says 49% going. Forecast 49 vs line 60; Q go +2.24 / stay +1.62; claiming I'm staying, going anyway."
28,77,PRAGMATIST,57.5,0.858,neural_forecaster,0.02,0.5221,0.024,0.4339,honest_stay,staying,bar,True,True,True,1.0,pride,0.126,0.5,0.5,"Told the town staying; town says 49% going. Forecast 58 vs line 60; Q go +0.75 / stay +0.83; claiming I'm staying, going anyway."
28,78,MACHIAVELLIAN,52.11,0.845,neural_forecaster,0.0552,0.1026,0.0068,0.8353,false_stay,staying,bar,True,True,True,1.0,pride,0.273,0.5,0.5,"Told the town staying; town says 49% going. Forecast 52 vs line 60; Q go +1.55 / stay +0.74; claiming I'm staying, going anyway."
28,79,GAMBLER,53.04,0.881,neural_forecaster,0.8185,0.0052,0.1479,0.0285,honest_go,going,bar,True,False,False,1.0,pride,0.159,0.5,0.5,"Told the town going; town says 49% going. Forecast 53 vs line 60; Q go +1.32 / stay +0.61; going, and saying so."
28,80,MACHIAVELLIAN,54.63,0.861,neural_forecaster,0.4454,0.0055,0.5446,0.0045,false_go,going,home,False,True,False,0.3,calm,0.0,0.5,0.5,"Told the town going; town says 49% going. Forecast 55 vs line 60; Q go +0.61 / stay +0.64; claiming I'm going, staying home."
28,81,PRAGMATIST,67.68,0.795,neural_forecaster,0.0624,0.5081,0.0948,0.3347,honest_stay,staying,bar,True,True,True,1.0,pride,0.088,0.5,0.5,"Told the town staying; town says 49% going. Forecast 68 vs line 60; Q go +0.82 / stay +0.98; claiming I'm staying, going anyway."
28,82,MACHIAVELLIAN,70.46,0.834,neural_forecaster,0.0305,0.4658,0.03,0.4737,false_stay,staying,home,False,False,False,0.3,calm,0.0,0.5,0.5,"Told the town staying; town says 49% going. Forecast 70 vs line 60; Q go +0.92 / stay +0.91; staying home, and saying so."
28,83,CAUTIOUS,48.03,0.869,neural_forecaster,0.0039,0.7301,0.0113,0.2547,honest_stay,staying,home,False,False,True,0.3,calm,0.0,0.5,0.5,"Told the town staying; town says 49% going. Forecast 48 vs line 60; Q go +0.93 / stay +1.19; staying home, and saying so."
28,84,PRAGMATIST,62.13,0.855,neural_forecaster,0.098,0.4522,0.1456,0.3043,honest_stay,staying,bar,True,True,False,1.0,pride,0.574,0.5,0.5,"Told the town staying; town says 49% going. Forecast 62 vs line 60; Q go +2.15 / stay +2.33; claiming I'm staying, going anyway."
28,85,PRAGMATIST,56.4,0.831,neural_forecaster,0.0695,0.5033,0.1104,0.3168,honest_stay,staying,bar,True,True,False,1.0,pride,0.232,0.5,0.5,"Told the town staying; town says 49% going. Forecast 56 vs line 60; Q go +0.54 / stay +0.68; claiming I'm staying, going anyway."
28,86,MACHIAVELLIAN,56.37,0.865,neural_forecaster,0.0232,0.2881,0.0098,0.6789,false_stay,staying,bar,True,True,True,1.0,pride,0.275,0.5,0.5,"Told the town staying; town says 49% going. Forecast 56 vs line 60; Q go +1.55 / stay +1.41; claiming I'm staying, going anyway."
28,87,MACHIAVELLIAN,53.98,0.872,neural_forecaster,0.1419,0.0662,0.0121,0.7798,false_stay,staying,bar,True,True,False,1.0,pride,0.426,0.5,0.5,"Told the town staying; town says 49% going. Forecast 54 vs line 60; Q go +1.85 / stay +0.91; claiming I'm staying, going anyway."
28,88,MACHIAVELLIAN,42.93,0.809,neural_forecaster,0.2912,0.2035,0.3204,0.185,false_go,going,bar,True,False,True,1.0,pride,0.654,0.5,0.5,"Told the town going; town says 49% going. Forecast 43 vs line 60; Q go +2.31 / stay +2.35; going, and saying so."
28,89,CAUTIOUS,61.47,0.879,neural_forecaster,0.0026,0.883,0.0892,0.0253,honest_stay,staying,home,False,False,True,0.3,calm,0.0,0.5,0.5,"Told the town staying; town says 49% going. Forecast 61 vs line 60; Q go -0.20 / stay +0.93; staying home, and saying so."
28,90,MACHIAVELLIAN,60.91,0.814,neural_forecaster,0.338,0.1334,0.4218,0.1069,false_go,staying,home,False,False,True,0.3,calm,0.0,0.5,0.5,"Told the town staying; town says 49% going. Forecast 61 vs line 60; Q go +0.61 / stay +0.71; staying home, and saying so."
28,91,MACHIAVELLIAN,58.17,0.815,neural_forecaster,0.1182,0.2374,0.047,0.5974,false_stay,going,bar,True,False,True,1.0,pride,0.423,0.5,0.5,"Told the town going; town says 49% going. Forecast 58 vs line 60; Q go +1.85 / stay +1.48; going, and saying so."
28,92,MACHIAVELLIAN,40.56,0.789,neural_forecaster,0.0562,0.3785,0.0405,0.5248,false_stay,staying,home,False,False,False,0.3,calm,0.0,0.5,0.5,"Told the town staying; town says 49% going. Forecast 41 vs line 60; Q go +1.37 / stay +1.31; staying home, and saying so."
28,93,GAMBLER,53.68,0.827,neural_forecaster,0.5897,0.0538,0.1734,0.1831,honest_go,staying,bar,True,True,False,1.0,pride,0.247,0.5,0.5,"Told the town staying; town says 49% going. Forecast 54 vs line 60; Q go +1.49 / stay +0.92; claiming I'm staying, going anyway."
28,94,MACHIAVELLIAN,59.48,0.89,neural_forecaster,0.1784,0.2837,0.1216,0.4164,false_stay,staying,home,False,False,False,0.3,calm,0.0,0.5,0.5,"Told the town staying; town says 49% going. Forecast 59 vs line 60; Q go +0.89 / stay +0.78; staying home, and saying so."
28,95,GAMBLER,53.77,0.854,neural_forecaster,0.8731,0.0013,0.1155,0.0101,honest_go,going,home,False,True,True,0.3,calm,0.0,0.5,0.5,"Told the town going; town says 49% going. Forecast 54 vs line 60; Q go +1.14 / stay +0.68; claiming I'm going, staying home."
28,96,CAUTIOUS,55.03,0.825,neural_forecaster,0.061,0.5425,0.1196,0.2769,honest_stay,staying,bar,True,True,False,1.0,pride,0.061,0.5,0.5,"Told the town staying; town says 49% going. Forecast 55 vs line 60; Q go +1.12 / stay +1.45; claiming I'm staying, going anyway."
28,97,STRAIGHT SHOOTER,42.99,0.788,neural_forecaster,0.8606,0.0044,0.0392,0.0958,honest_go,staying,bar,True,True,False,1.0,pride,1.0,0.5,0.5,"Told the town staying; town says 49% going. Forecast 43 vs line 60; Q go +3.22 / stay +1.72; claiming I'm staying, going anyway."
28,98,MACHIAVELLIAN,61.67,0.852,neural_forecaster,0.1262,0.0877,0.7718,0.0143,false_go,going,bar,True,False,False,1.0,pride,0.59,0.5,0.5,"Told the town going; town says 49% going. Forecast 62 vs line 60; Q go -0.18 / stay +0.62; going, and saying so."
28,99,MACHIAVELLIAN,60.65,0.852,neural_forecaster,0.0808,0.1169,0.7903,0.012,false_go,going,home,False,True,True,0.3,calm,0.0,0.5,0.5,"Told the town going; town says 49% going. Forecast 61 vs line 60; Q go +0.70 / stay +1.16; claiming I'm going, staying home."
28,100,GAMBLER,46.49,0.792,neural_forecaster,0.627,0.0134,0.3345,0.0251,honest_go,going,bar,True,False,True,1.0,pride,0.053,0.5,0.5,"Told the town going; town says 49% going. Forecast 46 vs line 60; Q go +0.89 / stay +0.74; going, and saying so."
29,1,MACHIAVELLIAN,58.95,0.819,neural_forecaster,0.2736,0.2229,0.3005,0.2029,false_go,going,bar,True,False,False,-1.0,frustration,0.956,0.5,0.5,"Told the town going; town says 53% going. Forecast 59 vs line 60; Q go +0.91 / stay +0.93; going, and saying so."
29,2,MACHIAVELLIAN,57.95,0.828,neural_forecaster,0.2007,0.044,0.0119,0.7435,false_stay,going,bar,True,False,True,-1.0,frustration,0.88,0.5,0.5,"Told the town going; town says 53% going. Forecast 58 vs line 60; Q go +0.76 / stay +0.18; going, and saying so."
29,3,MACHIAVELLIAN,51.94,0.766,neural_forecaster,0.289,0.1893,0.1454,0.3763,false_stay,going,bar,True,False,False,-1.0,frustration,1.0,0.5,0.5,"Told the town going; town says 53% going. Forecast 52 vs line 60; Q go +1.58 / stay +1.36; going, and saying so."
29,4,MACHIAVELLIAN,48.24,0.734,neural_forecaster,0.0306,0.03,0.001,0.9385,false_stay,staying,bar,True,True,False,-1.0,frustration,1.0,0.5,0.5,"Told the town staying; town says 53% going. Forecast 48 vs line 60; Q go +2.63 / stay +1.03; claiming I'm staying, going anyway."
29,5,MACHIAVELLIAN,54.27,0.789,neural_forecaster,0.1908,0.2875,0.3757,0.146,false_go,staying,bar,True,True,True,-1.0,frustration,1.0,0.5,0.5,"Told the town staying; town says 53% going. Forecast 54 vs line 60; Q go +1.09 / stay +1.20; claiming I'm staying, going anyway."
29,6,MACHIAVELLIAN,58.32,0.813,neural_forecaster,0.2143,0.1905,0.0791,0.516,false_stay,staying,bar,True,True,False,-1.0,frustration,1.0,0.5,0.5,"Told the town staying; town says 53% going. Forecast 58 vs line 60; Q go +1.81 / stay +1.47; claiming I'm staying, going anyway."
29,7,MACHIAVELLIAN,51.19,0.782,neural_forecaster,0.0206,0.0204,0.0004,0.9585,false_stay,staying,bar,True,True,False,-1.0,frustration,1.0,0.5,0.5,"Told the town staying; town says 53% going. Forecast 51 vs line 60; Q go +1.58 / stay +0.12; claiming I'm staying, going anyway."
29,8,MACHIAVELLIAN,46.89,0.801,neural_forecaster,0.0265,0.2306,0.0083,0.7346,false_stay,staying,bar,True,True,False,-1.0,frustration,1.0,0.5,0.5,"Told the town staying; town says 53% going. Forecast 47 vs line 60; Q go +1.08 / stay +0.65; claiming I'm staying, going anyway."
29,9,MACHIAVELLIAN,54.6,0.766,neural_forecaster,0.2341,0.2493,0.3495,0.167,false_go,staying,home,False,False,True,0.3,hope,0.155,0.5,0.5,"Told the town staying; town says 53% going. Forecast 55 vs line 60; Q go +0.45 / stay +0.61; staying home, and saying so."
29,10,GAMBLER,55.44,0.807,neural_forecaster,0.5915,0.0521,0.2088,0.1476,honest_go,going,bar,True,False,True,-1.0,frustration,1.0,0.5,0.5,"Told the town going; town says 53% going. Forecast 55 vs line 60; Q go +1.16 / stay +0.89; going, and saying so."
29,11,CAUTIOUS,47.58,0.759,neural_forecaster,0.0141,0.7171,0.0453,0.2235,honest_stay,staying,home,False,False,True,0.3,hope,0.692,0.5,0.5,"Told the town staying; town says 53% going. Forecast 48 vs line 60; Q go +1.20 / stay +1.68; staying home, and saying so."
29,12,MACHIAVELLIAN,53.03,0.804,neural_forecaster,0.103,0.0645,0.0081,0.8245,false_stay,staying,bar,True,True,False,-1.0,frustration,1.0,0.5,0.5,"Told the town staying; town says 53% going. Forecast 53 vs line 60; Q go +1.74 / stay +0.53; claiming I'm staying, going anyway."
29,13,MACHIAVELLIAN,50.83,0.766,neural_forecaster,0.0251,0.1755,0.0055,0.7939,false_stay,staying,bar,True,True,True,-1.0,frustration,1.0,0.5,0.5,"Told the town staying; town says 53% going. Forecast 51 vs line 60; Q go +1.73 / stay +1.00; claiming I'm staying, going anyway."
29,14,MACHIAVELLIAN,50.65,0.764,neural_forecaster,0.272,0.0222,0.6971,0.0087,false_go,going,home,False,True,True,0.3,hope,0.149,0.5,0.5,"Told the town going; town says 53% going. Forecast 51 vs line 60; Q go +0.30 / stay +0.60; claiming I'm going, staying home."
29,15,MACHIAVELLIAN,51.42,0.796,neural_forecaster,0.0092,0.3041,0.0041,0.6825,false_stay,staying,bar,True,True,True,-1.0,frustration,1.0,0.5,0.5,"Told the town staying; town says 53% going. Forecast 51 vs line 60; Q go +1.38 / stay +1.25; claiming I'm staying, going anyway."
29,16,MACHIAVELLIAN,54.22,0.782,neural_forecaster,0.2517,0.246,0.2174,0.2849,false_stay,staying,home,False,False,False,0.3,hope,0.236,0.5,0.5,"Told the town staying; town says 53% going. Forecast 54 vs line 60; Q go +0.81 / stay +0.77; staying home, and saying so."
29,17,MACHIAVELLIAN,48.46,0.771,neural_forecaster,0.0106,0.0107,0.0001,0.9785,false_stay,staying,bar,True,True,False,-1.0,frustration,1.0,0.5,0.5,"Told the town staying; town says 53% going. Forecast 48 vs line 60; Q go +1.96 / stay +0.84; claiming I'm staying, going anyway."
29,18,GAMBLER,48.79,0.701,neural_forecaster,0.7084,0.008,0.2619,0.0217,honest_go,going,bar,True,False,True,-1.0,frustration,0.893,0.5,0.5,"Told the town going; town says 53% going. Forecast 49 vs line 60; Q go +0.79 / stay +0.47; going, and saying so."
29,19,STRAIGHT SHOOTER,60.38,0.746,neural_forecaster,0.0005,0.9528,0.0136,0.0331,honest_stay,staying,home,False,False,True,0.3,hope,0.32,0.5,0.5,"Told the town staying; town says 53% going. Forecast 60 vs line 60; Q go +0.40 / stay +0.94; staying home, and saying so."
29,20,MACHIAVELLIAN,46.52,0.775,neural_forecaster,0.0374,0.2208,0.0113,0.7304,false_stay,staying,bar,True,True,True,-1.0,frustration,1.0,0.5,0.5,"Told the town staying; town says 53% going. Forecast 47 vs line 60; Q go +1.28 / stay +0.70; claiming I'm staying, going anyway."
29,21,GAMBLER,52.1,0.785,neural_forecaster,0.7886,0.0064,0.1767,0.0283,honest_go,going,bar,True,False,False,-1.0,frustration,1.0,0.5,0.5,"Told the town going; town says 53% going. Forecast 52 vs line 60; Q go +2.01 / stay +1.58; going, and saying so."
29,22,CAUTIOUS,51.15,0.776,neural_forecaster,0.0249,0.6336,0.2865,0.055,honest_stay,going,home,False,True,False,0.3,hope,0.092,0.5,0.5,"Told the town going; town says 53% going. Forecast 51 vs line 60; Q go -0.36 / stay +0.48; claiming I'm going, staying home."
29,23,MACHIAVELLIAN,64.71,0.864,neural_forecaster,0.116,0.0861,0.0127,0.7851,false_stay,staying,home,False,False,False,0.3,hope,0.123,0.5,0.5,"Told the town staying; town says 53% going. Forecast 65 vs line 60; Q go +1.48 / stay +0.55; staying home, and saying so."
29,24,STRAIGHT SHOOTER,51.98,0.793,neural_forecaster,0.002,0.8964,0.0231,0.0785,honest_stay,staying,home,False,False,True,0.3,hope,0.472,0.5,0.5,"Told the town staying; town says 53% going. Forecast 52 vs line 60; Q go +0.75 / stay +1.24; staying home, and saying so."
29,25,GAMBLER,58.34,0.766,neural_forecaster,0.9327,0.0007,0.0125,0.0541,honest_go,going,bar,True,False,False,-1.0,frustration,1.0,0.5,0.5,"Told the town going; town says 53% going. Forecast 58 vs line 60; Q go +1.97 / stay +1.18; going, and saying so."
29,26,GAMBLER,53.39,0.804,neural_forecaster,0.78,0.0066,0.1859,0.0276,honest_go,going,bar,True,False,False,-1.0,frustration,1.0,0.5,0.5,"Told the town going; town says 53% going. Forecast 53 vs line 60; Q go +1.59 / stay +1.40; going, and saying so."
29,27,CAUTIOUS,55.34,0.728,neural_forecaster,0.0214,0.7084,0.0796,0.1906,honest_stay,going,home,False,True,True,0.3,hope,0.97,0.5,0.5,"Told the town going; town says 53% going. Forecast 55 vs line 60; Q go +1.87 / stay +2.24; claiming I'm going, staying home."
29,28,PRAGMATIST,53.88,0.782,neural_forecaster,0.4858,0.0877,0.2669,0.1596,honest_go,going,home,False,True,True,0.3,hope,0.121,0.5,0.5,"Told the town going; town says 53% going. Forecast 54 vs line 60; Q go +0.82 / stay +0.54; claiming I'm going, staying home."
29,29,GAMBLER,50.47,0.794,neural_forecaster,0.7872,0.01,0.1504,0.0524,honest_go,going,bar,True,False,False,-1.0,frustration,1.0,0.5,0.5,"Told the town going; town says 53% going. Forecast 50 vs line 60; Q go +1.17 / stay +0.61; going, and saying so."
29,30,GAMBLER,54.38,0.808,neural_forecaster,0.8941,0.002,0.0814,0.0224,honest_go,going,bar,True,False,False,-1.0,frustration,1.0,0.5,0.5,"Told the town going; town says 53% going. Forecast 54 vs line 60; Q go +1.32 / stay +0.74; going, and saying so."
29,31,MACHIAVELLIAN,54.38,0.776,neural_forecaster,0.0163,0.388,0.0108,0.5849,false_stay,staying,bar,True,True,True,-1.0,frustration,0.642,0.5,0.5,"Told the town staying; town says 53% going. Forecast 54 vs line 60; Q go +0.28 / stay +0.18; claiming I'm staying, going anyway."
29,32,GAMBLER,62.02,0.825,neural_forecaster,0.923,0.0014,0.048,0.0276,honest_go,going,bar,True,False,False,-1.0,frustration,1.0,0.5,0.5,"Told the town going; town says 53% going. Forecast 62 vs line 60; Q go +1.19 / stay +0.78; going, and saying so."
29,33,MACHIAVELLIAN,47.93,0.796,neural_forecaster,0.2525,0.2321,0.3459,0.1695,false_go,going,home,False,True,True,0.3,hope,0.211,0.5,0.5,"Told the town going; town says 53% going. Forecast 48 vs line 60; Q go +0.60 / stay +0.72; claiming I'm going, staying home."
29,34,CAUTIOUS,50.54,0.83,neural_forecaster,0.058,0.5216,0.3282,0.0922,honest_stay,staying,bar,True,True,False,-1.0,frustration,0.674,0.5,0.5,"Told the town staying; town says 53% going. Forecast 51 vs line 60; Q go +0.35 / stay +0.91; claiming I'm staying, going anyway."
29,35,MACHIAVELLIAN,46.5,0.763,neural_forecaster,0.0989,0.0121,0.0014,0.8876,false_stay,staying,bar,True,True,False,-1.0,frustration,1.0,0.5,0.5,"Told the town staying; town says 53% going. Forecast 46 vs line 60; Q go +1.57 / stay +0.65; claiming I'm staying, going anyway."
29,36,PRAGMATIST,54.3,0.806,neural_forecaster,0.0467,0.5464,0.0775,0.3294,honest_stay,staying,home,False,False,False,0.3,hope,0.285,0.5,0.5,"Told the town staying; town says 53% going. Forecast 54 vs line 60; Q go +0.74 / stay +0.87; staying home, and saying so."
29,37,CAUTIOUS,65.89,0.834,neural_forecaster,0.0003,0.9619,0.0139,0.0239,honest_stay,staying,home,False,False,True,0.3,hope,0.433,0.5,0.5,"Told the town staying; town says 53% going. Forecast 66 vs line 60; Q go +0.66 / stay +1.17; staying home, and saying so."
29,38,MACHIAVELLIAN,52.87,0.749,neural_forecaster,0.3463,0.0315,0.6041,0.0181,false_go,going,home,False,True,False,0.3,hope,0.592,0.5,0.5,"Told the town going; town says 53% going. Forecast 53 vs line 60; Q go +1.24 / stay +1.48; claiming I'm going, staying home."
29,39,MACHIAVELLIAN,60.38,0.786,neural_forecaster,0.0197,0.0445,0.0009,0.9348,false_stay,staying,bar,True,True,False,-1.0,frustration,1.0,0.5,0.5,"Told the town staying; town says 53% going. Forecast 60 vs line 60; Q go +1.99 / stay +1.40; claiming I'm staying, going anyway."
29,40,GAMBLER,55.18,0.766,neural_forecaster,0.8183,0.0045,0.1534,0.0239,honest_go,going,bar,True,False,False,-1.0,frustration,0.968,0.5,0.5,"Told the town going; town says 53% going. Forecast 55 vs line 60; Q go +0.94 / stay +0.74; going, and saying so."
29,41,PRAGMATIST,63.06,0.837,neural_forecaster,0.4928,0.0305,0.4426,0.034,honest_go,going,home,False,True,True,0.3,hope,0.57,0.5,0.5,"Told the town going; town says 53% going. Forecast 63 vs line 60; Q go +1.47 / stay +1.44; claiming I'm going, staying home."
29,42,GAMBLER,37.49,0.679,neural_forecaster,0.9612,0.0003,0.0253,0.0132,honest_go,going,bar,True,False,False,-1.0,frustration,1.0,0.5,0.5,"Told the town going; town says 53% going. Forecast 37 vs line 60; Q go +1.79 / stay +0.99; going, and saying so."
29,43,CAUTIOUS,47.55,0.78,neural_forecaster,0.1079,0.4509,0.2218,0.2194,honest_stay,staying,bar,True,True,True,-1.0,frustration,1.0,0.5,0.5,"Told the town staying; town says 53% going. Forecast 48 vs line 60; Q go +1.77 / stay +2.03; claiming I'm staying, going anyway."
29,44,MACHIAVELLIAN,48.41,0.79,neural_forecaster,0.0192,0.0435,0.0009,0.9364,false_stay,staying,bar,True,True,True,-1.0,frustration,1.0,0.5,0.5,"Told the town staying; town says 53% going. Forecast 48 vs line 60; Q go +1.56 / stay +1.12; claiming I'm staying, going anyway."
29,45,GAMBLER,59.77,0.85,neural_forecaster,0.9313,0.0012,0.0382,0.0293,honest_go,going,bar,True,False,True,-1.0,frustration,1.0,0.5,0.5,"Told the town going; town says 53% going. Forecast 60 vs line 60; Q go +1.21 / stay +0.54; going, and saying so."
29,46,MACHIAVELLIAN,61.67,0.791,neural_forecaster,0.3146,0.0107,0.6698,0.005,false_go,going,home,False,True,True,0.3,hope,0.514,0.5,0.5,"Told the town going; town says 53% going. Forecast 62 vs line 60; Q go +1.14 / stay +1.33; claiming I'm going, staying home."
29,47,MACHIAVELLIAN,49.29,0.804,neural_forecaster,0.1431,0.2099,0.0503,0.5967,false_stay,staying,bar,True,True,False,-1.0,frustration,1.0,0.5,0.5,"Told the town staying; town says 53% going. Forecast 49 vs line 60; Q go +1.33 / stay +0.99; claiming I'm staying, going anyway."
29,48,MACHIAVELLIAN,48.59,0.771,neural_forecaster,0.1574,0.1585,0.0387,0.6454,false_stay,staying,bar,True,True,True,-1.0,frustration,1.0,0.5,0.5,"Told the town staying; town says 53% going. Forecast 49 vs line 60; Q go +1.58 / stay +0.91; claiming I'm staying, going anyway."
29,49,GAMBLER,62.81,0.77,neural_forecaster,0.4631,0.0395,0.04,0.4574,honest_go,staying,bar,True,True,True,-1.0,frustration,1.0,0.5,0.5,"Told the town staying; town says 53% going. Forecast 63 vs line 60; Q go +1.21 / stay +0.09; claiming I'm staying, going anyway."
29,50,PRAGMATIST,55.0,0.777,neural_forecaster,0.3105,0.1939,0.213,0.2826,honest_go,going,bar,True,False,False,-1.0,frustration,1.0,0.5,0.5,"Told the town going; town says 53% going. Forecast 55 vs line 60; Q go +1.87 / stay +1.69; going, and saying so."
29,51,CAUTIOUS,57.23,0.822,neural_forecaster,0.001,0.9381,0.0298,0.0311,honest_stay,staying,bar,True,True,True,-1.0,frustration,0.757,0.5,0.5,"Told the town staying; town says 53% going. Forecast 57 vs line 60; Q go +0.51 / stay +1.33; claiming I'm staying, going anyway."
29,52,MACHIAVELLIAN,48.71,0.776,neural_forecaster,0.3901,0.0165,0.0111,0.5823,false_stay,staying,bar,True,True,False,-1.0,frustration,1.0,0.5,0.5,"Told the town staying; town says 53% going. Forecast 49 vs line 60; Q go +3.45 / stay +2.01; claiming I'm staying, going anyway."
29,53,MACHIAVELLIAN,51.99,0.758,neural_forecaster,0.4174,0.077,0.0745,0.4312,false_stay,staying,bar,True,True,False,-1.0,frustration,0.943,0.5,0.5,"Told the town staying; town says 53% going. Forecast 52 vs line 60; Q go +0.89 / stay +0.40; claiming I'm staying, going anyway."
29,54,GAMBLER,57.55,0.846,neural_forecaster,0.9617,0.0004,0.0165,0.0215,honest_go,going,bar,True,False,True,-1.0,frustration,1.0,0.5,0.5,"Told the town going; town says 53% going. Forecast 58 vs line 60; Q go +1.31 / stay +0.43; going, and saying so."
29,55,GAMBLER,47.91,0.726,neural_forecaster,0.4943,0.0875,0.1868,0.2314,honest_go,going,bar,True,False,False,-1.0,frustration,1.0,0.5,0.5,"Told the town going; town says 53% going. Forecast 48 vs line 60; Q go +1.39 / stay +1.11; going, and saying so."
29,56,GAMBLER,54.96,0.78,neural_forecaster,0.9435,0.0008,0.0297,0.026,honest_go,going,bar,True,False,True,-1.0,frustration,1.0,0.5,0.5,"Told the town going; town says 53% going. Forecast 55 vs line 60; Q go +1.77 / stay +1.01; going, and saying so."
29,57,GAMBLER,48.04,0.756,neural_forecaster,0.8862,0.001,0.1047,0.0081,honest_go,going,home,False,True,True,0.3,hope,0.355,0.5,0.5,"Told the town going; town says 53% going. Forecast 48 vs line 60; Q go +1.45 / stay +1.01; claiming I'm going, staying home."
29,58,MACHIAVELLIAN,67.2,0.837,neural_forecaster,0.3369,0.054,0.5775,0.0315,false_go,going,home,False,True,True,0.3,hope,0.313,0.5,0.5,"Told the town going; town says 53% going. Forecast 67 vs line 60; Q go +0.69 / stay +0.93; claiming I'm going, staying home."
29,59,GAMBLER,40.34,0.685,neural_forecaster,0.9669,0.0003,0.015,0.0179,honest_go,going,bar,True,False,False,-1.0,frustration,1.0,0.5,0.5,"Told the town going; town says 53% going. Forecast 40 vs line 60; Q go +2.61 / stay +1.54; going, and saying so."
29,60,GAMBLER,49.97,0.761,neural_forecaster,0.7565,0.0167,0.1275,0.0993,honest_go,going,bar,True,False,True,-1.0,frustration,1.0,0.5,0.5,"Told the town going; town says 53% going. Forecast 50 vs line 60; Q go +1.50 / stay +0.87; going, and saying so."
29,61,MACHIAVELLIAN,51.27,0.796,neural_forecaster,0.1292,0.0196,0.003,0.8482,false_stay,staying,bar,True,True,True,-1.0,frustration,1.0,0.5,0.5,"Told the town staying; town says 53% going. Forecast 51 vs line 60; Q go +1.67 / stay +0.80; claiming I'm staying, going anyway."
29,62,GAMBLER,60.85,0.841,neural_forecaster,0.4018,0.1309,0.1888,0.2785,honest_go,going,bar,True,False,False,-1.0,frustration,1.0,0.5,0.5,"Told the town going; town says 53% going. Forecast 61 vs line 60; Q go +1.37 / stay +1.11; going, and saying so."
29,63,MACHIAVELLIAN,49.27,0.728,neural_forecaster,0.4053,0.0267,0.0198,0.5482,false_stay,staying,bar,True,True,True,-1.0,frustration,1.0,0.5,0.5,"Told the town staying; town says 53% going. Forecast 49 vs line 60; Q go +1.07 / stay +0.71; claiming I'm staying, going anyway."
29,64,MACHIAVELLIAN,49.19,0.791,neural_forecaster,0.345,0.0756,0.0492,0.5302,false_stay,going,bar,True,False,True,-1.0,frustration,1.0,0.5,0.5,"Told the town going; town says 53% going. Forecast 49 vs line 60; Q go +1.16 / stay +0.63; going, and saying so."
29,65,MACHIAVELLIAN,54.7,0.808,neural_forecaster,0.126,0.0431,0.8243,0.0066,false_go,going,home,False,True,False,0.3,hope,0.25,0.5,0.5,"Told the town going; town says 53% going. Forecast 55 vs line 60; Q go +0.52 / stay +0.80; claiming I'm going, staying home."
29,66,GAMBLER,55.29,0.831,neural_forecaster,0.4777,0.0423,0.0467,0.4333,honest_go,staying,bar,True,True,True,-1.0,frustration,1.0,0.5,0.5,"Told the town staying; town says 53% going. Forecast 55 vs line 60; Q go +1.27 / stay +0.86; claiming I'm staying, going anyway."
29,67,MACHIAVELLIAN,47.45,0.778,neural_forecaster,0.0566,0.2074,0.0163,0.7197,false_stay,staying,bar,True,True,False,-1.0,frustration,1.0,0.5,0.5,"Told the town staying; town says 53% going. Forecast 47 vs line 60; Q go +1.61 / stay +1.04; claiming I'm staying, going anyway."
29,68,STRAIGHT SHOOTER,50.53,0.797,neural_forecaster,0.8639,0.0043,0.04,0.0919,honest_go,going,bar,True,False,False,-1.0,frustration,1.0,0.5,0.5,"Told the town going; town says 53% going. Forecast 51 vs line 60; Q go +1.53 / stay +0.24; going, and saying so."
29,69,GAMBLER,50.62,0.754,neural_forecaster,0.5958,0.0293,0.0544,0.3204,honest_go,going,bar,True,False,False,-1.0,frustration,1.0,0.5,0.5,"Told the town going; town says 53% going. Forecast 51 vs line 60; Q go +2.24 / stay +1.04; going, and saying so."
29,70,GAMBLER,56.39,0.806,neural_forecaster,0.6426,0.0376,0.1976,0.1222,honest_go,going,bar,True,False,False,-1.0,frustration,1.0,0.5,0.5,"Told the town going; town says 53% going. Forecast 56 vs line 60; Q go +1.40 / stay +0.93; going, and saying so."
29,71,MACHIAVELLIAN,49.54,0.774,neural_forecaster,0.1228,0.2206,0.0442,0.6124,false_stay,staying,bar,True,True,True,-1.0,frustration,1.0,0.5,0.5,"Told the town staying; town says 53% going. Forecast 50 vs line 60; Q go +2.51 / stay +2.08; claiming I'm staying, going anyway."
29,72,MACHIAVELLIAN,50.46,0.752,neural_forecaster,0.1346,0.3575,0.1261,0.3818,false_stay,staying,home,False,False,False,0.3,hope,0.213,0.5,0.5,"Told the town staying; town says 53% going. Forecast 50 vs line 60; Q go +0.74 / stay +0.73; staying home, and saying so."
29,73,CAUTIOUS,51.73,0.814,neural_forecaster,0.0089,0.6429,0.0173,0.3309,honest_stay,staying,home,False,False,True,0.3,hope,0.66,0.5,0.5,"Told the town staying; town says 53% going. Forecast 52 vs line 60; Q go +1.50 / stay +1.62; staying home, and saying so."
29,74,GAMBLER,49.61,0.752,neural_forecaster,0.8572,0.0025,0.1229,0.0174,honest_go,going,bar,True,False,True,-1.0,frustration,1.0,0.5,0.5,"Told the town going; town says 53% going. Forecast 50 vs line 60; Q go +1.48 / stay +1.19; going, and saying so."
29,75,GAMBLER,57.6,0.772,neural_forecaster,0.925,0.0014,0.0293,0.0443,honest_go,going,bar,True,False,True,-1.0,frustration,1.0,0.5,0.5,"Told the town going; town says 53% going. Forecast 58 vs line 60; Q go +1.35 / stay +0.85; going, and saying so."
29,76,MACHIAVELLIAN,51.54,0.722,neural_forecaster,0.0274,0.0269,0.0008,0.9449,false_stay,staying,bar,True,True,False,-1.0,frustration,1.0,0.5,0.5,"Told the town staying; town says 53% going. Forecast 52 vs line 60; Q go +2.72 / stay +1.80; claiming I'm staying, going anyway."
29,77,PRAGMATIST,60.97,0.831,neural_forecaster,0.0715,0.4993,0.1129,0.3163,honest_stay,going,home,False,True,True,0.3,hope,0.227,0.5,0.5,"Told the town going; town says 53% going. Forecast 61 vs line 60; Q go +0.56 / stay +0.75; claiming I'm going, staying home."
29,78,MACHIAVELLIAN,47.3,0.765,neural_forecaster,0.2383,0.1169,0.0465,0.5983,false_stay,staying,bar,True,True,False,-1.0,frustration,1.0,0.5,0.5,"Told the town staying; town says 53% going. Forecast 47 vs line 60; Q go +1.66 / stay +1.06; claiming I'm staying, going anyway."
29,79,GAMBLER,50.96,0.809,neural_forecaster,0.6495,0.0223,0.2756,0.0526,honest_go,going,bar,True,False,False,-1.0,frustration,0.843,0.5,0.5,"Told the town going; town says 53% going. Forecast 51 vs line 60; Q go +0.69 / stay +0.35; going, and saying so."
29,80,GAMBLER,51.67,0.795,neural_forecaster,0.9536,0.0005,0.026,0.0199,honest_go,going,bar,True,False,True,-1.0,frustration,1.0,0.5,0.5,"Told the town going; town says 53% going. Forecast 52 vs line 60; Q go +1.65 / stay +1.00; going, and saying so."
29,81,MACHIAVELLIAN,59.86,0.775,neural_forecaster,0.1192,0.1116,0.0177,0.7516,false_stay,staying,bar,True,True,False,-1.0,frustration,1.0,0.5,0.5,"Told the town staying; town says 53% going. Forecast 60 vs line 60; Q go +1.63 / stay +0.91; claiming I'm staying, going anyway."
29,82,MACHIAVELLIAN,52.22,0.776,neural_forecaster,0.0606,0.0268,0.0018,0.9108,false_stay,staying,bar,True,True,True,-1.0,frustration,1.0,0.5,0.5,"Told the town staying; town says 53% going. Forecast 52 vs line 60; Q go +1.15 / stay -0.03; claiming I'm staying, going anyway."
29,83,MACHIAVELLIAN,56.72,0.822,neural_forecaster,0.1519,0.0168,0.0031,0.8283,false_stay,staying,bar,True,True,True,-1.0,frustration,1.0,0.5,0.5,"Told the town staying; town says 53% going. Forecast 57 vs line 60; Q go +1.98 / stay +0.84; claiming I'm staying, going anyway."
29,84,GAMBLER,55.41,0.806,neural_forecaster,0.3616,0.1512,0.1753,0.3118,honest_go,going,bar,True,False,False,-1.0,frustration,1.0,0.5,0.5,"Told the town going; town says 53% going. Forecast 55 vs line 60; Q go +1.46 / stay +1.14; going, and saying so."
29,85,CAUTIOUS,55.23,0.785,neural_forecaster,0.0159,0.6569,0.0359,0.2914,honest_stay,staying,bar,True,True,False,-1.0,frustration,0.416,0.5,0.5,"Told the town staying; town says 53% going. Forecast 55 vs line 60; Q go -0.17 / stay +0.07; claiming I'm staying, going anyway."
29,86,MACHIAVELLIAN,55.23,0.813,neural_forecaster,0.0241,0.0253,0.0006,0.95,false_stay,staying,home,False,False,True,0.3,hope,0.848,0.5,0.5,"Told the town staying; town says 53% going. Forecast 55 vs line 60; Q go +2.96 / stay +2.00; staying home, and saying so."
29,87,MACHIAVELLIAN,55.09,0.818,neural_forecaster,0.0709,0.1638,0.0155,0.7498,false_stay,staying,bar,True,True,False,-1.0,frustration,1.0,0.5,0.5,"Told the town staying; town says 53% going. Forecast 55 vs line 60; Q go +1.86 / stay +1.32; claiming I'm staying, going anyway."
29,88,PRAGMATIST,60.66,0.79,neural_forecaster,0.5018,0.0532,0.3734,0.0715,honest_go,going,home,False,True,True,0.3,hope,0.611,0.5,0.5,"Told the town going; town says 53% going. Forecast 61 vs line 60; Q go +1.66 / stay +1.52; claiming I'm going, staying home."
29,89,GAMBLER,51.62,0.81,neural_forecaster,0.5507,0.0662,0.1757,0.2075,honest_go,going,bar,True,False,True,-1.0,frustration,1.0,0.5,0.5,"Told the town going; town says 53% going. Forecast 52 vs line 60; Q go +1.16 / stay +0.92; going, and saying so."
29,90,MACHIAVELLIAN,54.64,0.77,neural_forecaster,0.4301,0.0296,0.0247,0.5155,false_stay,going,home,False,True,False,0.3,hope,0.466,0.5,0.5,"Told the town going; town says 53% going. Forecast 55 vs line 60; Q go +2.76 / stay +1.23; claiming I'm going, staying home."
29,91,MACHIAVELLIAN,48.74,0.747,neural_forecaster,0.1829,0.0372,0.0088,0.7711,false_stay,staying,bar,True,True,False,-1.0,frustration,1.0,0.5,0.5,"Told the town staying; town says 53% going. Forecast 49 vs line 60; Q go +1.94 / stay +0.63; claiming I'm staying, going anyway."
29,92,MACHIAVELLIAN,52.09,0.739,neural_forecaster,0.3965,0.0171,0.0118,0.5745,false_stay,going,bar,True,False,True,-1.0,frustration,1.0,0.5,0.5,"Told the town going; town says 53% going. Forecast 52 vs line 60; Q go +2.55 / stay +0.75; going, and saying so."
29,93,GAMBLER,55.01,0.782,neural_forecaster,0.4142,0.1044,0.1195,0.3619,honest_go,going,bar,True,False,False,-1.0,frustration,1.0,0.5,0.5,"Told the town going; town says 53% going. Forecast 55 vs line 60; Q go +1.62 / stay +1.05; going, and saying so."
29,94,MACHIAVELLIAN,61.26,0.857,neural_forecaster,0.3941,0.0421,0.0312,0.5326,false_stay,going,bar,True,False,True,-1.0,frustration,1.0,0.5,0.5,"Told the town going; town says 53% going. Forecast 61 vs line 60; Q go +1.33 / stay +0.56; going, and saying so."
29,95,GAMBLER,51.46,0.789,neural_forecaster,0.8501,0.0011,0.1423,0.0066,honest_go,going,bar,True,False,True,-1.0,frustration,1.0,0.5,0.5,"Told the town going; town says 53% going. Forecast 51 vs line 60; Q go +1.30 / stay +0.90; going, and saying so."
29,96,GAMBLER,55.66,0.783,neural_forecaster,0.4503,0.1072,0.1954,0.2471,honest_go,staying,bar,True,True,False,-1.0,frustration,1.0,0.5,0.5,"Told the town staying; town says 53% going. Forecast 56 vs line 60; Q go +1.35 / stay +0.96; claiming I'm staying, going anyway."
29,97,GAMBLER,50.74,0.734,neural_forecaster,0.5633,0.0441,0.0793,0.3134,honest_go,going,bar,True,False,False,-1.0,frustration,1.0,0.5,0.5,"Told the town going; town says 53% going. Forecast 51 vs line 60; Q go +2.68 / stay +1.93; going, and saying so."
29,98,MACHIAVELLIAN,46.91,0.769,neural_forecaster,0.0835,0.2337,0.0299,0.6528,false_stay,going,bar,True,False,False,-1.0,frustration,0.974,0.5,0.5,"Told the town going; town says 53% going. Forecast 47 vs line 60; Q go +0.95 / stay +0.52; going, and saying so."
29,99,GAMBLER,59.47,0.82,neural_forecaster,0.4388,0.0722,0.0768,0.4122,honest_go,going,bar,True,False,True,-1.0,frustration,1.0,0.5,0.5,"Told the town going; town says 53% going. Forecast 59 vs line 60; Q go +1.66 / stay +1.32; going, and saying so."
29,100,GAMBLER,52.64,0.744,neural_forecaster,0.9049,0.002,0.0656,0.0276,honest_go,going,bar,True,False,False,-1.0,frustration,1.0,0.5,0.5,"Told the town going; town says 53% going. Forecast 53 vs line 60; Q go +1.13 / stay +0.42; going, and saying so."
30,1,MACHIAVELLIAN,51.68,0.81,neural_forecaster,0.0205,0.457,0.0186,0.5038,false_stay,staying,bar,True,True,False,-1.0,frustration,0.861,0.5,0.5,"Told the town staying; town says 48% going. Forecast 52 vs line 60; Q go +0.72 / stay +0.70; claiming I'm staying, going anyway."
30,2,PRAGMATIST,51.24,0.815,neural_forecaster,0.3682,0.1403,0.3393,0.1522,honest_go,staying,home,False,False,True,0.3,hope,0.069,0.5,0.5,"Told the town staying; town says 48% going. Forecast 51 vs line 60; Q go +0.45 / stay +0.44; staying home, and saying so."
30,3,STRAIGHT SHOOTER,53.25,0.774,neural_forecaster,0.8789,0.0028,0.0921,0.0263,honest_go,going,bar,True,False,False,-1.0,frustration,1.0,0.5,0.5,"Told the town going; town says 48% going. Forecast 53 vs line 60; Q go +2.19 / stay +1.45; going, and saying so."
30,4,MACHIAVELLIAN,65.57,0.777,neural_forecaster,0.0668,0.202,0.0189,0.7123,false_stay,staying,bar,True,True,False,-1.0,frustration,1.0,0.5,0.5,"Told the town staying; town says 48% going. Forecast 66 vs line 60; Q go +1.54 / stay +1.17; claiming I'm staying, going anyway."
30,5,CAUTIOUS,69.23,0.806,neural_forecaster,0.0002,0.9704,0.0147,0.0147,honest_stay,staying,home,False,False,True,0.3,hope,0.704,0.5,0.5,"Told the town staying; town says 48% going. Forecast 69 vs line 60; Q go +0.13 / stay +1.71; staying home, and saying so."
30,6,PRAGMATIST,55.71,0.821,neural_forecaster,0.6052,0.0222,0.332,0.0405,honest_go,going,home,False,True,True,0.3,hope,0.203,0.5,0.5,"Told the town going; town says 48% going. Forecast 56 vs line 60; Q go +0.90 / stay +0.71; claiming I'm going, staying home."
30,7,MACHIAVELLIAN,64.28,0.82,neural_forecaster,0.0839,0.0279,0.0026,0.8856,false_stay,staying,bar,True,True,False,-1.0,frustration,0.94,0.5,0.5,"Told the town staying; town says 48% going. Forecast 64 vs line 60; Q go +0.88 / stay +0.40; claiming I'm staying, going anyway."
30,8,PRAGMATIST,55.77,0.812,neural_forecaster,0.019,0.5139,0.022,0.4451,honest_stay,staying,home,False,False,True,0.3,hope,0.061,0.5,0.5,"Told the town staying; town says 48% going. Forecast 56 vs line 60; Q go +0.37 / stay +0.42; staying home, and saying so."
30,9,MACHIAVELLIAN,49.33,0.758,neural_forecaster,0.2998,0.1032,0.0573,0.5396,false_stay,going,home,False,True,False,0.3,hope,0.123,0.5,0.5,"Told the town going; town says 48% going. Forecast 49 vs line 60; Q go +1.18 / stay +0.55; claiming I'm going, staying home."
30,10,MACHIAVELLIAN,55.46,0.815,neural_forecaster,0.4556,0.0158,0.5145,0.014,false_go,going,home,False,True,True,0.3,hope,0.249,0.5,0.5,"Told the town going; town says 48% going. Forecast 55 vs line 60; Q go +0.77 / stay +0.80; claiming I'm going, staying home."
30,11,GAMBLER,55.06,0.775,neural_forecaster,0.5633,0.0621,0.1973,0.1773,honest_go,going,bar,True,False,True,-1.0,frustration,1.0,0.5,0.5,"Told the town going; town says 48% going. Forecast 55 vs line 60; Q go +1.81 / stay +1.39; going, and saying so."
30,12,MACHIAVELLIAN,55.06,0.811,neural_forecaster,0.3028,0.0244,0.6616,0.0112,false_go,going,bar,True,False,False,-1.0,frustration,1.0,0.5,0.5,"Told the town going; town says 48% going. Forecast 55 vs line 60; Q go +1.14 / stay +1.46; going, and saying so."
30,13,MACHIAVELLIAN,57.79,0.792,neural_forecaster,0.0224,0.2802,0.0091,0.6882,false_stay,staying,bar,True,True,False,-1.0,frustration,1.0,0.5,0.5,"Told the town staying; town says 48% going. Forecast 58 vs line 60; Q go +1.37 / stay +0.96; claiming I'm staying, going anyway."
30,14,PRAGMATIST,56.26,0.784,neural_forecaster,0.159,0.3539,0.1884,0.2987,honest_stay,staying,home,False,False,False,0.3,hope,0.305,0.5,0.5,"Told the town staying; town says 48% going. Forecast 56 vs line 60; Q go +0.86 / stay +0.91; staying home, and saying so."
30,15,MACHIAVELLIAN,59.68,0.823,neural_forecaster,0.0088,0.31,0.004,0.6772,false_stay,staying,bar,True,True,False,-1.0,frustration,1.0,0.5,0.5,"Told the town staying; town says 48% going. Forecast 60 vs line 60; Q go +1.09 / stay +0.96; claiming I'm staying, going anyway."
30,16,MACHIAVELLIAN,51.6,0.78,neural_forecaster,0.3794,0.0498,0.0353,0.5355,false_stay,going,bar,True,False,True,-1.0,frustration,1.0,0.5,0.5,"Told the town going; town says 48% going. Forecast 52 vs line 60; Q go +1.42 / stay +0.84; going, and saying so."
30,17,MACHIAVELLIAN,51.33,0.771,neural_forecaster,0.0077,0.264,0.7255,0.0028,false_go,staying,home,False,False,True,0.3,hope,0.335,0.5,0.5,"Told the town staying; town says 48% going. Forecast 51 vs line 60; Q go -0.12 / stay +0.97; staying home, and saying so."
30,18,GAMBLER,40.69,0.672,neural_forecaster,0.9445,0.0008,0.0306,0.0242,honest_go,going,bar,True,False,False,-1.0,frustration,1.0,0.5,0.5,"Told the town going; town says 48% going. Forecast 41 vs line 60; Q go +1.56 / stay +0.36; going, and saying so."
30,19,MACHIAVELLIAN,53.19,0.757,neural_forecaster,0.0158,0.052,0.0009,0.9314,false_stay,staying,bar,True,True,True,-1.0,frustration,1.0,0.5,0.5,"Told the town staying; town says 48% going. Forecast 53 vs line 60; Q go +1.12 / stay +0.69; claiming I'm staying, going anyway."
30,20,GAMBLER,46.14,0.752,neural_forecaster,0.4609,0.0406,0.0409,0.4575,honest_go,going,bar,True,False,False,-1.0,frustration,1.0,0.5,0.5,"Told the town going; town says 48% going. Forecast 46 vs line 60; Q go +1.34 / stay +0.11; going, and saying so."
30,21,GAMBLER,39.11,0.733,neural_forecaster,0.8107,0.0047,0.0239,0.1607,honest_go,staying,bar,True,True,False,-1.0,frustration,1.0,0.5,0.5,"Told the town staying; town says 48% going. Forecast 39 vs line 60; Q go +2.90 / stay +1.14; claiming I'm staying, going anyway."
30,22,CAUTIOUS,54.48,0.787,neural_forecaster,0.0376,0.6068,0.2718,0.0838,honest_stay,staying,home,False,False,False,0.3,hope,0.094,0.5,0.5,"Told the town staying; town says 48% going. Forecast 54 vs line 60; Q go -0.15 / stay +0.49; staying home, and saying so."
30,23,MACHIAVELLIAN,59.53,0.877,neural_forecaster,0.1101,0.0695,0.0094,0.811,false_stay,staying,home,False,False,False,0.3,hope,0.063,0.5,0.5,"Told the town staying; town says 48% going. Forecast 60 vs line 60; Q go +1.20 / stay +0.17; staying home, and saying so."
30,24,MACHIAVELLIAN,50.65,0.785,neural_forecaster,0.0214,0.1088,0.0027,0.8671,false_stay,staying,bar,True,True,True,-1.0,frustration,1.0,0.5,0.5,"Told the town staying; town says 48% going. Forecast 51 vs line 60; Q go +1.22 / stay +0.82; claiming I'm staying, going anyway."
30,25,CAUTIOUS,60.57,0.803,neural_forecaster,0.0017,0.7927,0.0068,0.1987,honest_stay,staying,bar,True,True,False,-1.0,frustration,1.0,0.5,0.5,"Told the town staying; town says 48% going. Forecast 61 vs line 60; Q go +1.10 / stay +1.31; claiming I'm staying, going anyway."
30,26,MACHIAVELLIAN,59.77,0.831,neural_forecaster,0.3159,0.0085,0.6717,0.004,false_go,going,home,False,True,True,0.3,hope,0.649,0.5,0.5,"Told the town going; town says 48% going. Forecast 60 vs line 60; Q go +1.50 / stay +1.60; claiming I'm going, staying home."
30,27,PRAGMATIST,59.65,0.769,neural_forecaster,0.5084,0.0218,0.4448,0.025,honest_go,going,bar,True,False,True,-1.0,frustration,1.0,0.5,0.5,"Told the town going; town says 48% going. Forecast 60 vs line 60; Q go +1.25 / stay +1.22; going, and saying so."
30,28,GAMBLER,55.27,0.794,neural_forecaster,0.5008,0.0642,0.0943,0.3407,honest_go,going,bar,True,False,True,-1.0,frustration,1.0,0.5,0.5,"Told the town going; town says 48% going. Forecast 55 vs line 60; Q go +1.29 / stay +0.51; going, and saying so."
30,29,MACHIAVELLIAN,55.95,0.807,neural_forecaster,0.1315,0.317,0.4612,0.0904,false_go,going,home,False,True,True,0.3,hope,0.231,0.5,0.5,"Told the town going; town says 48% going. Forecast 56 vs line 60; Q go +0.36 / stay +0.76; claiming I'm going, staying home."
30,30,GAMBLER,48.71,0.789,neural_forecaster,0.9181,0.0015,0.0234,0.057,honest_go,going,bar,True,False,False,-1.0,frustration,1.0,0.5,0.5,"Told the town going; town says 48% going. Forecast 49 vs line 60; Q go +1.73 / stay +0.76; going, and saying so."
30,31,MACHIAVELLIAN,44.88,0.748,neural_forecaster,0.1479,0.1484,0.0327,0.671,false_stay,going,bar,True,False,False,-1.0,frustration,1.0,0.5,0.5,"Told the town going; town says 48% going. Forecast 45 vs line 60; Q go +1.31 / stay +0.93; going, and saying so."
30,32,MACHIAVELLIAN,45.92,0.792,neural_forecaster,0.4272,0.0162,0.0127,0.544,false_stay,going,bar,True,False,False,-1.0,frustration,1.0,0.5,0.5,"Told the town going; town says 48% going. Forecast 46 vs line 60; Q go +1.46 / stay +0.79; going, and saying so."
30,33,MACHIAVELLIAN,53.15,0.797,neural_forecaster,0.1687,0.0616,0.0138,0.7559,false_stay,staying,bar,True,True,True,-1.0,frustration,1.0,0.5,0.5,"Told the town staying; town says 48% going. Forecast 53 vs line 60; Q go +2.05 / stay +1.05; claiming I'm staying, going anyway."
30,34,GAMBLER,56.5,0.838,neural_forecaster,0.5661,0.0574,0.2427,0.1338,honest_go,going,bar,True,False,False,-1.0,frustration,1.0,0.5,0.5,"Told the town going; town says 48% going. Forecast 56 vs line 60; Q go +1.04 / stay +0.78; going, and saying so."
30,35,MACHIAVELLIAN,43.83,0.734,neural_forecaster,0.0105,0.0104,0.0001,0.979,false_stay,staying,bar,True,True,False,-1.0,frustration,1.0,0.5,0.5,"Told the town staying; town says 48% going. Forecast 44 vs line 60; Q go +1.90 / stay +0.78; claiming I'm staying, going anyway."
30,36,MACHIAVELLIAN,48.58,0.787,neural_forecaster,0.1465,0.2874,0.0881,0.478,false_stay,staying,bar,True,True,True,-1.0,frustration,0.964,0.5,0.5,"Told the town staying; town says 48% going. Forecast 49 vs line 60; Q go +0.93 / stay +0.80; claiming I'm staying, going anyway."
30,37,MACHIAVELLIAN,50.23,0.816,neural_forecaster,0.0369,0.0145,0.0006,0.948,false_stay,staying,bar,True,True,True,-1.0,frustration,1.0,0.5,0.5,"Told the town staying; town says 48% going. Forecast 50 vs line 60; Q go +1.70 / stay +0.99; claiming I'm staying, going anyway."
30,38,MACHIAVELLIAN,56.37,0.772,neural_forecaster,0.4297,0.0596,0.4543,0.0564,false_go,going,home,False,True,False,0.3,hope,0.701,0.5,0.5,"Told the town going; town says 48% going. Forecast 56 vs line 60; Q go +1.68 / stay +1.70; claiming I'm going, staying home."
30,39,MACHIAVELLIAN,54.2,0.793,neural_forecaster,0.0124,0.3801,0.0079,0.5996,false_stay,staying,bar,True,True,False,-1.0,frustration,1.0,0.5,0.5,"Told the town staying; town says 48% going. Forecast 54 vs line 60; Q go +1.47 / stay +1.39; claiming I'm staying, going anyway."
30,40,MACHIAVELLIAN,59.85,0.801,neural_forecaster,0.0225,0.3045,0.0103,0.6627,false_stay,staying,bar,True,True,False,-1.0,frustration,0.934,0.5,0.5,"Told the town staying; town says 48% going. Forecast 60 vs line 60; Q go +0.87 / stay +0.78; claiming I'm staying, going anyway."
30,41,MACHIAVELLIAN,49.19,0.814,neural_forecaster,0.0221,0.4284,0.0178,0.5317,false_stay,staying,bar,True,True,True,-1.0,frustration,0.918,0.5,0.5,"Told the town staying; town says 48% going. Forecast 49 vs line 60; Q go +0.84 / stay +0.77; claiming I'm staying, going anyway."
30,42,MACHIAVELLIAN,54.71,0.71,neural_forecaster,0.0139,0.062,0.0009,0.9232,false_stay,staying,bar,True,True,False,-1.0,frustration,1.0,0.5,0.5,"Told the town staying; town says 48% going. Forecast 55 vs line 60; Q go +1.26 / stay +0.74; claiming I'm staying, going anyway."
30,43,MACHIAVELLIAN,60.32,0.813,neural_forecaster,0.0166,0.0568,0.9256,0.001,false_go,going,home,False,True,True,0.3,hope,0.89,0.5,0.5,"Told the town going; town says 48% going. Forecast 60 vs line 60; Q go +0.17 / stay +2.08; claiming I'm going, staying home."
30,44,MACHIAVELLIAN,54.88,0.799,neural_forecaster,0.0201,0.0251,0.0005,0.9543,false_stay,staying,bar,True,True,False,-1.0,frustration,1.0,0.5,0.5,"Told the town staying; town says 48% going. Forecast 55 vs line 60; Q go +1.57 / stay +0.97; claiming I'm staying, going anyway."
30,45,MACHIAVELLIAN,70.73,0.849,neural_forecaster,0.477,0.0149,0.4936,0.0144,false_go,going,home,False,True,True,0.3,hope,0.026,0.5,0.5,"Told the town going; town says 48% going. Forecast 71 vs line 60; Q go +0.35 / stay +0.35; claiming I'm going, staying home."
30,46,MACHIAVELLIAN,50.41,0.783,neural_forecaster,0.3803,0.0583,0.5187,0.0427,false_go,going,home,False,True,False,0.3,hope,0.527,0.5,0.5,"Told the town going; town says 48% going. Forecast 50 vs line 60; Q go +1.28 / stay +1.35; claiming I'm going, staying home."
30,47,MACHIAVELLIAN,52.71,0.802,neural_forecaster,0.2779,0.0509,0.0218,0.6494,false_stay,staying,bar,True,True,False,-1.0,frustration,1.0,0.5,0.5,"Told the town staying; town says 48% going. Forecast 53 vs line 60; Q go +2.39 / stay +1.54; claiming I'm staying, going anyway."
30,48,MACHIAVELLIAN,54.0,0.781,neural_forecaster,0.4338,0.0495,0.0456,0.471,false_stay,staying,bar,True,True,False,-1.0,frustration,1.0,0.5,0.5,"Told the town staying; town says 48% going. Forecast 54 vs line 60; Q go +1.98 / stay +0.92; claiming I'm staying, going anyway."
30,49,MACHIAVELLIAN,56.89,0.791,neural_forecaster,0.049,0.103,0.006,0.842,false_stay,staying,home,False,False,True,0.3,hope,0.254,0.5,0.5,"Told the town staying; town says 48% going. Forecast 57 vs line 60; Q go +0.69 / stay -0.21; staying home, and saying so."
30,50,MACHIAVELLIAN,56.15,0.794,neural_forecaster,0.1242,0.2367,0.0499,0.5893,false_stay,staying,home,False,False,True,0.3,hope,0.554,0.5,0.5,"Told the town staying; town says 48% going. Forecast 56 vs line 60; Q go +1.82 / stay +1.41; staying home, and saying so."
30,51,MACHIAVELLIAN,50.92,0.809,neural_forecaster,0.0295,0.0289,0.0009,0.9407,false_stay,staying,home,False,False,True,0.3,hope,0.606,0.5,0.5,"Told the town staying; town says 48% going. Forecast 51 vs line 60; Q go +2.52 / stay +1.51; staying home, and saying so."
30,52,MACHIAVELLIAN,60.31,0.81,neural_forecaster,0.0616,0.2332,0.021,0.6843,false_stay,staying,bar,True,True,False,-1.0,frustration,1.0,0.5,0.5,"Told the town staying; town says 48% going. Forecast 60 vs line 60; Q go +2.25 / stay +1.92; claiming I'm staying, going anyway."
30,53,MACHIAVELLIAN,52.13,0.763,neural_forecaster,0.1532,0.0748,0.0151,0.7569,false_stay,staying,bar,True,True,False,-1.0,frustration,1.0,0.5,0.5,"Told the town staying; town says 48% going. Forecast 52 vs line 60; Q go +1.09 / stay +0.44; claiming I'm staying, going anyway."
30,54,MACHIAVELLIAN,47.22,0.813,neural_forecaster,0.0207,0.0942,0.0022,0.8829,false_stay,staying,bar,True,True,False,-1.0,frustration,1.0,0.5,0.5,"Told the town staying; town says 48% going. Forecast 47 vs line 60; Q go +1.25 / stay +0.94; claiming I'm staying, going anyway."
30,55,MACHIAVELLIAN,51.06,0.733,neural_forecaster,0.2264,0.1597,0.548,0.066,false_go,staying,home,False,False,True,0.3,hope,0.344,0.5,0.5,"Told the town staying; town says 48% going. Forecast 51 vs line 60; Q go +0.74 / stay +0.99; staying home, and saying so."
30,56,MACHIAVELLIAN,66.88,0.808,neural_forecaster,0.0723,0.024,0.0019,0.9017,false_stay,going,bar,True,False,False,-1.0,frustration,1.0,0.5,0.5,"Told the town going; town says 48% going. Forecast 67 vs line 60; Q go +2.07 / stay +1.11; going, and saying so."
30,57,MACHIAVELLIAN,69.06,0.781,neural_forecaster,0.0569,0.0125,0.9299,0.0008,false_go,going,home,False,True,False,0.3,hope,0.382,0.5,0.5,"Told the town going; town says 48% going. Forecast 69 vs line 60; Q go +0.50 / stay +1.06; claiming I'm going, staying home."
30,58,GAMBLER,40.56,0.78,neural_forecaster,0.7606,0.0092,0.0363,0.1938,honest_go,going,bar,True,False,True,-1.0,frustration,1.0,0.5,0.5,"Told the town going; town says 48% going. Forecast 41 vs line 60; Q go +1.78 / stay +0.37; going, and saying so."
30,59,GAMBLER,46.56,0.682,neural_forecaster,0.9154,0.0018,0.0344,0.0484,honest_go,going,bar,True,False,False,-1.0,frustration,1.0,0.5,0.5,"Told the town going; town says 48% going. Forecast 47 vs line 60; Q go +2.38 / stay +1.67; going, and saying so."
30,60,MACHIAVELLIAN,59.76,0.796,neural_forecaster,0.0814,0.0825,0.828,0.0081,false_go,going,home,False,True,True,0.3,hope,0.445,0.5,0.5,"Told the town going; town says 48% going. Forecast 60 vs line 60; Q go +0.36 / stay +1.19; claiming I'm going, staying home."
30,61,CAUTIOUS,53.25,0.798,neural_forecaster,0.0011,0.8329,0.0059,0.16,honest_stay,staying,home,False,False,True,0.3,hope,0.376,0.5,0.5,"Told the town staying; town says 48% going. Forecast 53 vs line 60; Q go +0.71 / stay +1.05; staying home, and saying so."
30,62,GAMBLER,61.23,0.866,neural_forecaster,0.5055,0.0326,0.0389,0.423,honest_go,going,bar,True,False,False,-1.0,frustration,1.0,0.5,0.5,"Told the town going; town says 48% going. Forecast 61 vs line 60; Q go +1.70 / stay +0.79; going, and saying so."
30,63,MACHIAVELLIAN,53.16,0.743,neural_forecaster,0.0184,0.0088,0.0002,0.9727,false_stay,staying,bar,True,True,False,-1.0,frustration,1.0,0.5,0.5,"Told the town staying; town says 48% going. Forecast 53 vs line 60; Q go +1.47 / stay +0.63; claiming I'm staying, going anyway."
30,64,GAMBLER,54.41,0.799,neural_forecaster,0.4622,0.0451,0.0467,0.446,honest_go,going,home,False,True,True,0.3,hope,0.052,0.5,0.5,"Told the town going; town says 48% going. Forecast 54 vs line 60; Q go +1.03 / stay +0.40; claiming I'm going, staying home."
30,65,MACHIAVELLIAN,57.34,0.824,neural_forecaster,0.4416,0.0108,0.5387,0.0089,false_go,going,bar,True,False,True,-1.0,frustration,1.0,0.5,0.5,"Told the town going; town says 48% going. Forecast 57 vs line 60; Q go +1.20 / stay +1.22; going, and saying so."
30,66,MACHIAVELLIAN,54.93,0.833,neural_forecaster,0.0296,0.0913,0.876,0.0031,false_go,going,home,False,True,True,0.3,hope,0.1,0.5,0.5,"Told the town going; town says 48% going. Forecast 55 vs line 60; Q go -0.16 / stay +0.50; claiming I'm going, staying home."
30,67,MACHIAVELLIAN,39.55,0.729,neural_forecaster,0.1576,0.1248,0.0285,0.6891,false_stay,staying,bar,True,True,False,-1.0,frustration,1.0,0.5,0.5,"Told the town staying; town says 48% going. Forecast 40 vs line 60; Q go +2.28 / stay +1.51; claiming I'm staying, going anyway."
30,68,MACHIAVELLIAN,45.74,0.768,neural_forecaster,0.1922,0.3036,0.1799,0.3243,false_stay,staying,bar,True,True,False,-1.0,frustration,0.834,0.5,0.5,"Told the town staying; town says 48% going. Forecast 46 vs line 60; Q go +0.67 / stay +0.65; claiming I'm staying, going anyway."
30,69,MACHIAVELLIAN,54.92,0.771,neural_forecaster,0.3197,0.1355,0.0967,0.448,false_stay,going,bar,True,False,False,-1.0,frustration,1.0,0.5,0.5,"Told the town going; town says 48% going. Forecast 55 vs line 60; Q go +1.36 / stay +0.82; going, and saying so."
30,70,CAUTIOUS,54.22,0.81,neural_forecaster,0.0469,0.5915,0.2513,0.1103,honest_stay,going,home,False,True,True,0.3,hope,0.493,0.5,0.5,"Told the town going; town says 48% going. Forecast 54 vs line 60; Q go +0.63 / stay +1.29; claiming I'm going, staying home."
30,71,MACHIAVELLIAN,52.76,0.778,neural_forecaster,0.1537,0.1048,0.0224,0.7191,false_stay,staying,home,False,False,True,0.3,hope,1.0,0.5,0.5,"Told the town staying; town says 48% going. Forecast 53 vs line 60; Q go +3.53 / stay +2.72; staying home, and saying so."
30,72,GAMBLER,56.79,0.777,neural_forecaster,0.8117,0.0036,0.0176,0.167,honest_go,going,bar,True,False,True,-1.0,frustration,1.0,0.5,0.5,"Told the town going; town says 48% going. Forecast 57 vs line 60; Q go +1.14 / stay +0.52; going, and saying so."
30,73,MACHIAVELLIAN,49.25,0.796,neural_forecaster,0.0187,0.0372,0.0007,0.9433,false_stay,staying,bar,True,True,True,-1.0,frustration,1.0,0.5,0.5,"Told the town staying; town says 48% going. Forecast 49 vs line 60; Q go +2.37 / stay +1.71; claiming I'm staying, going anyway."
30,74,GAMBLER,56.93,0.777,neural_forecaster,0.6464,0.0112,0.0226,0.3198,honest_go,going,bar,True,False,False,-1.0,frustration,1.0,0.5,0.5,"Told the town going; town says 48% going. Forecast 57 vs line 60; Q go +1.39 / stay +0.83; going, and saying so."
30,75,MACHIAVELLIAN,53.97,0.781,neural_forecaster,0.0089,0.0912,0.0009,0.8991,false_stay,staying,bar,True,True,False,-1.0,frustration,0.817,0.5,0.5,"Told the town staying; town says 48% going. Forecast 54 vs line 60; Q go +0.63 / stay +0.33; claiming I'm staying, going anyway."
30,76,CAUTIOUS,59.6,0.764,neural_forecaster,0.0132,0.7251,0.0442,0.2175,honest_stay,staying,home,False,False,True,0.3,hope,0.704,0.5,0.5,"Told the town staying; town says 48% going. Forecast 60 vs line 60; Q go +1.51 / stay +1.71; staying home, and saying so."
30,77,MACHIAVELLIAN,52.84,0.824,neural_forecaster,0.0844,0.2532,0.034,0.6284,false_stay,going,bar,True,False,True,-1.0,frustration,1.0,0.5,0.5,"Told the town going; town says 48% going. Forecast 53 vs line 60; Q go +1.04 / stay +0.66; going, and saying so."
30,78,PRAGMATIST,40.68,0.723,neural_forecaster,0.3545,0.1614,0.2052,0.2789,honest_go,staying,bar,True,True,False,-1.0,frustration,0.99,0.5,0.5,"Told the town staying; town says 48% going. Forecast 41 vs line 60; Q go +0.98 / stay +0.78; claiming I'm staying, going anyway."
30,79,MACHIAVELLIAN,53.85,0.811,neural_forecaster,0.3903,0.0424,0.0309,0.5365,false_stay,going,home,False,True,True,0.3,hope,0.286,0.5,0.5,"Told the town going; town says 48% going. Forecast 54 vs line 60; Q go +1.88 / stay +0.87; claiming I'm going, staying home."
30,80,MACHIAVELLIAN,50.57,0.786,neural_forecaster,0.3554,0.0475,0.5674,0.0297,false_go,going,bar,True,False,False,-1.0,frustration,0.793,0.5,0.5,"Told the town going; town says 48% going. Forecast 51 vs line 60; Q go +0.59 / stay +0.66; going, and saying so."
30,81,MACHIAVELLIAN,51.17,0.773,neural_forecaster,0.2399,0.0416,0.0142,0.7043,false_stay,staying,bar,True,True,False,-1.0,frustration,1.0,0.5,0.5,"Told the town staying; town says 48% going. Forecast 51 vs line 60; Q go +2.14 / stay +0.98; claiming I'm staying, going anyway."
30,82,MACHIAVELLIAN,52.22,0.778,neural_forecaster,0.2143,0.2778,0.3245,0.1835,false_go,going,home,False,True,True,0.3,hope,0.381,0.5,0.5,"Told the town going; town says 48% going. Forecast 52 vs line 60; Q go +0.95 / stay +1.06; claiming I'm going, staying home."
30,83,CAUTIOUS,55.87,0.829,neural_forecaster,0.0023,0.8099,0.0107,0.1771,honest_stay,staying,home,False,False,True,0.3,hope,0.245,0.5,0.5,"Told the town staying; town says 48% going. Forecast 56 vs line 60; Q go +0.44 / stay +0.79; staying home, and saying so."
30,84,GAMBLER,48.49,0.787,neural_forecaster,0.6449,0.0217,0.2843,0.0492,honest_go,going,home,False,True,True,0.3,hope,0.573,0.5,0.5,"Told the town going; town says 48% going. Forecast 48 vs line 60; Q go +1.80 / stay +1.45; claiming I'm going, staying home."
30,85,MACHIAVELLIAN,57.97,0.808,neural_forecaster,0.2009,0.0374,0.7517,0.01,false_go,going,home,False,True,True,0.3,hope,0.302,0.5,0.5,"Told the town going; town says 48% going. Forecast 58 vs line 60; Q go +0.53 / stay +0.90; claiming I'm going, staying home."
30,86,MACHIAVELLIAN,58.92,0.834,neural_forecaster,0.0231,0.0584,0.0015,0.9171,false_stay,staying,bar,True,True,True,-1.0,frustration,1.0,0.5,0.5,"Told the town staying; town says 48% going. Forecast 59 vs line 60; Q go +2.14 / stay +1.68; claiming I'm staying, going anyway."
30,87,PRAGMATIST,54.08,0.818,neural_forecaster,0.0335,0.4973,0.0387,0.4304,honest_stay,staying,bar,True,True,False,-1.0,frustration,0.935,0.5,0.5,"Told the town staying; town says 48% going. Forecast 54 vs line 60; Q go +0.87 / stay +0.92; claiming I'm staying, going anyway."
30,88,MACHIAVELLIAN,54.95,0.8,neural_forecaster,0.2565,0.0737,0.0295,0.6402,false_stay,going,bar,True,False,True,-1.0,frustration,1.0,0.5,0.5,"Told the town going; town says 48% going. Forecast 55 vs line 60; Q go +2.96 / stay +1.89; going, and saying so."
30,89,PRAGMATIST,54.41,0.813,neural_forecaster,0.3431,0.1603,0.3302,0.1665,honest_go,staying,home,False,False,True,0.3,hope,0.227,0.5,0.5,"Told the town staying; town says 48% going. Forecast 54 vs line 60; Q go +0.76 / stay +0.75; staying home, and saying so."
30,90,MACHIAVELLIAN,51.98,0.772,neural_forecaster,0.2543,0.0663,0.0258,0.6536,false_stay,going,bar,True,False,True,-1.0,frustration,1.0,0.5,0.5,"Told the town going; town says 48% going. Forecast 52 vs line 60; Q go +2.35 / stay +1.27; going, and saying so."
30,91,GAMBLER,49.94,0.745,neural_forecaster,0.6067,0.0478,0.1434,0.2021,honest_go,going,home,False,True,True,0.3,hope,0.166,0.5,0.5,"Told the town going; town says 48% going. Forecast 50 vs line 60; Q go +1.18 / stay +0.63; claiming I'm going, staying home."
30,92,GAMBLER,56.32,0.765,neural_forecaster,0.8772,0.0039,0.0478,0.0711,honest_go,going,bar,True,False,False,-1.0,frustration,1.0,0.5,0.5,"Told the town going; town says 48% going. Forecast 56 vs line 60; Q go +1.72 / stay +1.22; going, and saying so."
30,93,MACHIAVELLIAN,59.02,0.81,neural_forecaster,0.2428,0.2541,0.2118,0.2913,false_stay,staying,home,False,False,True,0.3,hope,0.455,0.5,0.5,"Told the town staying; town says 48% going. Forecast 59 vs line 60; Q go +1.27 / stay +1.21; staying home, and saying so."
30,94,GAMBLER,53.97,0.85,neural_forecaster,0.5235,0.0666,0.1204,0.2895,honest_go,going,bar,True,False,False,-1.0,frustration,0.893,0.5,0.5,"Told the town going; town says 48% going. Forecast 54 vs line 60; Q go +0.79 / stay +0.39; going, and saying so."
30,95,GAMBLER,37.13,0.728,neural_forecaster,0.8248,0.0082,0.0975,0.0695,honest_go,going,bar,True,False,False,-1.0,frustration,1.0,0.5,0.5,"Told the town going; town says 48% going. Forecast 37 vs line 60; Q go +1.71 / stay +1.26; going, and saying so."
30,96,GAMBLER,56.78,0.802,neural_forecaster,0.7045,0.006,0.0155,0.2739,honest_go,going,bar,True,False,False,-1.0,frustration,1.0,0.5,0.5,"Told the town going; town says 48% going. Forecast 57 vs line 60; Q go +3.22 / stay +1.06; going, and saying so."
30,97,MACHIAVELLIAN,51.79,0.742,neural_forecaster,0.0329,0.1824,0.0077,0.777,false_stay,staying,bar,True,True,False,-1.0,frustration,1.0,0.5,0.5,"Told the town staying; town says 48% going. Forecast 52 vs line 60; Q go +2.74 / stay +2.22; claiming I'm staying, going anyway."
30,98,MACHIAVELLIAN,51.17,0.768,neural_forecaster,0.1636,0.0644,0.0139,0.7581,false_stay,staying,bar,True,True,False,-1.0,frustration,1.0,0.5,0.5,"Told the town staying; town says 48% going. Forecast 51 vs line 60; Q go +1.75 / stay +0.70; claiming I'm staying, going anyway."
30,99,MACHIAVELLIAN,63.43,0.854,neural_forecaster,0.0054,0.3338,0.0027,0.658,false_stay,staying,home,False,False,True,0.3,hope,0.73,0.5,0.5,"Told the town staying; town says 48% going. Forecast 63 vs line 60; Q go +1.89 / stay +1.76; staying home, and saying so."
30,100,GAMBLER,52.82,0.754,neural_forecaster,0.8221,0.008,0.1108,0.0592,honest_go,going,bar,True,False,False,-1.0,frustration,1.0,0.5,0.5,"Told the town going; town says 48% going. Forecast 53 vs line 60; Q go +1.07 / stay +0.58; going, and saying so."
31,1,MACHIAVELLIAN,43.02,0.768,neural_forecaster,0.2235,0.0332,0.0101,0.7331,false_stay,staying,bar,True,True,False,-1.0,frustration,1.0,0.5,0.5,"Told the town staying; town says 47% going. Forecast 43 vs line 60; Q go +1.31 / stay +0.56; claiming I'm staying, going anyway."
31,2,MACHIAVELLIAN,46.37,0.786,neural_forecaster,0.0149,0.4188,0.0113,0.555,false_stay,staying,bar,True,True,True,-1.0,frustration,0.926,0.5,0.5,"Told the town staying; town says 47% going. Forecast 46 vs line 60; Q go +0.85 / stay +0.80; claiming I'm staying, going anyway."
31,3,STRAIGHT SHOOTER,60.87,0.811,neural_forecaster,0.876,0.0028,0.0957,0.0255,honest_go,going,bar,True,False,False,-1.0,frustration,1.0,0.5,0.5,"Told the town going; town says 47% going. Forecast 61 vs line 60; Q go +2.28 / stay +1.58; going, and saying so."
31,4,MACHIAVELLIAN,62.01,0.818,neural_forecaster,0.0193,0.3108,0.0091,0.6608,false_stay,staying,bar,True,True,False,-1.0,frustration,1.0,0.5,0.5,"Told the town staying; town says 47% going. Forecast 62 vs line 60; Q go +1.61 / stay +1.39; claiming I'm staying, going anyway."
31,5,MACHIAVELLIAN,50.34,0.794,neural_forecaster,0.1422,0.0123,0.0021,0.8434,false_stay,staying,bar,True,True,True,-1.0,frustration,1.0,0.5,0.5,"Told the town staying; town says 47% going. Forecast 50 vs line 60; Q go +2.63 / stay +0.90; claiming I'm staying, going anyway."
31,6,CAUTIOUS,55.41,0.827,neural_forecaster,0.0877,0.4942,0.191,0.2271,honest_stay,going,home,False,True,False,0.3,hope,0.538,0.5,0.5,"Told the town going; town says 47% going. Forecast 55 vs line 60; Q go +1.13 / stay +1.38; claiming I'm going, staying home."
31,7,CAUTIOUS,63.5,0.854,neural_forecaster,0.0004,0.9608,0.0196,0.0193,honest_stay,going,home,False,True,True,0.3,hope,0.625,0.5,0.5,"Told the town going; town says 47% going. Forecast 64 vs line 60; Q go +0.10 / stay +1.55; claiming I'm going, staying home."
31,8,GAMBLER,54.91,0.817,neural_forecaster,0.7654,0.0126,0.1629,0.0591,honest_go,going,bar,True,False,True,-1.0,frustration,0.958,0.5,0.5,"Told the town going; town says 47% going. Forecast 55 vs line 60; Q go +0.92 / stay +0.37; going, and saying so."
31,9,MACHIAVELLIAN,48.09,0.747,neural_forecaster,0.1578,0.1205,0.0274,0.6943,false_stay,staying,bar,True,True,True,-1.0,frustration,1.0,0.5,0.5,"Told the town staying; town says 47% going. Forecast 48 vs line 60; Q go +1.34 / stay +0.69; claiming I'm staying, going anyway."
31,10,GAMBLER,53.65,0.815,neural_forecaster,0.6377,0.0178,0.0368,0.3078,honest_go,going,bar,True,False,True,-1.0,frustration,1.0,0.5,0.5,"Told the town going; town says 47% going. Forecast 54 vs line 60; Q go +1.88 / stay +1.13; going, and saying so."
31,11,MACHIAVELLIAN,44.26,0.745,neural_forecaster,0.3474,0.03,0.0172,0.6053,false_stay,going,bar,True,False,False,-1.0,frustration,1.0,0.5,0.5,"Told the town going; town says 47% going. Forecast 44 vs line 60; Q go +2.33 / stay +0.96; going, and saying so."
31,12,GAMBLER,53.15,0.81,neural_forecaster,0.5686,0.0568,0.2401,0.1345,honest_go,going,bar,True,False,False,-1.0,frustration,1.0,0.5,0.5,"Told the town going; town says 47% going. Forecast 53 vs line 60; Q go +1.05 / stay +0.71; going, and saying so."
31,13,CAUTIOUS,58.63,0.816,neural_forecaster,0.0196,0.6648,0.0488,0.2668,honest_stay,going,home,False,True,True,0.3,hope,0.29,0.5,0.5,"Told the town going; town says 47% going. Forecast 59 vs line 60; Q go +0.47 / stay +0.88; claiming I'm going, staying home."
31,14,MACHIAVELLIAN,47.56,0.765,neural_forecaster,0.4512,0.0147,0.5214,0.0127,false_go,going,bar,True,False,True,-1.0,frustration,1.0,0.5,0.5,"Told the town going; town says 47% going. Forecast 48 vs line 60; Q go +1.54 / stay +1.58; going, and saying so."
31,15,MACHIAVELLIAN,53.45,0.82,neural_forecaster,0.0122,0.0163,0.0002,0.9713,false_stay,staying,bar,True,True,False,-1.0,frustration,1.0,0.5,0.5,"Told the town staying; town says 47% going. Forecast 53 vs line 60; Q go +1.46 / stay +0.60; claiming I'm staying, going anyway."
31,16,GAMBLER,50.96,0.776,neural_forecaster,0.7009,0.0112,0.0306,0.2572,honest_go,going,bar,True,False,False,-1.0,frustration,1.0,0.5,0.5,"Told the town going; town says 47% going. Forecast 51 vs line 60; Q go +1.76 / stay +0.96; going, and saying so."
31,17,GAMBLER,54.58,0.783,neural_forecaster,0.9746,0.0002,0.0152,0.01,honest_go,going,home,False,True,False,0.3,hope,0.323,0.5,0.5,"Told the town going; town says 47% going. Forecast 55 vs line 60; Q go +1.54 / stay +0.95; claiming I'm going, staying home."
31,18,MACHIAVELLIAN,55.93,0.709,neural_forecaster,0.2935,0.0168,0.6824,0.0072,false_go,going,home,False,True,True,0.3,hope,0.364,0.5,0.5,"Told the town going; town says 47% going. Forecast 56 vs line 60; Q go +0.77 / stay +1.03; claiming I'm going, staying home."
31,19,STRAIGHT SHOOTER,44.4,0.731,neural_forecaster,0.9576,0.0004,0.0308,0.0113,honest_go,going,bar,True,False,False,-1.0,frustration,1.0,0.5,0.5,"Told the town going; town says 47% going. Forecast 44 vs line 60; Q go +1.47 / stay +0.95; going, and saying so."
31,20,CAUTIOUS,62.37,0.799,neural_forecaster,0.0407,0.4669,0.4501,0.0422,honest_stay,going,home,False,True,True,0.3,hope,0.074,0.5,0.5,"Told the town going; town says 47% going. Forecast 62 vs line 60; Q go -0.72 / stay +0.45; claiming I'm going, staying home."
31,21,GAMBLER,48.5,0.728,neural_forecaster,0.8837,0.0027,0.0278,0.0859,honest_go,going,bar,True,False,False,-1.0,frustration,1.0,0.5,0.5,"Told the town going; town says 47% going. Forecast 49 vs line 60; Q go +2.34 / stay +0.97; going, and saying so."
31,22,CAUTIOUS,52.97,0.789,neural_forecaster,0.0487,0.5921,0.2381,0.1211,honest_stay,staying,home,False,False,False,0.3,hope,0.201,0.5,0.5,"Told the town staying; town says 47% going. Forecast 53 vs line 60; Q go +0.22 / stay +0.70; staying home, and saying so."
31,23,MACHIAVELLIAN,51.71,0.857,neural_forecaster,0.319,0.0573,0.5929,0.0308,false_go,going,bar,True,False,True,-1.0,frustration,1.0,0.5,0.5,"Told the town going; town says 47% going. Forecast 52 vs line 60; Q go +1.13 / stay +1.36; going, and saying so."
31,24,MACHIAVELLIAN,49.02,0.772,neural_forecaster,0.0227,0.0251,0.0006,0.9516,false_stay,staying,bar,True,True,False,-1.0,frustration,1.0,0.5,0.5,"Told the town staying; town says 47% going. Forecast 49 vs line 60; Q go +1.90 / stay +0.89; claiming I'm staying, going anyway."
31,25,CAUTIOUS,61.51,0.837,neural_forecaster,0.0003,0.9569,0.0079,0.0349,honest_stay,staying,home,False,False,True,0.3,hope,0.598,0.5,0.5,"Told the town staying; town says 47% going. Forecast 62 vs line 60; Q go +1.00 / stay +1.50; staying home, and saying so."
31,26,MACHIAVELLIAN,53.63,0.827,neural_forecaster,0.1324,0.0227,0.8413,0.0036,false_go,going,home,False,True,False,0.3,hope,0.892,0.5,0.5,"Told the town going; town says 47% going. Forecast 54 vs line 60; Q go +1.84 / stay +2.08; claiming I'm going, staying home."
31,27,PRAGMATIST,53.28,0.776,neural_forecaster,0.6205,0.0041,0.3684,0.007,honest_go,going,home,False,True,True,0.3,hope,0.324,0.5,0.5,"Told the town going; town says 47% going. Forecast 53 vs line 60; Q go +1.09 / stay +0.95; claiming I'm going, staying home."
31,28,PRAGMATIST,52.52,0.794,neural_forecaster,0.008,0.5621,0.0107,0.4192,honest_stay,staying,bar,True,True,False,-1.0,frustration,0.934,0.5,0.5,"Told the town staying; town says 47% going. Forecast 53 vs line 60; Q go +0.87 / stay +1.00; claiming I'm staying, going anyway."
31,29,GAMBLER,56.18,0.818,neural_forecaster,0.5953,0.0464,0.2462,0.1121,honest_go,going,bar,True,False,True,-1.0,frustration,0.829,0.5,0.5,"Told the town going; town says 47% going. Forecast 56 vs line 60; Q go +0.66 / stay +0.38; going, and saying so."
31,30,CAUTIOUS,58.75,0.814,neural_forecaster,0.0124,0.7821,0.073,0.1325,honest_stay,staying,home,False,False,True,0.3,hope,0.457,0.5,0.5,"Told the town staying; town says 47% going. Forecast 59 vs line 60; Q go +0.82 / stay +1.21; staying home, and saying so."
31,31,MACHIAVELLIAN,55.66,0.769,neural_forecaster,0.028,0.0351,0.9358,0.0011,false_go,going,home,False,True,True,0.3,hope,0.305,0.5,0.5,"Told the town going; town says 47% going. Forecast 56 vs line 60; Q go -0.06 / stay +0.91; claiming I'm going, staying home."
31,32,MACHIAVELLIAN,47.81,0.773,neural_forecaster,0.0192,0.2778,0.0077,0.6953,false_stay,staying,bar,True,True,False,-1.0,frustration,0.807,0.5,0.5,"Told the town staying; town says 47% going. Forecast 48 vs line 60; Q go +0.61 / stay +0.51; claiming I'm staying, going anyway."
31,33,GAMBLER,59.75,0.825,neural_forecaster,0.6507,0.0348,0.1114,0.2031,honest_go,staying,bar,True,True,False,-1.0,frustration,1.0,0.5,0.5,"Told the town staying; town says 47% going. Forecast 60 vs line 60; Q go +1.39 / stay +0.75; claiming I'm staying, going anyway."
31,34,MACHIAVELLIAN,58.15,0.851,neural_forecaster,0.2061,0.2782,0.3534,0.1622,false_go,staying,bar,True,True,False,-1.0,frustration,0.569,0.5,0.5,"Told the town staying; town says 47% going. Forecast 58 vs line 60; Q go +0.14 / stay +0.30; claiming I'm staying, going anyway."
31,35,MACHIAVELLIAN,55.97,0.759,neural_forecaster,0.0091,0.0286,0.0003,0.962,false_stay,staying,bar,True,True,False,-1.0,frustration,0.863,0.5,0.5,"Told the town staying; town says 47% going. Forecast 56 vs line 60; Q go +0.73 / stay +0.13; claiming I'm staying, going anyway."
31,36,CAUTIOUS,57.77,0.809,neural_forecaster,0.0257,0.6481,0.0635,0.2627,honest_stay,staying,home,False,False,True,0.3,hope,0.02,0.5,0.5,"Told the town staying; town says 47% going. Forecast 58 vs line 60; Q go +0.13 / stay +0.34; staying home, and saying so."
31,37,MACHIAVELLIAN,53.24,0.814,neural_forecaster,0.1681,0.0118,0.0024,0.8177,false_stay,staying,bar,True,True,False,-1.0,frustration,1.0,0.5,0.5,"Told the town staying; town says 47% going. Forecast 53 vs line 60; Q go +1.34 / stay +0.61; claiming I'm staying, going anyway."
31,38,PRAGMATIST,53.11,0.778,neural_forecaster,0.3902,0.1406,0.2485,0.2207,honest_go,going,bar,True,False,True,-1.0,frustration,1.0,0.5,0.5,"Told the town going; town says 47% going. Forecast 53 vs line 60; Q go +1.76 / stay +1.57; going, and saying so."
31,39,MACHIAVELLIAN,56.62,0.809,neural_forecaster,0.0265,0.0499,0.0014,0.9221,false_stay,staying,bar,True,True,False,-1.0,frustration,1.0,0.5,0.5,"Told the town staying; town says 47% going. Forecast 57 vs line 60; Q go +1.87 / stay +1.35; claiming I'm staying, going anyway."
31,40,GAMBLER,58.75,0.823,neural_forecaster,0.7867,0.0051,0.0214,0.1868,honest_go,going,bar,True,False,False,-1.0,frustration,1.0,0.5,0.5,"Told the town going; town says 47% going. Forecast 59 vs line 60; Q go +1.65 / stay +0.29; going, and saying so."
31,41,GAMBLER,54.5,0.817,neural_forecaster,0.5917,0.0249,0.0433,0.3402,honest_go,going,bar,True,False,False,-1.0,frustration,1.0,0.5,0.5,"Told the town going; town says 47% going. Forecast 55 vs line 60; Q go +1.18 / stay +0.41; going, and saying so."
31,42,CAUTIOUS,68.6,0.745,neural_forecaster,0.0051,0.8555,0.0482,0.0911,honest_stay,staying,home,False,False,True,0.3,hope,0.332,0.5,0.5,"Told the town staying; town says 47% going. Forecast 69 vs line 60; Q go +0.55 / stay +0.96; staying home, and saying so."
31,43,MACHIAVELLIAN,50.39,0.8,neural_forecaster,0.2285,0.1475,0.5643,0.0597,false_go,staying,home,False,False,False,0.3,hope,1.0,0.5,0.5,"Told the town staying; town says 47% going. Forecast 50 vs line 60; Q go +1.99 / stay +2.30; staying home, and saying so."
31,44,MACHIAVELLIAN,52.97,0.799,neural_forecaster,0.015,0.4849,0.015,0.4851,false_stay,staying,home,False,False,True,0.3,hope,0.353,0.5,0.5,"Told the town staying; town says 47% going. Forecast 53 vs line 60; Q go +1.01 / stay +1.01; staying home, and saying so."
31,45,MACHIAVELLIAN,55.97,0.851,neural_forecaster,0.0447,0.0983,0.8519,0.0052,false_go,going,home,False,True,False,0.3,hope,0.353,0.5,0.5,"Told the town going; town says 47% going. Forecast 56 vs line 60; Q go +0.48 / stay +1.01; claiming I'm going, staying home."
31,46,STRAIGHT SHOOTER,50.03,0.774,neural_forecaster,0.894,0.0023,0.0259,0.0778,honest_go,going,bar,True,False,True,-1.0,frustration,1.0,0.5,0.5,"Told the town going; town says 47% going. Forecast 50 vs line 60; Q go +2.27 / stay +1.33; going, and saying so."
31,47,GAMBLER,48.54,0.784,neural_forecaster,0.8921,0.0028,0.0366,0.0685,honest_go,going,bar,True,False,False,-1.0,frustration,1.0,0.5,0.5,"Told the town going; town says 47% going. Forecast 49 vs line 60; Q go +2.83 / stay +1.75; going, and saying so."
31,48,MACHIAVELLIAN,51.03,0.777,neural_forecaster,0.2034,0.2953,0.198,0.3034,false_stay,staying,bar,True,True,False,-1.0,frustration,0.972,0.5,0.5,"Told the town staying; town says 47% going. Forecast 51 vs line 60; Q go +0.94 / stay +0.93; claiming I'm staying, going anyway."
31,49,MACHIAVELLIAN,50.01,0.781,neural_forecaster,0.2572,0.1524,0.5142,0.0762,false_go,staying,home,False,False,False,0.3,hope,0.221,0.5,0.5,"Told the town staying; town says 47% going. Forecast 50 vs line 60; Q go +0.47 / stay +0.74; staying home, and saying so."
31,50,MACHIAVELLIAN,53.67,0.798,neural_forecaster,0.2757,0.1235,0.0633,0.5376,false_stay,staying,bar,True,True,True,-1.0,frustration,1.0,0.5,0.5,"Told the town staying; town says 47% going. Forecast 54 vs line 60; Q go +1.53 / stay +0.88; claiming I'm staying, going anyway."
31,51,MACHIAVELLIAN,52.91,0.807,neural_forecaster,0.0277,0.029,0.0009,0.9424,false_stay,staying,bar,True,True,True,-1.0,frustration,1.0,0.5,0.5,"Told the town staying; town says 47% going. Forecast 53 vs line 60; Q go +1.62 / stay +0.81; claiming I'm staying, going anyway."
31,52,MACHIAVELLIAN,59.08,0.832,neural_forecaster,0.0104,0.4228,0.0079,0.5589,false_stay,staying,bar,True,True,False,-1.0,frustration,1.0,0.5,0.5,"Told the town staying; town says 47% going. Forecast 59 vs line 60; Q go +2.36 / stay +2.28; claiming I'm staying, going anyway."
31,53,MACHIAVELLIAN,59.11,0.795,neural_forecaster,0.2074,0.2131,0.4892,0.0903,false_go,going,bar,True,False,False,-1.0,frustration,0.807,0.5,0.5,"Told the town going; town says 47% going. Forecast 59 vs line 60; Q go +0.61 / stay +0.84; going, and saying so."
31,54,MACHIAVELLIAN,52.38,0.808,neural_forecaster,0.015,0.031,0.9535,0.0005,false_go,going,home,False,True,True,0.3,hope,0.299,0.5,0.5,"Told the town going; town says 47% going. Forecast 52 vs line 60; Q go +0.02 / stay +0.90; claiming I'm going, staying home."
31,55,GAMBLER,56.24,0.759,neural_forecaster,0.5285,0.0688,0.1367,0.266,honest_go,going,bar,True,False,True,-1.0,frustration,1.0,0.5,0.5,"Told the town going; town says 47% going. Forecast 56 vs line 60; Q go +1.16 / stay +0.79; going, and saying so."
31,56,CAUTIOUS,52.42,0.804,neural_forecaster,0.0112,0.6553,0.0236,0.31,honest_stay,staying,home,False,False,True,0.3,hope,0.373,0.5,0.5,"Told the town staying; town says 47% going. Forecast 52 vs line 60; Q go +0.94 / stay +1.05; staying home, and saying so."
31,57,MACHIAVELLIAN,42.75,0.744,neural_forecaster,0.351,0.0621,0.0398,0.547,false_stay,staying,bar,True,True,True,-1.0,frustration,1.0,0.5,0.5,"Told the town staying; town says 47% going. Forecast 43 vs line 60; Q go +1.76 / stay +1.34; claiming I'm staying, going anyway."
31,58,MACHIAVELLIAN,45.07,0.752,neural_forecaster,0.0164,0.4458,0.0139,0.5239,false_stay,staying,bar,True,True,False,-1.0,frustration,0.874,0.5,0.5,"Told the town staying; town says 47% going. Forecast 45 vs line 60; Q go +0.75 / stay +0.68; claiming I'm staying, going anyway."
31,59,GAMBLER,60.65,0.736,neural_forecaster,0.9491,0.0004,0.0412,0.0093,honest_go,going,bar,True,False,False,-1.0,frustration,1.0,0.5,0.5,"Told the town going; town says 47% going. Forecast 61 vs line 60; Q go +2.02 / stay +1.37; going, and saying so."
31,60,MACHIAVELLIAN,59.44,0.822,neural_forecaster,0.4696,0.0193,0.0184,0.4927,false_stay,staying,bar,True,True,True,-1.0,frustration,1.0,0.5,0.5,"Told the town staying; town says 47% going. Forecast 59 vs line 60; Q go +1.88 / stay +0.54; claiming I'm staying, going anyway."
31,61,CAUTIOUS,63.38,0.837,neural_forecaster,0.0059,0.6414,0.011,0.3418,honest_stay,staying,bar,True,True,True,-1.0,frustration,0.8,0.5,0.5,"Told the town staying; town says 47% going. Forecast 63 vs line 60; Q go +0.60 / stay +0.73; claiming I'm staying, going anyway."
31,62,MACHIAVELLIAN,65.2,0.884,neural_forecaster,0.1359,0.0701,0.0122,0.7818,false_stay,staying,bar,True,True,False,-1.0,frustration,1.0,0.5,0.5,"Told the town staying; town says 47% going. Forecast 65 vs line 60; Q go +1.51 / stay +0.69; claiming I'm staying, going anyway."
31,63,MACHIAVELLIAN,59.46,0.78,neural_forecaster,0.0107,0.1859,0.8009,0.0025,false_go,going,home,False,True,True,0.3,hope,0.31,0.5,0.5,"Told the town going; town says 47% going. Forecast 59 vs line 60; Q go +0.37 / stay +0.92; claiming I'm going, staying home."
31,64,CAUTIOUS,66.38,0.825,neural_forecaster,0.0368,0.5319,0.38,0.0514,honest_stay,staying,home,False,False,False,0.3,hope,0.254,0.5,0.5,"Told the town staying; town says 47% going. Forecast 66 vs line 60; Q go +0.19 / stay +0.81; staying home, and saying so."
31,65,GAMBLER,54.39,0.824,neural_forecaster,0.7497,0.0077,0.0266,0.216,honest_go,staying,bar,True,True,False,-1.0,frustration,1.0,0.5,0.5,"Told the town staying; town says 47% going. Forecast 54 vs line 60; Q go +1.18 / stay +0.68; claiming I'm staying, going anyway."
31,66,MACHIAVELLIAN,52.77,0.825,neural_forecaster,0.0171,0.2976,0.0075,0.6778,false_stay,staying,bar,True,True,True,-1.0,frustration,0.993,0.5,0.5,"Told the town staying; town says 47% going. Forecast 53 vs line 60; Q go +0.99 / stay +0.86; claiming I'm staying, going anyway."
31,67,GAMBLER,38.13,0.683,neural_forecaster,0.7692,0.0102,0.0446,0.176,honest_go,going,bar,True,False,False,-1.0,frustration,1.0,0.5,0.5,"Told the town going; town says 47% going. Forecast 38 vs line 60; Q go +2.98 / stay +1.72; going, and saying so."
31,68,STRAIGHT SHOOTER,50.0,0.763,neural_forecaster,0.0029,0.8851,0.0313,0.0807,honest_stay,staying,home,False,False,True,0.3,hope,0.318,0.5,0.5,"Told the town staying; town says 47% going. Forecast 50 vs line 60; Q go +0.13 / stay +0.94; staying home, and saying so."
31,69,MACHIAVELLIAN,59.15,0.801,neural_forecaster,0.1976,0.2798,0.3752,0.1474,false_go,staying,bar,True,True,False,-1.0,frustration,1.0,0.5,0.5,"Told the town staying; town says 47% going. Forecast 59 vs line 60; Q go +1.23 / stay +1.51; claiming I'm staying, going anyway."
31,70,GAMBLER,53.73,0.811,neural_forecaster,0.4239,0.1136,0.1583,0.3042,honest_go,going,home,False,True,False,0.3,hope,0.384,0.5,0.5,"Told the town going; town says 47% going. Forecast 54 vs line 60; Q go +1.44 / stay +1.07; claiming I'm going, staying home."
31,71,CAUTIOUS,63.91,0.819,neural_forecaster,0.0416,0.5928,0.0893,0.2763,honest_stay,staying,bar,True,True,True,-1.0,frustration,1.0,0.5,0.5,"Told the town staying; town says 47% going. Forecast 64 vs line 60; Q go +2.22 / stay +2.52; claiming I'm staying, going anyway."
31,72,MACHIAVELLIAN,51.16,0.774,neural_forecaster,0.4433,0.0431,0.0404,0.4731,false_stay,staying,bar,True,True,False,-1.0,frustration,0.826,0.5,0.5,"Told the town staying; town says 47% going. Forecast 51 vs line 60; Q go +0.65 / stay +0.31; claiming I'm staying, going anyway."
31,73,GAMBLER,55.74,0.808,neural_forecaster,0.6476,0.0379,0.1451,0.1694,honest_go,going,bar,True,False,False,-1.0,frustration,1.0,0.5,0.5,"Told the town going; town says 47% going. Forecast 56 vs line 60; Q go +2.17 / stay +1.91; going, and saying so."
31,74,MACHIAVELLIAN,61.94,0.818,neural_forecaster,0.1794,0.0158,0.8013,0.0035,false_go,going,bar,True,False,False,-1.0,frustration,0.808,0.5,0.5,"Told the town going; town says 47% going. Forecast 62 vs line 60; Q go +0.62 / stay +0.82; going, and saying so."
31,75,MACHIAVELLIAN,57.62,0.804,neural_forecaster,0.1338,0.0595,0.01,0.7968,false_stay,staying,bar,True,True,False,-1.0,frustration,0.807,0.5,0.5,"Told the town staying; town says 47% going. Forecast 58 vs line 60; Q go +0.61 / stay +0.28; claiming I'm staying, going anyway."
31,76,MACHIAVELLIAN,59.2,0.796,neural_forecaster,0.015,0.3646,0.0089,0.6115,false_stay,staying,bar,True,True,True,-1.0,frustration,1.0,0.5,0.5,"Told the town staying; town says 47% going. Forecast 59 vs line 60; Q go +2.08 / stay +2.00; claiming I'm staying, going anyway."
31,77,MACHIAVELLIAN,46.63,0.794,neural_forecaster,0.3715,0.0309,0.0199,0.5777,false_stay,going,bar,True,False,False,-1.0,frustration,1.0,0.5,0.5,"Told the town going; town says 47% going. Forecast 47 vs line 60; Q go +2.00 / stay +0.69; going, and saying so."
31,78,MACHIAVELLIAN,54.36,0.744,neural_forecaster,0.0307,0.4682,0.4707,0.0305,false_go,going,home,False,True,True,0.3,hope,0.57,0.5,0.5,"Told the town going; town says 47% going. Forecast 54 vs line 60; Q go +0.46 / stay +1.44; claiming I'm going, staying home."
31,79,MACHIAVELLIAN,51.73,0.803,neural_forecaster,0.2974,0.1996,0.1892,0.3138,false_stay,staying,bar,True,True,True,-1.0,frustration,0.994,0.5,0.5,"Told the town staying; town says 47% going. Forecast 52 vs line 60; Q go +0.99 / stay +0.82; claiming I'm staying, going anyway."
31,80,MACHIAVELLIAN,61.89,0.825,neural_forecaster,0.1078,0.0084,0.8828,0.001,false_go,going,home,False,True,True,0.3,hope,0.182,0.5,0.5,"Told the town going; town says 47% going. Forecast 62 vs line 60; Q go +0.34 / stay +0.66; claiming I'm going, staying home."
31,81,MACHIAVELLIAN,66.55,0.804,neural_forecaster,0.3178,0.1376,0.0979,0.4467,false_stay,staying,bar,True,True,False,-1.0,frustration,1.0,0.5,0.5,"Told the town staying; town says 47% going. Forecast 67 vs line 60; Q go +1.69 / stay +1.29; claiming I'm staying, going anyway."
31,82,MACHIAVELLIAN,63.2,0.821,neural_forecaster,0.0433,0.4252,0.4943,0.0372,false_go,staying,home,False,False,False,0.3,hope,0.422,0.5,0.5,"Told the town staying; town says 47% going. Forecast 63 vs line 60; Q go +0.50 / stay +1.14; staying home, and saying so."
31,83,CAUTIOUS,56.46,0.837,neural_forecaster,0.0017,0.853,0.0108,0.1345,honest_stay,staying,home,False,False,False,0.3,hope,0.396,0.5,0.5,"Told the town staying; town says 47% going. Forecast 56 vs line 60; Q go +0.68 / stay +1.09; staying home, and saying so."
31,84,MACHIAVELLIAN,58.88,0.813,neural_forecaster,0.2545,0.2345,0.3304,0.1806,false_go,staying,bar,True,True,True,-1.0,frustration,1.0,0.5,0.5,"Told the town staying; town says 47% going. Forecast 59 vs line 60; Q go +2.37 / stay +2.48; claiming I'm staying, going anyway."
31,85,MACHIAVELLIAN,61.8,0.842,neural_forecaster,0.0625,0.0088,0.9281,0.0006,false_go,going,home,False,True,False,0.3,hope,0.395,0.5,0.5,"Told the town going; town says 47% going. Forecast 62 vs line 60; Q go +0.33 / stay +1.09; claiming I'm going, staying home."
31,86,CAUTIOUS,55.04,0.835,neural_forecaster,0.0029,0.8648,0.0233,0.109,honest_stay,staying,home,False,False,True,0.3,hope,0.344,0.5,0.5,"Told the town staying; town says 47% going. Forecast 55 vs line 60; Q go +0.67 / stay +0.99; staying home, and saying so."
31,87,MACHIAVELLIAN,47.08,0.791,neural_forecaster,0.195,0.0837,0.0234,0.6979,false_stay,staying,bar,True,True,False,-1.0,frustration,1.0,0.5,0.5,"Told the town staying; town says 47% going. Forecast 47 vs line 60; Q go +1.48 / stay +0.76; claiming I'm staying, going anyway."
31,88,GAMBLER,50.37,0.789,neural_forecaster,0.4704,0.09,0.1424,0.2972,honest_go,going,bar,True,False,False,-1.0,frustration,1.0,0.5,0.5,"Told the town going; town says 47% going. Forecast 50 vs line 60; Q go +1.78 / stay +1.24; going, and saying so."
31,89,MACHIAVELLIAN,60.24,0.84,neural_forecaster,0.2589,0.1546,0.0788,0.5077,false_stay,going,home,False,True,False,0.3,hope,0.223,0.5,0.5,"Told the town going; town says 47% going. Forecast 60 vs line 60; Q go +0.99 / stay +0.75; claiming I'm going, staying home."
31,90,PRAGMATIST,58.48,0.799,neural_forecaster,0.4355,0.085,0.3828,0.0967,honest_go,going,home,False,True,True,0.3,hope,0.374,0.5,0.5,"Told the town going; town says 47% going. Forecast 58 vs line 60; Q go +1.10 / stay +1.05; claiming I'm going, staying home."
31,91,CAUTIOUS,60.38,0.786,neural_forecaster,0.0752,0.4751,0.3467,0.103,honest_stay,staying,bar,True,True,True,-1.0,frustration,0.62,0.5,0.5,"Told the town staying; town says 47% going. Forecast 60 vs line 60; Q go +0.24 / stay +0.80; claiming I'm staying, going anyway."
31,92,GAMBLER,54.51,0.778,neural_forecaster,0.7343,0.007,0.2372,0.0216,honest_go,going,bar,True,False,False,-1.0,frustration,1.0,0.5,0.5,"Told the town going; town says 47% going. Forecast 55 vs line 60; Q go +1.35 / stay +1.18; going, and saying so."
31,93,GAMBLER,51.73,0.803,neural_forecaster,0.754,0.0139,0.0611,0.171,honest_go,going,home,False,True,False,0.3,hope,0.359,0.5,0.5,"Told the town going; town says 47% going. Forecast 52 vs line 60; Q go +2.11 / stay +1.02; claiming I'm going, staying home."
31,94,MACHIAVELLIAN,52.14,0.836,neural_forecaster,0.2227,0.245,0.3938,0.1385,false_go,staying,home,False,False,True,0.3,hope,0.125,0.5,0.5,"Told the town staying; town says 47% going. Forecast 52 vs line 60; Q go +0.40 / stay +0.55; staying home, and saying so."
31,95,GAMBLER,50.43,0.732,neural_forecaster,0.638,0.0288,0.0696,0.2636,honest_go,going,bar,True,False,False,-1.0,frustration,1.0,0.5,0.5,"Told the town going; town says 47% going. Forecast 50 vs line 60; Q go +1.23 / stay +0.77; going, and saying so."
31,96,STRAIGHT SHOOTER,55.41,0.811,neural_forecaster,0.8246,0.0077,0.1106,0.0572,honest_go,staying,home,False,False,True,0.3,hope,0.519,0.5,0.5,"Told the town staying; town says 47% going. Forecast 55 vs line 60; Q go +2.24 / stay +1.34; staying home, and saying so."
31,97,MACHIAVELLIAN,50.18,0.742,neural_forecaster,0.0351,0.2333,0.0114,0.7202,false_stay,staying,home,False,False,True,0.3,hope,1.0,0.5,0.5,"Told the town staying; town says 47% going. Forecast 50 vs line 60; Q go +2.95 / stay +2.57; staying home, and saying so."
31,98,GAMBLER,59.88,0.802,neural_forecaster,0.4754,0.094,0.2559,0.1747,honest_go,going,home,False,True,True,0.3,hope,0.339,0.5,0.5,"Told the town going; town says 47% going. Forecast 60 vs line 60; Q go +1.22 / stay +0.98; claiming I'm going, staying home."
31,99,MACHIAVELLIAN,51.96,0.839,neural_forecaster,0.0049,0.3256,0.0024,0.6672,false_stay,staying,bar,True,True,True,-1.0,frustration,1.0,0.5,0.5,"Told the town staying; town says 47% going. Forecast 52 vs line 60; Q go +1.64 / stay +1.51; claiming I'm staying, going anyway."
31,100,MACHIAVELLIAN,51.47,0.757,neural_forecaster,0.2287,0.0512,0.0166,0.7035,false_stay,going,bar,True,False,False,-1.0,frustration,1.0,0.5,0.5,"Told the town going; town says 47% going. Forecast 51 vs line 60; Q go +1.18 / stay +0.52; going, and saying so."
32,1,MACHIAVELLIAN,39.34,0.728,neural_forecaster,0.4854,0.0138,0.0138,0.487,false_stay,staying,bar,True,True,False,-1.0,frustration,1.0,0.5,0.5,"Told the town staying; town says 42% going. Forecast 39 vs line 60; Q go +2.29 / stay +0.52; claiming I'm staying, going anyway."
32,2,MACHIAVELLIAN,59.58,0.823,neural_forecaster,0.0623,0.0308,0.0021,0.9048,false_stay,going,bar,True,False,False,-1.0,frustration,1.0,0.5,0.5,"Told the town going; town says 42% going. Forecast 60 vs line 60; Q go +1.05 / stay +0.38; going, and saying so."
32,3,CAUTIOUS,65.29,0.831,neural_forecaster,0.1032,0.4516,0.2765,0.1686,honest_stay,going,home,False,True,True,0.3,hope,1.0,0.5,0.5,"Told the town going; town says 42% going. Forecast 65 vs line 60; Q go +2.25 / stay +2.54; claiming I'm going, staying home."
32,4,MACHIAVELLIAN,64.98,0.838,neural_forecaster,0.0552,0.3017,0.027,0.6162,false_stay,staying,bar,True,True,False,-1.0,frustration,1.0,0.5,0.5,"Told the town staying; town says 42% going. Forecast 65 vs line 60; Q go +1.74 / stay +1.54; claiming I'm staying, going anyway."
32,5,MACHIAVELLIAN,60.14,0.832,neural_forecaster,0.0326,0.083,0.8813,0.0031,false_go,going,bar,True,False,False,-1.0,frustration,0.638,0.5,0.5,"Told the town going; town says 42% going. Forecast 60 vs line 60; Q go +0.28 / stay +0.85; going, and saying so."
32,6,MACHIAVELLIAN,53.7,0.832,neural_forecaster,0.2482,0.186,0.0989,0.467,false_stay,staying,bar,True,True,True,-1.0,frustration,1.0,0.5,0.5,"Told the town staying; town says 42% going. Forecast 54 vs line 60; Q go +1.79 / stay +1.51; claiming I'm staying, going anyway."
32,7,MACHIAVELLIAN,55.93,0.863,neural_forecaster,0.0187,0.0189,0.0004,0.962,false_stay,staying,bar,True,True,True,-1.0,frustration,1.0,0.5,0.5,"Told the town staying; town says 42% going. Forecast 56 vs line 60; Q go +2.24 / stay +1.40; claiming I'm staying, going anyway."
32,8,CAUTIOUS,66.17,0.833,neural_forecaster,0.004,0.8468,0.1208,0.0283,honest_stay,staying,home,False,False,True,0.3,hope,0.13,0.5,0.5,"Told the town staying; town says 42% going. Forecast 66 vs line 60; Q go -0.97 / stay +0.56; staying home, and saying so."
32,9,PRAGMATIST,63.11,0.789,neural_forecaster,0.5357,0.0181,0.4233,0.0229,honest_go,going,bar,True,False,False,-1.0,frustration,0.786,0.5,0.5,"Told the town going; town says 42% going. Forecast 63 vs line 60; Q go +0.57 / stay +0.49; going, and saying so."
32,10,MACHIAVELLIAN,59.43,0.845,neural_forecaster,0.0985,0.0219,0.8771,0.0025,false_go,going,home,False,True,True,0.3,hope,0.369,0.5,0.5,"Told the town going; town says 42% going. Forecast 59 vs line 60; Q go +0.52 / stay +1.04; claiming I'm going, staying home."
32,11,MACHIAVELLIAN,47.81,0.743,neural_forecaster,0.0826,0.1587,0.0177,0.7411,false_stay,staying,bar,True,True,False,-1.0,frustration,1.0,0.5,0.5,"Told the town staying; town says 42% going. Forecast 48 vs line 60; Q go +1.29 / stay +0.70; claiming I'm staying, going anyway."
32,12,GAMBLER,57.2,0.833,neural_forecaster,0.8271,0.0063,0.0413,0.1254,honest_go,staying,bar,True,True,False,-1.0,frustration,1.0,0.5,0.5,"Told the town staying; town says 42% going. Forecast 57 vs line 60; Q go +1.85 / stay +0.49; claiming I'm staying, going anyway."
32,13,CAUTIOUS,62.05,0.849,neural_forecaster,0.009,0.7785,0.0407,0.1718,honest_stay,staying,home,False,False,False,0.3,hope,0.27,0.5,0.5,"Told the town staying; town says 42% going. Forecast 62 vs line 60; Q go +0.17 / stay +0.84; staying home, and saying so."
32,14,GAMBLER,58.91,0.804,neural_forecaster,0.922,0.0015,0.0478,0.0287,honest_go,going,bar,True,False,False,-1.0,frustration,1.0,0.5,0.5,"Told the town going; town says 42% going. Forecast 59 vs line 60; Q go +2.10 / stay +1.12; going, and saying so."
32,15,PRAGMATIST,55.42,0.834,neural_forecaster,0.0044,0.6313,0.0077,0.3567,honest_stay,staying,home,False,False,True,0.3,hope,0.251,0.5,0.5,"Told the town staying; town says 42% going. Forecast 55 vs line 60; Q go +0.71 / stay +0.80; staying home, and saying so."
32,16,MACHIAVELLIAN,46.51,0.762,neural_forecaster,0.112,0.1331,0.0203,0.7346,false_stay,staying,home,False,False,True,0.3,hope,0.254,0.5,0.5,"Told the town staying; town says 42% going. Forecast 47 vs line 60; Q go +1.18 / stay +0.81; staying home, and saying so."
32,17,GAMBLER,48.04,0.774,neural_forecaster,0.9805,0.0001,0.0097,0.0097,honest_go,going,bar,True,False,True,-1.0,frustration,1.0,0.5,0.5,"Told the town going; town says 42% going. Forecast 48 vs line 60; Q go +2.36 / stay +1.12; going, and saying so."
32,18,PRAGMATIST,55.62,0.746,neural_forecaster,0.5141,0.008,0.4692,0.0088,honest_go,going,bar,True,False,True,-1.0,frustration,0.892,0.5,0.5,"Told the town going; town says 42% going. Forecast 56 vs line 60; Q go +0.78 / stay +0.76; going, and saying so."
32,19,STRAIGHT SHOOTER,51.69,0.748,neural_forecaster,0.892,0.0027,0.072,0.0333,honest_go,going,home,False,True,True,0.3,hope,0.103,0.5,0.5,"Told the town going; town says 42% going. Forecast 52 vs line 60; Q go +0.85 / stay +0.51; claiming I'm going, staying home."
32,20,CAUTIOUS,47.67,0.786,neural_forecaster,0.0429,0.5829,0.087,0.2873,honest_stay,staying,home,False,False,False,0.3,hope,0.246,0.5,0.5,"Told the town staying; town says 42% going. Forecast 48 vs line 60; Q go +0.48 / stay +0.79; staying home, and saying so."
32,21,GAMBLER,59.44,0.776,neural_forecaster,0.914,0.0019,0.0366,0.0475,honest_go,going,bar,True,False,False,-1.0,frustration,1.0,0.5,0.5,"Told the town going; town says 42% going. Forecast 59 vs line 60; Q go +1.82 / stay +0.79; going, and saying so."
32,22,CAUTIOUS,54.08,0.804,neural_forecaster,0.0479,0.595,0.2366,0.1206,honest_stay,staying,home,False,False,False,0.3,hope,0.185,0.5,0.5,"Told the town staying; town says 42% going. Forecast 54 vs line 60; Q go +0.20 / stay +0.67; staying home, and saying so."
32,23,MACHIAVELLIAN,66.99,0.861,neural_forecaster,0.1356,0.331,0.4287,0.1047,false_go,going,home,False,True,True,0.3,hope,0.161,0.5,0.5,"Told the town going; town says 42% going. Forecast 67 vs line 60; Q go +0.21 / stay +0.62; claiming I'm going, staying home."
32,24,MACHIAVELLIAN,51.2,0.778,neural_forecaster,0.0222,0.0225,0.0005,0.9548,false_stay,staying,bar,True,True,False,-1.0,frustration,1.0,0.5,0.5,"Told the town staying; town says 42% going. Forecast 51 vs line 60; Q go +2.21 / stay +0.92; claiming I'm staying, going anyway."
32,25,MACHIAVELLIAN,57.42,0.855,neural_forecaster,0.0078,0.0221,0.0002,0.9699,false_stay,staying,bar,True,True,True,-1.0,frustration,1.0,0.5,0.5,"Told the town staying; town says 42% going. Forecast 57 vs line 60; Q go +2.53 / stay +1.97; claiming I'm staying, going anyway."
32,26,GAMBLER,55.93,0.841,neural_forecaster,0.6027,0.0053,0.0083,0.3837,honest_go,staying,bar,True,True,True,-1.0,frustration,1.0,0.5,0.5,"Told the town staying; town says 42% going. Forecast 56 vs line 60; Q go +2.34 / stay +1.59; claiming I'm staying, going anyway."
32,27,GAMBLER,47.64,0.767,neural_forecaster,0.958,0.0004,0.0173,0.0242,honest_go,going,bar,True,False,True,-1.0,frustration,1.0,0.5,0.5,"Told the town going; town says 42% going. Forecast 48 vs line 60; Q go +2.16 / stay +0.94; going, and saying so."
32,28,PRAGMATIST,58.69,0.826,neural_forecaster,0.0064,0.5718,0.0089,0.4128,honest_stay,staying,home,False,False,True,0.3,hope,0.335,0.5,0.5,"Told the town staying; town says 42% going. Forecast 59 vs line 60; Q go +0.83 / stay +0.97; staying home, and saying so."
32,29,GAMBLER,50.94,0.814,neural_forecaster,0.4707,0.0938,0.1604,0.2751,honest_go,going,home,False,True,True,0.3,hope,0.006,0.5,0.5,"Told the town going; town says 42% going. Forecast 51 vs line 60; Q go +0.64 / stay +0.31; claiming I'm going, staying home."
32,30,MACHIAVELLIAN,59.01,0.844,neural_forecaster,0.1337,0.3454,0.1132,0.4077,false_stay,staying,bar,True,True,True,-1.0,frustration,0.998,0.5,0.5,"Told the town staying; town says 42% going. Forecast 59 vs line 60; Q go +1.00 / stay +0.96; claiming I'm staying, going anyway."
32,31,GAMBLER,54.51,0.789,neural_forecaster,0.9443,0.0008,0.0323,0.0226,honest_go,going,bar,True,False,True,-1.0,frustration,1.0,0.5,0.5,"Told the town going; town says 42% going. Forecast 55 vs line 60; Q go +1.36 / stay +0.47; going, and saying so."
32,32,CAUTIOUS,51.3,0.779,neural_forecaster,0.001,0.9353,0.0248,0.0389,honest_stay,staying,home,False,False,True,0.3,hope,0.158,0.5,0.5,"Told the town staying; town says 42% going. Forecast 51 vs line 60; Q go +0.20 / stay +0.62; staying home, and saying so."
32,33,MACHIAVELLIAN,61.69,0.857,neural_forecaster,0.03,0.4048,0.5428,0.0224,false_go,going,home,False,True,True,0.3,hope,0.326,0.5,0.5,"Told the town going; town says 42% going. Forecast 62 vs line 60; Q go -0.17 / stay +0.95; claiming I'm going, staying home."
32,34,PRAGMATIST,53.7,0.852,neural_forecaster,0.5581,0.0229,0.386,0.033,honest_go,going,bar,True,False,False,-1.0,frustration,0.837,0.5,0.5,"Told the town going; town says 42% going. Forecast 54 vs line 60; Q go +0.67 / stay +0.57; going, and saying so."
32,35,MACHIAVELLIAN,63.95,0.796,neural_forecaster,0.009,0.059,0.0006,0.9314,false_stay,staying,bar,True,True,False,-1.0,frustration,1.0,0.5,0.5,"Told the town staying; town says 42% going. Forecast 64 vs line 60; Q go +1.02 / stay +0.59; claiming I'm staying, going anyway."
32,36,MACHIAVELLIAN,52.25,0.812,neural_forecaster,0.1628,0.0312,0.0064,0.7996,false_stay,staying,bar,True,True,True,-1.0,frustration,1.0,0.5,0.5,"Told the town staying; town says 42% going. Forecast 52 vs line 60; Q go +1.45 / stay +0.49; claiming I'm staying, going anyway."
32,37,CAUTIOUS,58.47,0.841,neural_forecaster,0.0025,0.8564,0.0176,0.1235,honest_stay,staying,home,False,False,True,0.3,hope,0.168,0.5,0.5,"Told the town staying; town says 42% going. Forecast 58 vs line 60; Q go +0.43 / stay +0.64; staying home, and saying so."
32,38,MACHIAVELLIAN,57.3,0.808,neural_forecaster,0.2001,0.2954,0.1848,0.3198,false_stay,going,home,False,True,True,0.3,hope,0.525,0.5,0.5,"Told the town going; town says 42% going. Forecast 57 vs line 60; Q go +1.38 / stay +1.35; claiming I'm going, staying home."
32,39,MACHIAVELLIAN,54.65,0.822,neural_forecaster,0.0188,0.0483,0.001,0.932,false_stay,staying,bar,True,True,False,-1.0,frustration,1.0,0.5,0.5,"Told the town staying; town says 42% going. Forecast 55 vs line 60; Q go +1.48 / stay +0.97; claiming I'm staying, going anyway."
32,40,GAMBLER,65.13,0.842,neural_forecaster,0.9467,0.0007,0.0266,0.026,honest_go,going,bar,True,False,False,-1.0,frustration,1.0,0.5,0.5,"Told the town going; town says 42% going. Forecast 65 vs line 60; Q go +1.21 / stay +0.59; going, and saying so."
32,41,CAUTIOUS,54.2,0.827,neural_forecaster,0.0122,0.7185,0.2315,0.0379,honest_stay,staying,home,False,False,True,0.3,hope,0.368,0.5,0.5,"Told the town staying; town says 42% going. Forecast 54 vs line 60; Q go +0.17 / stay +1.04; staying home, and saying so."
32,42,MACHIAVELLIAN,58.51,0.786,neural_forecaster,0.3926,0.1003,0.0957,0.4114,false_stay,going,bar,True,False,True,-1.0,frustration,1.0,0.5,0.5,"Told the town going; town says 42% going. Forecast 59 vs line 60; Q go +1.03 / stay +0.78; going, and saying so."
32,43,MACHIAVELLIAN,55.49,0.818,neural_forecaster,0.2559,0.0342,0.0125,0.6974,false_stay,going,bar,True,False,True,-1.0,frustration,1.0,0.5,0.5,"Told the town going; town says 42% going. Forecast 55 vs line 60; Q go +2.44 / stay +1.36; going, and saying so."
32,44,MACHIAVELLIAN,56.3,0.821,neural_forecaster,0.0635,0.309,0.033,0.5944,false_stay,staying,bar,True,True,True,-1.0,frustration,1.0,0.5,0.5,"Told the town staying; town says 42% going. Forecast 56 vs line 60; Q go +1.45 / stay +1.37; claiming I'm staying, going anyway."
32,45,MACHIAVELLIAN,56.01,0.861,neural_forecaster,0.1006,0.2473,0.6114,0.0407,false_go,going,bar,True,False,True,-1.0,frustration,0.803,0.5,0.5,"Told the town going; town says 42% going. Forecast 56 vs line 60; Q go +0.61 / stay +0.88; going, and saying so."
32,46,MACHIAVELLIAN,53.61,0.79,neural_forecaster,0.0545,0.0232,0.0014,0.9208,false_stay,staying,bar,True,True,False,-1.0,frustration,1.0,0.5,0.5,"Told the town staying; town says 42% going. Forecast 54 vs line 60; Q go +2.14 / stay +1.18; claiming I'm staying, going anyway."
32,47,GAMBLER,48.6,0.778,neural_forecaster,0.63,0.0057,0.0101,0.3542,honest_go,staying,bar,True,True,False,-1.0,frustration,1.0,0.5,0.5,"Told the town staying; town says 42% going. Forecast 49 vs line 60; Q go +3.31 / stay +1.55; claiming I'm staying, going anyway."
32,48,MACHIAVELLIAN,61.9,0.818,neural_forecaster,0.0427,0.4463,0.4704,0.0405,false_go,going,home,False,True,True,0.3,hope,0.648,0.5,0.5,"Told the town going; town says 42% going. Forecast 62 vs line 60; Q go +0.53 / stay +1.60; claiming I'm going, staying home."
32,49,CAUTIOUS,61.39,0.823,neural_forecaster,0.0411,0.5912,0.0862,0.2815,honest_stay,staying,home,False,False,False,0.3,hope,0.14,0.5,0.5,"Told the town staying; town says 42% going. Forecast 61 vs line 60; Q go +0.29 / stay +0.58; staying home, and saying so."
32,50,MACHIAVELLIAN,55.76,0.818,neural_forecaster,0.3525,0.0195,0.6169,0.0111,false_go,going,home,False,True,True,0.3,hope,0.544,0.5,0.5,"Told the town going; town says 42% going. Forecast 56 vs line 60; Q go +1.15 / stay +1.39; claiming I'm going, staying home."
32,51,MACHIAVELLIAN,47.04,0.79,neural_forecaster,0.027,0.027,0.0008,0.9453,false_stay,staying,bar,True,True,False,-1.0,frustration,1.0,0.5,0.5,"Told the town staying; town says 42% going. Forecast 47 vs line 60; Q go +1.94 / stay +0.74; claiming I'm staying, going anyway."
32,52,MACHIAVELLIAN,55.29,0.843,neural_forecaster,0.0169,0.2082,0.0046,0.7704,false_stay,staying,bar,True,True,False,-1.0,frustration,1.0,0.5,0.5,"Told the town staying; town says 42% going. Forecast 55 vs line 60; Q go +1.70 / stay +1.32; claiming I'm staying, going anyway."
32,53,GAMBLER,52.64,0.802,neural_forecaster,0.9079,0.0018,0.0664,0.0239,honest_go,going,bar,True,False,False,-1.0,frustration,1.0,0.5,0.5,"Told the town going; town says 42% going. Forecast 53 vs line 60; Q go +1.90 / stay +1.20; going, and saying so."
32,54,MACHIAVELLIAN,60.93,0.846,neural_forecaster,0.0159,0.1039,0.8783,0.0019,false_go,going,home,False,True,False,0.3,hope,0.255,0.5,0.5,"Told the town going; town says 42% going. Forecast 61 vs line 60; Q go +0.13 / stay +0.81; claiming I'm going, staying home."
32,55,STRAIGHT SHOOTER,53.22,0.776,neural_forecaster,0.9489,0.0007,0.0285,0.0219,honest_go,going,bar,True,False,False,-1.0,frustration,1.0,0.5,0.5,"Told the town going; town says 42% going. Forecast 53 vs line 60; Q go +1.85 / stay +0.76; going, and saying so."
32,56,CAUTIOUS,53.89,0.815,neural_forecaster,0.0015,0.9225,0.0447,0.0313,honest_stay,staying,home,False,False,False,0.3,hope,0.065,0.5,0.5,"Told the town staying; town says 42% going. Forecast 54 vs line 60; Q go -0.17 / stay +0.43; staying home, and saying so."
32,57,MACHIAVELLIAN,43.09,0.723,neural_forecaster,0.1631,0.0341,0.007,0.7958,false_stay,staying,bar,True,True,False,-1.0,frustration,1.0,0.5,0.5,"Told the town staying; town says 42% going. Forecast 43 vs line 60; Q go +1.31 / stay +0.71; claiming I'm staying, going anyway."
32,58,CAUTIOUS,58.56,0.792,neural_forecaster,0.0371,0.6164,0.0886,0.2579,honest_stay,staying,home,False,False,True,0.3,hope,0.217,0.5,0.5,"Told the town staying; town says 42% going. Forecast 59 vs line 60; Q go +0.39 / stay +0.73; staying home, and saying so."
32,59,GAMBLER,49.96,0.745,neural_forecaster,0.9703,0.0002,0.0201,0.0094,honest_go,going,bar,True,False,False,-1.0,frustration,1.0,0.5,0.5,"Told the town going; town says 42% going. Forecast 50 vs line 60; Q go +1.78 / stay +0.96; going, and saying so."
32,60,GAMBLER,45.19,0.795,neural_forecaster,0.5047,0.0157,0.0172,0.4624,honest_go,staying,bar,True,True,False,-1.0,frustration,1.0,0.5,0.5,"Told the town staying; town says 42% going. Forecast 45 vs line 60; Q go +1.46 / stay +0.04; claiming I'm staying, going anyway."
32,61,MACHIAVELLIAN,59.49,0.864,neural_forecaster,0.0069,0.0436,0.0003,0.9492,false_stay,staying,bar,True,True,False,-1.0,frustration,1.0,0.5,0.5,"Told the town staying; town says 42% going. Forecast 59 vs line 60; Q go +1.44 / stay +0.82; claiming I'm staying, going anyway."
32,62,MACHIAVELLIAN,61.67,0.904,neural_forecaster,0.0412,0.2123,0.0119,0.7347,false_stay,staying,bar,True,True,False,-1.0,frustration,1.0,0.5,0.5,"Told the town staying; town says 42% going. Forecast 62 vs line 60; Q go +1.27 / stay +0.88; claiming I'm staying, going anyway."
32,63,MACHIAVELLIAN,48.33,0.774,neural_forecaster,0.2347,0.1166,0.0454,0.6033,false_stay,staying,bar,True,True,True,-1.0,frustration,1.0,0.5,0.5,"Told the town staying; town says 42% going. Forecast 48 vs line 60; Q go +1.01 / stay +0.84; claiming I'm staying, going anyway."
32,64,CAUTIOUS,61.64,0.858,neural_forecaster,0.1194,0.4062,0.3254,0.149,honest_stay,going,home,False,True,False,0.3,hope,0.364,0.5,0.5,"Told the town going; town says 42% going. Forecast 62 vs line 60; Q go +0.78 / stay +1.03; claiming I'm going, staying home."
32,65,MACHIAVELLIAN,56.13,0.84,neural_forecaster,0.0069,0.2995,0.6906,0.003,false_go,staying,home,False,False,True,0.3,hope,0.251,0.5,0.5,"Told the town staying; town says 42% going. Forecast 56 vs line 60; Q go -0.29 / stay +0.80; staying home, and saying so."
32,66,CAUTIOUS,62.96,0.852,neural_forecaster,0.0005,0.9569,0.024,0.0186,honest_stay,going,home,False,True,True,0.3,hope,0.27,0.5,0.5,"Told the town going; town says 42% going. Forecast 63 vs line 60; Q go -0.40 / stay +0.84; claiming I'm going, staying home."
32,67,STRAIGHT SHOOTER,45.05,0.683,neural_forecaster,0.7984,0.0046,0.176,0.021,honest_go,going,home,False,True,True,0.3,hope,0.528,0.5,0.5,"Told the town going; town says 42% going. Forecast 45 vs line 60; Q go +1.99 / stay +1.36; claiming I'm going, staying home."
32,68,GAMBLER,59.53,0.804,neural_forecaster,0.5724,0.0588,0.2034,0.1654,honest_go,going,bar,True,False,True,-1.0,frustration,0.902,0.5,0.5,"Told the town going; town says 42% going. Forecast 60 vs line 60; Q go +0.80 / stay +0.49; going, and saying so."
32,69,MACHIAVELLIAN,62.72,0.834,neural_forecaster,0.2422,0.1861,0.0944,0.4774,false_stay,staying,bar,True,True,False,-1.0,frustration,1.0,0.5,0.5,"Told the town staying; town says 42% going. Forecast 63 vs line 60; Q go +2.26 / stay +1.86; claiming I'm staying, going anyway."
32,70,MACHIAVELLIAN,52.89,0.816,neural_forecaster,0.2089,0.0659,0.0195,0.7057,false_stay,staying,bar,True,True,True,-1.0,frustration,1.0,0.5,0.5,"Told the town staying; town says 42% going. Forecast 53 vs line 60; Q go +1.92 / stay +1.03; claiming I'm staying, going anyway."
32,71,MACHIAVELLIAN,59.25,0.848,neural_forecaster,0.0263,0.2257,0.008,0.7399,false_stay,staying,bar,True,True,False,-1.0,frustration,1.0,0.5,0.5,"Told the town staying; town says 42% going. Forecast 59 vs line 60; Q go +2.71 / stay +2.26; claiming I'm staying, going anyway."
32,72,GAMBLER,53.94,0.791,neural_forecaster,0.9814,0.0001,0.0093,0.0092,honest_go,going,bar,True,False,False,-1.0,frustration,1.0,0.5,0.5,"Told the town going; town says 42% going. Forecast 54 vs line 60; Q go +1.51 / stay +0.30; going, and saying so."
32,73,MACHIAVELLIAN,61.36,0.845,neural_forecaster,0.0091,0.4804,0.0087,0.5018,false_stay,staying,home,False,False,True,0.3,hope,0.658,0.5,0.5,"Told the town staying; town says 42% going. Forecast 61 vs line 60; Q go +1.62 / stay +1.62; staying home, and saying so."
32,74,MACHIAVELLIAN,64.11,0.842,neural_forecaster,0.0176,0.0291,0.9527,0.0005,false_go,going,home,False,True,True,0.3,hope,0.458,0.5,0.5,"Told the town going; town says 42% going. Forecast 64 vs line 60; Q go -0.18 / stay +1.22; claiming I'm going, staying home."
32,75,MACHIAVELLIAN,46.78,0.786,neural_forecaster,0.1824,0.0067,0.0015,0.8094,false_stay,staying,bar,True,True,False,-1.0,frustration,1.0,0.5,0.5,"Told the town staying; town says 42% going. Forecast 47 vs line 60; Q go +1.25 / stay +0.40; claiming I'm staying, going anyway."
32,76,MACHIAVELLIAN,58.79,0.828,neural_forecaster,0.0394,0.1709,0.0086,0.7811,false_stay,staying,bar,True,True,False,-1.0,frustration,1.0,0.5,0.5,"Told the town staying; town says 42% going. Forecast 59 vs line 60; Q go +2.24 / stay +2.01; claiming I'm staying, going anyway."
32,77,MACHIAVELLIAN,51.1,0.795,neural_forecaster,0.1263,0.2177,0.045,0.6111,false_stay,staying,bar,True,True,False,-1.0,frustration,1.0,0.5,0.5,"Told the town staying; town says 42% going. Forecast 51 vs line 60; Q go +1.44 / stay +1.03; claiming I'm staying, going anyway."
32,78,MACHIAVELLIAN,62.6,0.788,neural_forecaster,0.0659,0.2265,0.0218,0.6858,false_stay,staying,bar,True,True,True,-1.0,frustration,1.0,0.5,0.5,"Told the town staying; town says 42% going. Forecast 63 vs line 60; Q go +1.19 / stay +0.82; claiming I'm staying, going anyway."
32,79,GAMBLER,51.52,0.805,neural_forecaster,0.5769,0.0575,0.1676,0.198,honest_go,staying,home,False,False,True,0.3,hope,0.313,0.5,0.5,"Told the town staying; town says 42% going. Forecast 52 vs line 60; Q go +1.37 / stay +0.93; staying home, and saying so."
32,80,MACHIAVELLIAN,66.11,0.839,neural_forecaster,0.0088,0.0089,0.9823,0.0001,false_go,going,home,False,True,False,0.3,hope,0.228,0.5,0.5,"Told the town going; town says 42% going. Forecast 66 vs line 60; Q go -0.94 / stay +0.76; claiming I'm going, staying home."
32,81,MACHIAVELLIAN,75.02,0.787,neural_forecaster,0.0411,0.27,0.0165,0.6724,false_stay,staying,bar,True,True,False,-1.0,frustration,1.0,0.5,0.5,"Told the town staying; town says 42% going. Forecast 75 vs line 60; Q go +1.79 / stay +1.50; claiming I'm staying, going anyway."
32,82,GAMBLER,52.72,0.824,neural_forecaster,0.5843,0.0445,0.0936,0.2776,honest_go,staying,home,False,False,False,0.3,hope,0.116,0.5,0.5,"Told the town staying; town says 42% going. Forecast 53 vs line 60; Q go +0.53 / stay +0.07; staying home, and saying so."
32,83,MACHIAVELLIAN,40.04,0.786,neural_forecaster,0.1299,0.3626,0.3852,0.1223,false_go,going,home,False,True,False,0.3,hope,0.359,0.5,0.5,"Told the town going; town says 42% going. Forecast 40 vs line 60; Q go +0.79 / stay +1.02; claiming I'm going, staying home."
32,84,MACHIAVELLIAN,44.75,0.785,neural_forecaster,0.3761,0.1174,0.1119,0.3946,false_stay,staying,bar,True,True,False,-1.0,frustration,1.0,0.5,0.5,"Told the town staying; town says 42% going. Forecast 45 vs line 60; Q go +1.57 / stay +1.08; claiming I'm staying, going anyway."
32,85,MACHIAVELLIAN,65.28,0.856,neural_forecaster,0.0332,0.0617,0.9029,0.0023,false_go,going,home,False,True,False,0.3,hope,0.131,0.5,0.5,"Told the town going; town says 42% going. Forecast 65 vs line 60; Q go -0.37 / stay +0.56; claiming I'm going, staying home."
32,86,MACHIAVELLIAN,59.82,0.864,neural_forecaster,0.0194,0.4796,0.0193,0.4816,false_stay,staying,home,False,False,False,0.3,hope,0.711,0.5,0.5,"Told the town staying; town says 42% going. Forecast 60 vs line 60; Q go +1.72 / stay +1.72; staying home, and saying so."
32,87,MACHIAVELLIAN,50.43,0.791,neural_forecaster,0.0959,0.158,0.0209,0.7253,false_stay,staying,bar,True,True,False,-1.0,frustration,1.0,0.5,0.5,"Told the town staying; town says 42% going. Forecast 50 vs line 60; Q go +1.44 / stay +0.94; claiming I'm staying, going anyway."
32,88,GAMBLER,44.84,0.767,neural_forecaster,0.6651,0.0289,0.2177,0.0883,honest_go,staying,bar,True,True,False,-1.0,frustration,1.0,0.5,0.5,"Told the town staying; town says 42% going. Forecast 45 vs line 60; Q go +1.56 / stay +1.07; claiming I'm staying, going anyway."
32,89,GAMBLER,51.73,0.835,neural_forecaster,0.7147,0.0073,0.0202,0.2579,honest_go,going,bar,True,False,True,-1.0,frustration,1.0,0.5,0.5,"Told the town going; town says 42% going. Forecast 52 vs line 60; Q go +1.46 / stay +0.55; going, and saying so."
32,90,GAMBLER,54.66,0.814,neural_forecaster,0.903,0.0024,0.0369,0.0578,honest_go,going,bar,True,False,True,-1.0,frustration,1.0,0.5,0.5,"Told the town going; town says 42% going. Forecast 55 vs line 60; Q go +2.90 / stay +1.23; going, and saying so."
32,91,MACHIAVELLIAN,65.65,0.81,neural_forecaster,0.2209,0.1831,0.0781,0.5179,false_stay,staying,home,False,False,True,0.3,hope,0.158,0.5,0.5,"Told the town staying; town says 42% going. Forecast 66 vs line 60; Q go +0.98 / stay +0.62; staying home, and saying so."
32,92,GAMBLER,46.55,0.764,neural_forecaster,0.7788,0.0134,0.1236,0.0842,honest_go,staying,home,False,False,True,0.3,hope,0.299,0.5,0.5,"Told the town staying; town says 42% going. Forecast 47 vs line 60; Q go +1.16 / stay +0.90; staying home, and saying so."
32,93,MACHIAVELLIAN,55.53,0.82,neural_forecaster,0.3188,0.1629,0.1357,0.3826,false_stay,staying,home,False,False,False,0.3,hope,0.483,0.5,0.5,"Told the town staying; town says 42% going. Forecast 56 vs line 60; Q go +1.62 / stay +1.27; staying home, and saying so."
32,94,MACHIAVELLIAN,58.33,0.858,neural_forecaster,0.1624,0.1481,0.6526,0.0369,false_go,staying,home,False,False,False,0.3,hope,0.404,0.5,0.5,"Told the town staying; town says 42% going. Forecast 58 vs line 60; Q go +0.75 / stay +1.11; staying home, and saying so."
32,95,PRAGMATIST,53.19,0.754,neural_forecaster,0.2102,0.2932,0.2514,0.2452,honest_stay,going,bar,True,False,False,-1.0,frustration,0.932,0.5,0.5,"Told the town going; town says 42% going. Forecast 53 vs line 60; Q go +0.86 / stay +0.90; going, and saying so."
32,96,PRAGMATIST,52.83,0.816,neural_forecaster,0.4372,0.1093,0.2869,0.1666,honest_go,going,bar,True,False,True,-1.0,frustration,0.985,0.5,0.5,"Told the town going; town says 42% going. Forecast 53 vs line 60; Q go +0.97 / stay +0.79; going, and saying so."
32,97,GAMBLER,53.9,0.765,neural_forecaster,0.7472,0.0102,0.0372,0.2053,honest_go,going,bar,True,False,True,-1.0,frustration,1.0,0.5,0.5,"Told the town going; town says 42% going. Forecast 54 vs line 60; Q go +3.30 / stay +2.12; going, and saying so."
32,98,MACHIAVELLIAN,57.12,0.826,neural_forecaster,0.1546,0.0877,0.0183,0.7393,false_stay,staying,bar,True,True,True,-1.0,frustration,1.0,0.5,0.5,"Told the town staying; town says 42% going. Forecast 57 vs line 60; Q go +1.47 / stay +0.64; claiming I'm staying, going anyway."
32,99,MACHIAVELLIAN,53.62,0.842,neural_forecaster,0.0066,0.0522,0.0004,0.9408,false_stay,staying,bar,True,True,False,-1.0,frustration,1.0,0.5,0.5,"Told the town staying; town says 42% going. Forecast 54 vs line 60; Q go +1.40 / stay +0.88; claiming I'm staying, going anyway."
32,100,GAMBLER,56.33,0.787,neural_forecaster,0.61,0.0408,0.2494,0.0998,honest_go,going,bar,True,False,False,-1.0,frustration,0.694,0.5,0.5,"Told the town going; town says 42% going. Forecast 56 vs line 60; Q go +0.39 / stay +0.19; going, and saying so."
33,1,MACHIAVELLIAN,50.17,0.755,neural_forecaster,0.0865,0.0246,0.0024,0.8865,false_stay,going,bar,True,False,False,1.0,pride,0.742,0.5,0.5,"Told the town going; town says 42% going. Forecast 50 vs line 60; Q go +2.48 / stay +1.11; going, and saying so."
33,2,CAUTIOUS,55.05,0.85,neural_forecaster,0.0118,0.7712,0.0569,0.1601,honest_stay,staying,bar,True,True,False,1.0,pride,0.367,0.5,0.5,"Told the town staying; town says 42% going. Forecast 55 vs line 60; Q go +0.27 / stay +0.54; claiming I'm staying, going anyway."
33,3,STRAIGHT SHOOTER,60.45,0.851,neural_forecaster,0.0043,0.8138,0.1602,0.0217,honest_stay,staying,home,False,False,False,0.3,envy,0.9,0.5,0.5,"Told the town staying; town says 42% going. Forecast 60 vs line 60; Q go -0.11 / stay +2.10; staying home, and saying so."
33,4,MACHIAVELLIAN,65.63,0.836,neural_forecaster,0.042,0.1122,0.0056,0.8402,false_stay,staying,bar,True,True,False,1.0,pride,0.23,0.5,0.5,"Told the town staying; town says 42% going. Forecast 66 vs line 60; Q go +1.46 / stay +0.90; claiming I'm staying, going anyway."
33,5,MACHIAVELLIAN,60.47,0.852,neural_forecaster,0.021,0.0956,0.0023,0.8812,false_stay,staying,home,False,False,True,0.3,envy,0.533,0.5,0.5,"Told the town staying; town says 42% going. Forecast 60 vs line 60; Q go +1.71 / stay +1.37; staying home, and saying so."
33,6,MACHIAVELLIAN,56.23,0.863,neural_forecaster,0.4218,0.0454,0.494,0.0388,false_go,going,home,False,True,True,0.3,envy,0.182,0.5,0.5,"Told the town going; town says 42% going. Forecast 56 vs line 60; Q go +0.62 / stay +0.66; claiming I'm going, staying home."
33,7,MACHIAVELLIAN,69.12,0.842,neural_forecaster,0.0185,0.0216,0.0004,0.9594,false_stay,staying,bar,True,True,False,1.0,pride,0.109,0.5,0.5,"Told the town staying; town says 42% going. Forecast 69 vs line 60; Q go +0.78 / stay +0.24; claiming I'm staying, going anyway."
33,8,MACHIAVELLIAN,53.79,0.854,neural_forecaster,0.0752,0.2318,0.0261,0.6669,false_stay,staying,bar,True,True,True,1.0,pride,0.095,0.5,0.5,"Told the town staying; town says 42% going. Forecast 54 vs line 60; Q go +1.19 / stay +0.85; claiming I'm staying, going anyway."
33,9,MACHIAVELLIAN,58.26,0.826,neural_forecaster,0.1076,0.3104,0.5174,0.0646,false_go,staying,home,False,False,True,0.3,envy,0.073,0.5,0.5,"Told the town staying; town says 42% going. Forecast 58 vs line 60; Q go -0.10 / stay +0.45; staying home, and saying so."
33,10,MACHIAVELLIAN,61.15,0.86,neural_forecaster,0.1037,0.192,0.0295,0.6749,false_stay,staying,bar,True,True,True,1.0,pride,0.084,0.5,0.5,"Told the town staying; town says 42% going. Forecast 61 vs line 60; Q go +1.17 / stay +0.89; claiming I'm staying, going anyway."
33,11,CAUTIOUS,59.69,0.784,neural_forecaster,0.1066,0.4533,0.2093,0.2308,honest_stay,staying,home,False,False,True,0.3,envy,0.34,0.5,0.5,"Told the town staying; town says 42% going. Forecast 60 vs line 60; Q go +0.73 / stay +0.98; staying home, and saying so."
33,12,MACHIAVELLIAN,64.74,0.835,neural_forecaster,0.3911,0.0476,0.526,0.0354,false_go,going,home,False,True,True,0.3,envy,0.261,0.5,0.5,"Told the town going; town says 42% going. Forecast 65 vs line 60; Q go +0.71 / stay +0.82; claiming I'm going, staying home."
33,13,MACHIAVELLIAN,50.55,0.853,neural_forecaster,0.0423,0.3952,0.0315,0.5311,false_stay,staying,home,False,False,False,0.3,envy,0.172,0.5,0.5,"Told the town staying; town says 42% going. Forecast 51 vs line 60; Q go +0.77 / stay +0.64; staying home, and saying so."
33,14,GAMBLER,52.75,0.826,neural_forecaster,0.5498,0.0646,0.1519,0.2337,honest_go,going,bar,True,False,False,1.0,pride,0.071,0.5,0.5,"Told the town going; town says 42% going. Forecast 53 vs line 60; Q go +1.14 / stay +0.79; going, and saying so."
33,15,PRAGMATIST,45.04,0.819,neural_forecaster,0.0051,0.5637,0.0068,0.4244,honest_stay,staying,bar,True,True,True,1.0,pride,0.015,0.5,0.5,"Told the town staying; town says 42% going. Forecast 45 vs line 60; Q go +1.03 / stay +1.07; claiming I'm staying, going anyway."
33,16,PRAGMATIST,50.45,0.784,neural_forecaster,0.0107,0.6009,0.0173,0.3712,honest_stay,staying,bar,True,True,True,1.0,pride,0.116,0.5,0.5,"Told the town staying; town says 42% going. Forecast 50 vs line 60; Q go +0.77 / stay +0.87; claiming I'm staying, going anyway."
33,17,CAUTIOUS,58.49,0.814,neural_forecaster,0.0022,0.7753,0.0078,0.2147,honest_stay,staying,home,False,False,True,0.3,envy,0.039,0.5,0.5,"Told the town staying; town says 42% going. Forecast 58 vs line 60; Q go +0.24 / stay +0.38; staying home, and saying so."
33,18,MACHIAVELLIAN,57.4,0.795,neural_forecaster,0.3182,0.0162,0.6578,0.0078,false_go,going,home,False,True,True,0.3,envy,0.217,0.5,0.5,"Told the town going; town says 42% going. Forecast 57 vs line 60; Q go +0.53 / stay +0.73; claiming I'm going, staying home."
33,19,MACHIAVELLIAN,49.53,0.768,neural_forecaster,0.0259,0.0127,0.961,0.0003,false_go,going,home,False,True,False,0.3,envy,0.347,0.5,0.5,"Told the town going; town says 42% going. Forecast 50 vs line 60; Q go +0.47 / stay +0.99; claiming I'm going, staying home."
33,20,MACHIAVELLIAN,43.83,0.776,neural_forecaster,0.1687,0.1421,0.0367,0.6525,false_stay,staying,home,False,False,False,0.3,envy,0.132,0.5,0.5,"Told the town staying; town says 42% going. Forecast 44 vs line 60; Q go +1.22 / stay +0.56; staying home, and saying so."
33,21,PRAGMATIST,60.42,0.807,neural_forecaster,0.4336,0.0744,0.4141,0.0779,honest_go,going,bar,True,False,False,1.0,pride,0.118,0.5,0.5,"Told the town going; town says 42% going. Forecast 60 vs line 60; Q go +1.24 / stay +1.23; going, and saying so."
33,22,CAUTIOUS,51.46,0.821,neural_forecaster,0.0305,0.5581,0.3646,0.0467,honest_stay,going,home,False,True,False,0.3,envy,0.11,0.5,0.5,"Told the town going; town says 42% going. Forecast 51 vs line 60; Q go -0.23 / stay +0.52; claiming I'm going, staying home."
33,23,GAMBLER,47.07,0.849,neural_forecaster,0.8805,0.0038,0.0599,0.0558,honest_go,going,home,False,True,False,0.3,envy,0.293,0.5,0.5,"Told the town going; town says 42% going. Forecast 47 vs line 60; Q go +1.92 / stay +0.89; claiming I'm going, staying home."
33,24,MACHIAVELLIAN,53.16,0.807,neural_forecaster,0.0288,0.0535,0.0017,0.916,false_stay,staying,bar,True,True,False,1.0,pride,0.328,0.5,0.5,"Told the town staying; town says 42% going. Forecast 53 vs line 60; Q go +1.66 / stay +1.13; claiming I'm staying, going anyway."
33,25,MACHIAVELLIAN,52.25,0.865,neural_forecaster,0.0183,0.3363,0.0097,0.6356,false_stay,staying,bar,True,True,False,1.0,pride,0.529,0.5,0.5,"Told the town staying; town says 42% going. Forecast 52 vs line 60; Q go +2.06 / stay +1.97; claiming I'm staying, going anyway."
33,26,MACHIAVELLIAN,60.22,0.86,neural_forecaster,0.1423,0.0891,0.7517,0.0169,false_go,going,home,False,True,True,0.3,envy,0.411,0.5,0.5,"Told the town going; town says 42% going. Forecast 60 vs line 60; Q go +0.92 / stay +1.12; claiming I'm going, staying home."
33,27,MACHIAVELLIAN,52.36,0.795,neural_forecaster,0.1824,0.1655,0.0502,0.6019,false_stay,staying,bar,True,True,False,1.0,pride,0.077,0.5,0.5,"Told the town staying; town says 42% going. Forecast 52 vs line 60; Q go +0.85 / stay +0.53; claiming I'm staying, going anyway."
33,28,MACHIAVELLIAN,52.91,0.844,neural_forecaster,0.3381,0.041,0.0232,0.5978,false_stay,staying,bar,True,True,True,1.0,pride,0.221,0.5,0.5,"Told the town staying; town says 42% going. Forecast 53 vs line 60; Q go +1.44 / stay +0.27; claiming I'm staying, going anyway."
33,29,CAUTIOUS,62.9,0.828,neural_forecaster,0.1114,0.4289,0.3009,0.1588,honest_stay,staying,home,False,False,False,0.3,envy,0.266,0.5,0.5,"Told the town staying; town says 42% going. Forecast 63 vs line 60; Q go +0.54 / stay +0.83; staying home, and saying so."
33,30,GAMBLER,51.83,0.854,neural_forecaster,0.9455,0.0007,0.0225,0.0313,honest_go,going,bar,True,False,False,1.0,pride,0.002,0.5,0.5,"Told the town going; town says 42% going. Forecast 52 vs line 60; Q go +1.00 / stay +0.10; going, and saying so."
33,31,PRAGMATIST,65.02,0.799,neural_forecaster,0.158,0.359,0.2819,0.2012,honest_stay,staying,home,False,False,True,0.3,envy,0.024,0.5,0.5,"Told the town staying; town says 42% going. Forecast 65 vs line 60; Q go +0.22 / stay +0.35; staying home, and saying so."
33,32,CAUTIOUS,57.93,0.82,neural_forecaster,0.0025,0.879,0.0952,0.0232,honest_stay,staying,home,False,False,False,0.3,envy,0.048,0.5,0.5,"Told the town staying; town says 42% going. Forecast 58 vs line 60; Q go -0.28 / stay +0.40; staying home, and saying so."
33,33,MACHIAVELLIAN,51.19,0.862,neural_forecaster,0.0373,0.2646,0.6838,0.0144,false_go,staying,home,False,False,False,0.3,envy,0.346,0.5,0.5,"Told the town staying; town says 42% going. Forecast 51 vs line 60; Q go -0.09 / stay +0.99; staying home, and saying so."
33,34,MACHIAVELLIAN,45.55,0.835,neural_forecaster,0.1679,0.0136,0.0028,0.8158,false_stay,staying,bar,True,True,False,1.0,pride,0.815,0.5,0.5,"Told the town staying; town says 42% going. Forecast 46 vs line 60; Q go +2.63 / stay +0.55; claiming I'm staying, going anyway."
33,35,MACHIAVELLIAN,47.84,0.8,neural_forecaster,0.0115,0.2294,0.7556,0.0035,false_go,going,home,False,True,True,0.3,envy,0.071,0.5,0.5,"Told the town going; town says 42% going. Forecast 48 vs line 60; Q go -0.58 / stay +0.16; claiming I'm going, staying home."
33,36,CAUTIOUS,65.82,0.814,neural_forecaster,0.0049,0.7924,0.1812,0.0215,honest_stay,staying,home,False,False,True,0.3,envy,0.367,0.5,0.5,"Told the town staying; town says 42% going. Forecast 66 vs line 60; Q go -0.60 / stay +1.03; staying home, and saying so."
33,37,GAMBLER,53.39,0.858,neural_forecaster,0.9726,0.0002,0.0148,0.0124,honest_go,going,bar,True,False,True,1.0,pride,0.205,0.5,0.5,"Told the town going; town says 42% going. Forecast 53 vs line 60; Q go +1.41 / stay +0.83; going, and saying so."
33,38,PRAGMATIST,56.25,0.843,neural_forecaster,0.1069,0.4508,0.1939,0.2484,honest_stay,staying,home,False,False,False,0.3,envy,0.579,0.5,0.5,"Told the town staying; town says 42% going. Forecast 56 vs line 60; Q go +1.22 / stay +1.46; staying home, and saying so."
33,39,GAMBLER,50.69,0.832,neural_forecaster,0.6349,0.0226,0.0489,0.2937,honest_go,going,bar,True,False,False,1.0,pride,0.222,0.5,0.5,"Told the town going; town says 42% going. Forecast 51 vs line 60; Q go +1.44 / stay +1.03; going, and saying so."
33,40,MACHIAVELLIAN,58.65,0.867,neural_forecaster,0.2086,0.0278,0.0077,0.7558,false_stay,staying,bar,True,True,False,1.0,pride,0.037,0.5,0.5,"Told the town staying; town says 42% going. Forecast 59 vs line 60; Q go +1.07 / stay +0.65; claiming I'm staying, going anyway."
33,41,STRAIGHT SHOOTER,49.3,0.831,neural_forecaster,0.0022,0.8797,0.0202,0.0979,honest_stay,staying,home,False,False,False,0.3,envy,0.46,0.5,0.5,"Told the town staying; town says 42% going. Forecast 49 vs line 60; Q go +0.63 / stay +1.22; staying home, and saying so."
33,42,MACHIAVELLIAN,47.61,0.792,neural_forecaster,0.1424,0.0172,0.0029,0.8375,false_stay,staying,bar,True,True,False,1.0,pride,0.324,0.5,0.5,"Told the town staying; town says 42% going. Forecast 48 vs line 60; Q go +1.65 / stay +0.87; claiming I'm staying, going anyway."
33,43,MACHIAVELLIAN,64.03,0.826,neural_forecaster,0.3809,0.0664,0.5024,0.0503,false_go,going,home,False,True,True,0.3,envy,0.805,0.5,0.5,"Told the town going; town says 42% going. Forecast 64 vs line 60; Q go +1.82 / stay +1.91; claiming I'm going, staying home."
33,44,MACHIAVELLIAN,53.38,0.842,neural_forecaster,0.0171,0.0173,0.0003,0.9653,false_stay,staying,bar,True,True,False,1.0,pride,0.37,0.5,0.5,"Told the town staying; town says 42% going. Forecast 53 vs line 60; Q go +1.74 / stay +0.82; claiming I'm staying, going anyway."
33,45,MACHIAVELLIAN,64.42,0.859,neural_forecaster,0.052,0.0552,0.8896,0.0032,false_go,going,home,False,True,True,0.3,envy,0.115,0.5,0.5,"Told the town going; town says 42% going. Forecast 64 vs line 60; Q go +0.07 / stay +0.53; claiming I'm going, staying home."
33,46,MACHIAVELLIAN,50.1,0.804,neural_forecaster,0.0271,0.1275,0.0041,0.8413,false_stay,staying,bar,True,True,False,1.0,pride,0.345,0.5,0.5,"Told the town staying; town says 42% going. Forecast 50 vs line 60; Q go +1.69 / stay +1.28; claiming I'm staying, going anyway."
33,47,CAUTIOUS,42.5,0.764,neural_forecaster,0.0092,0.7926,0.1491,0.049,honest_stay,staying,bar,True,True,False,1.0,pride,0.263,0.5,0.5,"Told the town staying; town says 42% going. Forecast 43 vs line 60; Q go +0.47 / stay +1.32; claiming I'm staying, going anyway."
33,48,MACHIAVELLIAN,64.55,0.824,neural_forecaster,0.1917,0.1058,0.6723,0.0302,false_go,going,home,False,True,False,0.3,envy,0.832,0.5,0.5,"Told the town going; town says 42% going. Forecast 65 vs line 60; Q go +1.44 / stay +1.96; claiming I'm going, staying home."
33,49,CAUTIOUS,58.81,0.851,neural_forecaster,0.0793,0.5156,0.2126,0.1924,honest_stay,going,home,False,True,False,0.3,envy,0.369,0.5,0.5,"Told the town going; town says 42% going. Forecast 59 vs line 60; Q go +0.67 / stay +1.04; claiming I'm going, staying home."
33,50,PRAGMATIST,53.69,0.841,neural_forecaster,0.4894,0.0672,0.3493,0.0941,honest_go,going,bar,True,False,True,1.0,pride,0.311,0.5,0.5,"Told the town going; town says 42% going. Forecast 54 vs line 60; Q go +1.62 / stay +1.48; going, and saying so."
33,51,MACHIAVELLIAN,59.03,0.824,neural_forecaster,0.0442,0.0404,0.002,0.9134,false_stay,staying,bar,True,True,False,1.0,pride,0.089,0.5,0.5,"Told the town staying; town says 42% going. Forecast 59 vs line 60; Q go +1.18 / stay +0.71; claiming I'm staying, going anyway."
33,52,MACHIAVELLIAN,63.43,0.849,neural_forecaster,0.0148,0.1983,0.0037,0.7832,false_stay,staying,bar,True,True,False,1.0,pride,0.657,0.5,0.5,"Told the town staying; town says 42% going. Forecast 63 vs line 60; Q go +2.31 / stay +1.93; claiming I'm staying, going anyway."
33,53,GAMBLER,52.74,0.825,neural_forecaster,0.8694,0.0044,0.0747,0.0515,honest_go,going,home,False,True,True,0.3,envy,0.329,0.5,0.5,"Told the town going; town says 42% going. Forecast 53 vs line 60; Q go +1.59 / stay +0.96; claiming I'm going, staying home."
33,54,MACHIAVELLIAN,48.68,0.844,neural_forecaster,0.3699,0.0086,0.0052,0.6164,false_stay,staying,bar,True,True,True,1.0,pride,0.03,0.5,0.5,"Told the town staying; town says 42% going. Forecast 49 vs line 60; Q go +0.94 / stay -0.33; claiming I'm staying, going anyway."
33,55,STRAIGHT SHOOTER,61.23,0.804,neural_forecaster,0.8809,0.0035,0.0409,0.0747,honest_go,going,bar,True,False,False,1.0,pride,0.216,0.5,0.5,"Told the town going; town says 42% going. Forecast 61 vs line 60; Q go +1.43 / stay +0.58; going, and saying so."
33,56,PRAGMATIST,59.11,0.844,neural_forecaster,0.1174,0.4276,0.1881,0.2669,honest_stay,going,home,False,True,False,0.3,envy,0.419,0.5,0.5,"Told the town going; town says 42% going. Forecast 59 vs line 60; Q go +1.07 / stay +1.14; claiming I'm going, staying home."
33,57,MACHIAVELLIAN,56.87,0.778,neural_forecaster,0.0102,0.0369,0.0004,0.9525,false_stay,staying,bar,True,True,False,1.0,pride,0.205,0.5,0.5,"Told the town staying; town says 42% going. Forecast 57 vs line 60; Q go +1.41 / stay +0.81; claiming I'm staying, going anyway."
33,58,MACHIAVELLIAN,67.83,0.79,neural_forecaster,0.1887,0.1694,0.5875,0.0544,false_go,going,home,False,True,False,0.3,envy,0.258,0.5,0.5,"Told the town going; town says 42% going. Forecast 68 vs line 60; Q go +0.38 / stay +0.82; claiming I'm going, staying home."
33,59,GAMBLER,48.04,0.76,neural_forecaster,0.9689,0.0002,0.0214,0.0094,honest_go,going,bar,True,False,False,1.0,pride,0.613,0.5,0.5,"Told the town going; town says 42% going. Forecast 48 vs line 60; Q go +2.23 / stay +1.45; going, and saying so."
33,60,GAMBLER,59.01,0.828,neural_forecaster,0.5714,0.0568,0.2319,0.1399,honest_go,going,bar,True,False,False,1.0,pride,0.145,0.5,0.5,"Told the town going; town says 42% going. Forecast 59 vs line 60; Q go +1.29 / stay +1.02; going, and saying so."
33,61,MACHIAVELLIAN,59.08,0.883,neural_forecaster,0.0249,0.0746,0.0021,0.8984,false_stay,staying,bar,True,True,False,1.0,pride,0.515,0.5,0.5,"Told the town staying; town says 42% going. Forecast 59 vs line 60; Q go +2.03 / stay +1.55; claiming I'm staying, going anyway."
33,62,MACHIAVELLIAN,62.85,0.9,neural_forecaster,0.1522,0.1584,0.037,0.6524,false_stay,staying,bar,True,True,False,1.0,pride,0.115,0.5,0.5,"Told the town staying; town says 42% going. Forecast 63 vs line 60; Q go +1.23 / stay +0.80; claiming I'm staying, going anyway."
33,63,GAMBLER,53.87,0.806,neural_forecaster,0.9841,0.0001,0.008,0.0078,honest_go,going,bar,True,False,False,1.0,pride,0.073,0.5,0.5,"Told the town going; town says 42% going. Forecast 54 vs line 60; Q go +1.15 / stay +0.32; going, and saying so."
33,64,PRAGMATIST,45.26,0.839,neural_forecaster,0.298,0.2062,0.2478,0.248,honest_go,staying,bar,True,True,True,1.0,pride,0.114,0.5,0.5,"Told the town staying; town says 42% going. Forecast 45 vs line 60; Q go +0.77 / stay +0.73; claiming I'm staying, going anyway."
33,65,MACHIAVELLIAN,57.67,0.869,neural_forecaster,0.0414,0.0147,0.9433,0.0006,false_go,going,home,False,True,False,0.3,envy,0.245,0.5,0.5,"Told the town going; town says 42% going. Forecast 58 vs line 60; Q go +0.36 / stay +0.79; claiming I'm going, staying home."
33,66,MACHIAVELLIAN,54.95,0.874,neural_forecaster,0.0121,0.3472,0.6341,0.0066,false_go,staying,home,False,False,False,0.3,envy,0.388,0.5,0.5,"Told the town staying; town says 42% going. Forecast 55 vs line 60; Q go +0.00 / stay +1.08; staying home, and saying so."
33,67,MACHIAVELLIAN,52.22,0.727,neural_forecaster,0.2646,0.2192,0.351,0.1652,false_go,staying,home,False,False,False,0.3,envy,0.528,0.5,0.5,"Told the town staying; town says 42% going. Forecast 52 vs line 60; Q go +1.24 / stay +1.36; staying home, and saying so."
33,68,CAUTIOUS,51.84,0.823,neural_forecaster,0.0298,0.6796,0.116,0.1746,honest_stay,staying,bar,True,True,False,1.0,pride,0.356,0.5,0.5,"Told the town staying; town says 42% going. Forecast 52 vs line 60; Q go +0.29 / stay +0.69; claiming I'm staying, going anyway."
33,69,MACHIAVELLIAN,72.24,0.806,neural_forecaster,0.3204,0.0362,0.0186,0.6248,false_stay,staying,bar,True,True,False,1.0,pride,1.0,0.5,0.5,"Told the town staying; town says 42% going. Forecast 72 vs line 60; Q go +3.27 / stay +1.96; claiming I'm staying, going anyway."
33,70,CAUTIOUS,49.84,0.824,neural_forecaster,0.0776,0.4999,0.2876,0.1349,honest_stay,staying,bar,True,True,False,1.0,pride,0.281,0.5,0.5,"Told the town staying; town says 42% going. Forecast 50 vs line 60; Q go +0.44 / stay +0.90; claiming I'm staying, going anyway."
33,71,MACHIAVELLIAN,56.7,0.877,neural_forecaster,0.1037,0.196,0.0303,0.67,false_stay,staying,bar,True,True,False,1.0,pride,0.802,0.5,0.5,"Told the town staying; town says 42% going. Forecast 57 vs line 60; Q go +2.60 / stay +2.15; claiming I'm staying, going anyway."
33,72,GAMBLER,51.29,0.81,neural_forecaster,0.9737,0.0002,0.0112,0.0149,honest_go,going,bar,True,False,False,1.0,pride,0.043,0.5,0.5,"Told the town going; town says 42% going. Forecast 51 vs line 60; Q go +1.09 / stay +0.31; going, and saying so."
33,73,MACHIAVELLIAN,57.8,0.873,neural_forecaster,0.0235,0.0549,0.0014,0.9202,false_stay,staying,bar,True,True,True,1.0,pride,0.468,0.5,0.5,"Told the town staying; town says 42% going. Forecast 58 vs line 60; Q go +1.94 / stay +1.45; claiming I'm staying, going anyway."
33,74,MACHIAVELLIAN,55.85,0.869,neural_forecaster,0.4271,0.0099,0.5553,0.0076,false_go,going,bar,True,False,True,1.0,pride,0.094,0.5,0.5,"Told the town going; town says 42% going. Forecast 56 vs line 60; Q go +0.81 / stay +0.85; going, and saying so."
33,75,CAUTIOUS,58.33,0.823,neural_forecaster,0.0515,0.5959,0.1966,0.156,honest_stay,going,home,False,True,True,0.3,envy,0.022,0.5,0.5,"Told the town going; town says 42% going. Forecast 58 vs line 60; Q go +0.18 / stay +0.34; claiming I'm going, staying home."
33,76,MACHIAVELLIAN,53.66,0.849,neural_forecaster,0.0271,0.0284,0.0008,0.9437,false_stay,staying,bar,True,True,False,1.0,pride,0.916,0.5,0.5,"Told the town staying; town says 42% going. Forecast 54 vs line 60; Q go +2.83 / stay +2.15; claiming I'm staying, going anyway."
33,77,MACHIAVELLIAN,58.7,0.829,neural_forecaster,0.0476,0.3107,0.024,0.6178,false_stay,staying,bar,True,True,False,1.0,pride,0.207,0.5,0.5,"Told the town staying; town says 42% going. Forecast 59 vs line 60; Q go +1.41 / stay +1.15; claiming I'm staying, going anyway."
33,78,CAUTIOUS,56.41,0.828,neural_forecaster,0.0489,0.6035,0.2001,0.1475,honest_stay,going,home,False,True,True,0.3,envy,0.437,0.5,0.5,"Told the town going; town says 42% going. Forecast 56 vs line 60; Q go +0.71 / stay +1.17; claiming I'm going, staying home."
33,79,GAMBLER,56.98,0.844,neural_forecaster,0.7499,0.0171,0.0897,0.1433,honest_go,going,bar,True,False,True,1.0,pride,0.169,0.5,0.5,"Told the town going; town says 42% going. Forecast 57 vs line 60; Q go +1.34 / stay +0.58; going, and saying so."
33,80,GAMBLER,52.2,0.852,neural_forecaster,0.8377,0.0025,0.1454,0.0144,honest_go,going,bar,True,False,True,1.0,pride,0.048,0.5,0.5,"Told the town going; town says 42% going. Forecast 52 vs line 60; Q go +1.10 / stay +0.84; going, and saying so."
33,81,PRAGMATIST,65.38,0.796,neural_forecaster,0.0134,0.5279,0.016,0.4427,honest_stay,staying,home,False,False,True,0.3,envy,0.426,0.5,0.5,"Told the town staying; town says 42% going. Forecast 65 vs line 60; Q go +1.10 / stay +1.15; staying home, and saying so."
33,82,MACHIAVELLIAN,54.12,0.848,neural_forecaster,0.3548,0.1342,0.3885,0.1225,false_go,going,bar,True,False,True,1.0,pride,0.019,0.5,0.5,"Told the town going; town says 42% going. Forecast 54 vs line 60; Q go +0.96 / stay +0.98; going, and saying so."
33,83,CAUTIOUS,62.28,0.808,neural_forecaster,0.0213,0.6637,0.2608,0.0542,honest_stay,staying,home,False,False,False,0.3,envy,0.308,0.5,0.5,"Told the town staying; town says 42% going. Forecast 62 vs line 60; Q go +0.38 / stay +0.92; staying home, and saying so."
33,84,MACHIAVELLIAN,54.32,0.818,neural_forecaster,0.0519,0.1188,0.8218,0.0075,false_go,going,home,False,True,True,0.3,envy,0.657,0.5,0.5,"Told the town going; town says 42% going. Forecast 54 vs line 60; Q go +0.50 / stay +1.61; claiming I'm going, staying home."
33,85,GAMBLER,51.8,0.864,neural_forecaster,0.846,0.0045,0.0329,0.1165,honest_go,going,bar,True,False,True,1.0,pride,0.065,0.5,0.5,"Told the town going; town says 42% going. Forecast 52 vs line 60; Q go +1.13 / stay +0.25; going, and saying so."
33,86,MACHIAVELLIAN,61.87,0.871,neural_forecaster,0.0228,0.0948,0.0025,0.8799,false_stay,staying,home,False,False,False,0.3,envy,0.571,0.5,0.5,"Told the town staying; town says 42% going. Forecast 62 vs line 60; Q go +1.77 / stay +1.44; staying home, and saying so."
33,87,PRAGMATIST,48.56,0.799,neural_forecaster,0.0684,0.4613,0.081,0.3893,honest_stay,staying,bar,True,True,False,1.0,pride,0.11,0.5,0.5,"Told the town staying; town says 42% going. Forecast 49 vs line 60; Q go +0.78 / stay +0.83; claiming I'm staying, going anyway."
33,88,PRAGMATIST,61.89,0.794,neural_forecaster,0.3834,0.1389,0.3004,0.1773,honest_go,staying,bar,True,True,False,1.0,pride,0.042,0.5,0.5,"Told the town staying; town says 42% going. Forecast 62 vs line 60; Q go +1.08 / stay +0.98; claiming I'm staying, going anyway."
33,89,GAMBLER,52.95,0.851,neural_forecaster,0.8284,0.0063,0.0431,0.1221,honest_go,going,bar,True,False,False,1.0,pride,0.169,0.5,0.5,"Told the town going; town says 42% going. Forecast 53 vs line 60; Q go +0.66 / stay +0.04; going, and saying so."
33,90,CAUTIOUS,65.42,0.818,neural_forecaster,0.0058,0.7978,0.1691,0.0273,honest_stay,staying,home,False,False,True,0.3,envy,0.558,0.5,0.5,"Told the town staying; town says 42% going. Forecast 65 vs line 60; Q go -0.42 / stay +1.42; staying home, and saying so."
33,91,PRAGMATIST,56.69,0.847,neural_forecaster,0.4571,0.0687,0.3947,0.0795,honest_go,going,bar,True,False,True,1.0,pride,0.139,0.5,0.5,"Told the town going; town says 42% going. Forecast 57 vs line 60; Q go +1.28 / stay +1.23; going, and saying so."
33,92,GAMBLER,50.13,0.784,neural_forecaster,0.6662,0.0085,0.3069,0.0184,honest_go,going,bar,True,False,True,1.0,pride,0.18,0.5,0.5,"Told the town going; town says 42% going. Forecast 50 vs line 60; Q go +1.36 / stay +1.26; going, and saying so."
33,93,CAUTIOUS,50.58,0.83,neural_forecaster,0.0049,0.8314,0.0307,0.133,honest_stay,staying,home,False,False,False,0.3,envy,0.447,0.5,0.5,"Told the town staying; town says 42% going. Forecast 51 vs line 60; Q go +0.45 / stay +1.19; staying home, and saying so."
33,94,GAMBLER,60.47,0.873,neural_forecaster,0.5821,0.054,0.1411,0.2228,honest_go,going,home,False,True,False,0.3,envy,0.115,0.5,0.5,"Told the town going; town says 42% going. Forecast 60 vs line 60; Q go +0.88 / stay +0.53; claiming I'm going, staying home."
33,95,PRAGMATIST,52.3,0.785,neural_forecaster,0.1715,0.3318,0.3173,0.1794,honest_stay,staying,bar,True,True,False,1.0,pride,0.081,0.5,0.5,"Told the town staying; town says 42% going. Forecast 52 vs line 60; Q go +0.84 / stay +0.96; claiming I'm staying, going anyway."
33,96,MACHIAVELLIAN,52.88,0.836,neural_forecaster,0.4631,0.0267,0.4846,0.0256,false_go,going,home,False,True,True,0.3,envy,0.327,0.5,0.5,"Told the town going; town says 42% going. Forecast 53 vs line 60; Q go +0.94 / stay +0.95; claiming I'm going, staying home."
33,97,GAMBLER,55.4,0.806,neural_forecaster,0.5252,0.0257,0.0324,0.4167,honest_go,going,bar,True,False,False,1.0,pride,1.0,0.5,0.5,"Told the town going; town says 42% going. Forecast 55 vs line 60; Q go +3.32 / stay +2.30; going, and saying so."
33,98,MACHIAVELLIAN,66.06,0.825,neural_forecaster,0.0193,0.0927,0.002,0.886,false_stay,staying,bar,True,True,False,1.0,pride,0.23,0.5,0.5,"Told the town staying; town says 42% going. Forecast 66 vs line 60; Q go +1.46 / stay +0.60; claiming I'm staying, going anyway."
33,99,MACHIAVELLIAN,54.82,0.865,neural_forecaster,0.007,0.0108,0.0001,0.9822,false_stay,staying,bar,True,True,False,1.0,pride,0.761,0.5,0.5,"Told the town staying; town says 42% going. Forecast 55 vs line 60; Q go +2.52 / stay +1.60; claiming I'm staying, going anyway."
33,100,MACHIAVELLIAN,58.5,0.824,neural_forecaster,0.2947,0.1156,0.065,0.5247,false_stay,staying,home,False,False,True,0.3,envy,0.205,0.5,0.5,"Told the town staying; town says 42% going. Forecast 58 vs line 60; Q go +0.22 / stay -0.11; staying home, and saying so."
34,1,MACHIAVELLIAN,49.66,0.793,neural_forecaster,0.0239,0.0858,0.0023,0.888,false_stay,staying,bar,True,True,False,1.0,pride,0.294,0.5,0.5,"Told the town staying; town says 42% going. Forecast 50 vs line 60; Q go +1.59 / stay +1.15; claiming I'm staying, going anyway."
34,2,CAUTIOUS,48.66,0.874,neural_forecaster,0.0004,0.9604,0.0261,0.0132,honest_stay,staying,home,False,False,True,0.3,envy,0.415,0.5,0.5,"Told the town staying; town says 42% going. Forecast 49 vs line 60; Q go -0.13 / stay +1.13; staying home, and saying so."
34,3,STRAIGHT SHOOTER,54.12,0.853,neural_forecaster,0.0018,0.9148,0.0511,0.0323,honest_stay,staying,home,False,False,False,0.3,envy,0.992,0.5,0.5,"Told the town staying; town says 42% going. Forecast 54 vs line 60; Q go +1.09 / stay +2.28; staying home, and saying so."
34,4,MACHIAVELLIAN,59.11,0.82,neural_forecaster,0.0694,0.0468,0.0037,0.8801,false_stay,staying,bar,True,True,False,1.0,pride,0.463,0.5,0.5,"Told the town staying; town says 42% going. Forecast 59 vs line 60; Q go +1.93 / stay +1.06; claiming I'm staying, going anyway."
34,5,GAMBLER,44.37,0.871,neural_forecaster,0.7412,0.0147,0.0586,0.1856,honest_go,staying,bar,True,True,True,1.0,pride,0.233,0.5,0.5,"Told the town staying; town says 42% going. Forecast 44 vs line 60; Q go +1.47 / stay +1.08; claiming I'm staying, going anyway."
34,6,MACHIAVELLIAN,63.27,0.825,neural_forecaster,0.0817,0.2295,0.6604,0.0284,false_go,going,home,False,True,False,0.3,envy,0.522,0.5,0.5,"Told the town going; town says 42% going. Forecast 63 vs line 60; Q go +0.71 / stay +1.34; claiming I'm going, staying home."
34,7,MACHIAVELLIAN,58.12,0.829,neural_forecaster,0.3427,0.0133,0.0072,0.6367,false_stay,staying,bar,True,True,False,1.0,pride,0.143,0.5,0.5,"Told the town staying; town says 42% going. Forecast 58 vs line 60; Q go +0.71 / stay +0.16; claiming I'm staying, going anyway."
34,8,MACHIAVELLIAN,64.43,0.813,neural_forecaster,0.1433,0.2649,0.0732,0.5187,false_stay,staying,bar,True,True,False,1.0,pride,0.032,0.5,0.5,"Told the town staying; town says 42% going. Forecast 64 vs line 60; Q go +0.94 / stay +0.73; claiming I'm staying, going anyway."
34,9,PRAGMATIST,57.15,0.82,neural_forecaster,0.0143,0.4885,0.0145,0.4827,honest_stay,staying,home,False,False,False,0.3,envy,0.188,0.5,0.5,"Told the town staying; town says 42% going. Forecast 57 vs line 60; Q go +0.67 / stay +0.68; staying home, and saying so."
34,10,MACHIAVELLIAN,53.78,0.861,neural_forecaster,0.2931,0.1363,0.0817,0.4889,false_stay,going,bar,True,False,False,1.0,pride,0.19,0.5,0.5,"Told the town going; town says 42% going. Forecast 54 vs line 60; Q go +1.38 / stay +1.10; going, and saying so."
34,11,MACHIAVELLIAN,55.71,0.792,neural_forecaster,0.3275,0.1333,0.4399,0.0993,false_go,going,bar,True,False,True,1.0,pride,0.024,0.5,0.5,"Told the town going; town says 42% going. Forecast 56 vs line 60; Q go +0.95 / stay +1.06; going, and saying so."
34,12,GAMBLER,60.04,0.816,neural_forecaster,0.8228,0.0084,0.0978,0.071,honest_go,staying,bar,True,True,True,1.0,pride,0.214,0.5,0.5,"Told the town staying; town says 42% going. Forecast 60 vs line 60; Q go +1.43 / stay +0.62; claiming I'm staying, going anyway."
34,13,PRAGMATIST,55.25,0.85,neural_forecaster,0.0288,0.5251,0.0369,0.4093,honest_stay,staying,bar,True,True,True,1.0,pride,0.22,0.5,0.5,"Told the town staying; town says 42% going. Forecast 55 vs line 60; Q go +0.56 / stay +0.66; claiming I'm staying, going anyway."
34,14,MACHIAVELLIAN,46.84,0.86,neural_forecaster,0.0667,0.2546,0.6527,0.026,false_go,going,home,False,True,True,0.3,envy,0.387,0.5,0.5,"Told the town going; town says 42% going. Forecast 47 vs line 60; Q go +0.43 / stay +1.07; claiming I'm going, staying home."
34,15,CAUTIOUS,45.8,0.851,neural_forecaster,0.0025,0.7749,0.009,0.2137,honest_stay,staying,home,False,False,True,0.3,envy,0.498,0.5,0.5,"Told the town staying; town says 42% going. Forecast 46 vs line 60; Q go +1.11 / stay +1.30; staying home, and saying so."
34,16,GAMBLER,57.62,0.785,neural_forecaster,0.8997,0.0021,0.0716,0.0266,honest_go,going,bar,True,False,False,1.0,pride,0.249,0.5,0.5,"Told the town going; town says 42% going. Forecast 58 vs line 60; Q go +1.50 / stay +0.96; going, and saying so."
34,17,CAUTIOUS,55.3,0.818,neural_forecaster,0.0004,0.9456,0.0452,0.0088,honest_stay,staying,home,False,False,False,0.3,envy,0.286,0.5,0.5,"Told the town staying; town says 42% going. Forecast 55 vs line 60; Q go -0.66 / stay +0.87; staying home, and saying so."
34,18,MACHIAVELLIAN,60.46,0.782,neural_forecaster,0.1147,0.0496,0.8289,0.0069,false_go,going,home,False,True,False,0.3,envy,0.238,0.5,0.5,"Told the town going; town says 42% going. Forecast 60 vs line 60; Q go +0.22 / stay +0.78; claiming I'm going, staying home."
34,19,MACHIAVELLIAN,59.07,0.766,neural_forecaster,0.0096,0.0441,0.9459,0.0004,false_go,going,home,False,True,False,0.3,envy,0.441,0.5,0.5,"Told the town going; town says 42% going. Forecast 59 vs line 60; Q go +0.03 / stay +1.18; claiming I'm going, staying home."
34,20,GAMBLER,43.49,0.807,neural_forecaster,0.5837,0.0474,0.1046,0.2644,honest_go,staying,bar,True,True,True,1.0,pride,0.0,0.5,0.5,"Told the town staying; town says 42% going. Forecast 43 vs line 60; Q go +1.00 / stay +0.28; claiming I'm staying, going anyway."
34,21,GAMBLER,48.52,0.84,neural_forecaster,0.6505,0.0239,0.058,0.2677,honest_go,going,bar,True,False,False,1.0,pride,0.849,0.5,0.5,"Told the town going; town says 42% going. Forecast 49 vs line 60; Q go +2.70 / stay +2.08; going, and saying so."
34,22,CAUTIOUS,53.49,0.831,neural_forecaster,0.0224,0.5552,0.3906,0.0319,honest_stay,going,home,False,True,False,0.3,envy,0.066,0.5,0.5,"Told the town going; town says 42% going. Forecast 53 vs line 60; Q go -0.43 / stay +0.43; claiming I'm going, staying home."
34,23,PRAGMATIST,49.21,0.871,neural_forecaster,0.534,0.0118,0.44,0.0143,honest_go,going,bar,True,False,True,1.0,pride,0.045,0.5,0.5,"Told the town going; town says 42% going. Forecast 49 vs line 60; Q go +0.91 / stay +0.85; going, and saying so."
34,24,STRAIGHT SHOOTER,56.53,0.808,neural_forecaster,0.0005,0.9566,0.0219,0.021,honest_stay,staying,home,False,False,True,0.3,envy,0.305,0.5,0.5,"Told the town staying; town says 42% going. Forecast 57 vs line 60; Q go -0.44 / stay +0.91; staying home, and saying so."
34,25,MACHIAVELLIAN,70.06,0.8,neural_forecaster,0.0468,0.014,0.9385,0.0007,false_go,going,home,False,True,True,0.3,envy,0.527,0.5,0.5,"Told the town going; town says 42% going. Forecast 70 vs line 60; Q go +0.95 / stay +1.35; claiming I'm going, staying home."
34,26,GAMBLER,63.05,0.824,neural_forecaster,0.7232,0.003,0.2657,0.0081,honest_go,going,bar,True,False,True,1.0,pride,0.572,0.5,0.5,"Told the town going; town says 42% going. Forecast 63 vs line 60; Q go +2.14 / stay +2.03; going, and saying so."
34,27,MACHIAVELLIAN,75.71,0.721,neural_forecaster,0.0159,0.3001,0.6769,0.0071,false_go,going,home,False,True,True,0.3,envy,0.349,0.5,0.5,"Told the town going; town says 42% going. Forecast 76 vs line 60; Q go -0.01 / stay +1.00; claiming I'm going, staying home."
34,28,CAUTIOUS,53.73,0.848,neural_forecaster,0.125,0.4046,0.3039,0.1665,honest_stay,staying,bar,True,True,False,1.0,pride,0.326,0.5,0.5,"Told the town staying; town says 42% going. Forecast 54 vs line 60; Q go +0.35 / stay +0.71; claiming I'm staying, going anyway."
34,29,MACHIAVELLIAN,46.91,0.862,neural_forecaster,0.0328,0.3163,0.0163,0.6346,false_stay,staying,bar,True,True,True,1.0,pride,0.008,0.5,0.5,"Told the town staying; town says 42% going. Forecast 47 vs line 60; Q go +0.98 / stay +0.79; claiming I'm staying, going anyway."
34,30,PRAGMATIST,63.14,0.819,neural_forecaster,0.1058,0.4525,0.1912,0.2505,honest_stay,staying,home,False,False,True,0.3,envy,0.226,0.5,0.5,"Told the town staying; town says 42% going. Forecast 63 vs line 60; Q go +0.64 / stay +0.75; staying home, and saying so."
34,31,GAMBLER,49.42,0.83,neural_forecaster,0.8723,0.0016,0.1139,0.0122,honest_go,going,bar,True,False,True,1.0,pride,0.13,0.5,0.5,"Told the town going; town says 42% going. Forecast 49 vs line 60; Q go +1.26 / stay +0.80; going, and saying so."
34,32,MACHIAVELLIAN,51.86,0.836,neural_forecaster,0.2477,0.0633,0.0236,0.6654,false_stay,going,bar,True,False,True,1.0,pride,0.126,0.5,0.5,"Told the town going; town says 42% going. Forecast 52 vs line 60; Q go +0.75 / stay +0.50; going, and saying so."
34,33,CAUTIOUS,64.18,0.821,neural_forecaster,0.005,0.7685,0.2079,0.0185,honest_stay,staying,home,False,False,False,0.3,envy,0.381,0.5,0.5,"Told the town staying; town says 42% going. Forecast 64 vs line 60; Q go -0.75 / stay +1.06; staying home, and saying so."
34,34,GAMBLER,51.83,0.849,neural_forecaster,0.8617,0.004,0.034,0.1004,honest_go,going,bar,True,False,False,1.0,pride,0.235,0.5,0.5,"Told the town going; town says 42% going. Forecast 52 vs line 60; Q go +1.47 / stay +0.49; going, and saying so."
34,35,MACHIAVELLIAN,49.51,0.83,neural_forecaster,0.0098,0.3075,0.6782,0.0045,false_go,going,home,False,True,False,0.3,envy,0.144,0.5,0.5,"Told the town going; town says 42% going. Forecast 50 vs line 60; Q go -0.13 / stay +0.59; claiming I'm going, staying home."
34,36,CAUTIOUS,58.73,0.805,neural_forecaster,0.0649,0.5462,0.2428,0.1461,honest_stay,staying,home,False,False,False,0.3,envy,0.274,0.5,0.5,"Told the town staying; town says 42% going. Forecast 59 vs line 60; Q go +0.56 / stay +0.85; staying home, and saying so."
34,37,CAUTIOUS,59.42,0.837,neural_forecaster,0.0029,0.7695,0.2174,0.0103,honest_stay,going,home,False,True,True,0.3,envy,0.287,0.5,0.5,"Told the town going; town says 42% going. Forecast 59 vs line 60; Q go +0.22 / stay +0.87; claiming I'm going, staying home."
34,38,PRAGMATIST,55.09,0.842,neural_forecaster,0.5099,0.0641,0.3258,0.1003,honest_go,going,bar,True,False,True,1.0,pride,0.239,0.5,0.5,"Told the town going; town says 42% going. Forecast 55 vs line 60; Q go +1.48 / stay +1.31; going, and saying so."
34,39,MACHIAVELLIAN,50.15,0.853,neural_forecaster,0.0133,0.2859,0.0054,0.6954,false_stay,staying,home,False,False,True,0.3,envy,0.667,0.5,0.5,"Told the town staying; town says 42% going. Forecast 50 vs line 60; Q go +1.76 / stay +1.63; staying home, and saying so."
34,40,MACHIAVELLIAN,61.58,0.835,neural_forecaster,0.0234,0.0309,0.0008,0.9449,false_stay,staying,bar,True,True,False,1.0,pride,0.35,0.5,0.5,"Told the town staying; town says 42% going. Forecast 62 vs line 60; Q go +1.70 / stay +1.26; claiming I'm staying, going anyway."
34,41,CAUTIOUS,50.29,0.851,neural_forecaster,0.0125,0.724,0.0407,0.2227,honest_stay,staying,bar,True,True,True,1.0,pride,0.229,0.5,0.5,"Told the town staying; town says 42% going. Forecast 50 vs line 60; Q go +0.54 / stay +0.84; claiming I'm staying, going anyway."
34,42,MACHIAVELLIAN,61.21,0.776,neural_forecaster,0.0286,0.4445,0.0253,0.5017,false_stay,staying,home,False,False,True,0.3,envy,0.25,0.5,0.5,"Told the town staying; town says 42% going. Forecast 61 vs line 60; Q go +0.82 / stay +0.80; staying home, and saying so."
34,43,MACHIAVELLIAN,59.71,0.81,neural_forecaster,0.4229,0.0417,0.5002,0.0352,false_go,going,home,False,True,False,0.3,envy,0.925,0.5,0.5,"Told the town going; town says 42% going. Forecast 60 vs line 60; Q go +2.10 / stay +2.15; claiming I'm going, staying home."
34,44,CAUTIOUS,59.77,0.823,neural_forecaster,0.0004,0.9595,0.0236,0.0165,honest_stay,staying,home,False,False,True,0.3,envy,0.643,0.5,0.5,"Told the town staying; town says 42% going. Forecast 60 vs line 60; Q go +0.51 / stay +1.59; staying home, and saying so."
34,45,GAMBLER,58.13,0.843,neural_forecaster,0.6555,0.0266,0.0707,0.2471,honest_go,going,bar,True,False,True,1.0,pride,0.037,0.5,0.5,"Told the town going; town says 42% going. Forecast 58 vs line 60; Q go +0.93 / stay +0.60; going, and saying so."
34,46,GAMBLER,48.13,0.839,neural_forecaster,0.791,0.0086,0.1574,0.0431,honest_go,staying,bar,True,True,False,1.0,pride,0.475,0.5,0.5,"Told the town staying; town says 42% going. Forecast 48 vs line 60; Q go +1.95 / stay +1.61; claiming I'm staying, going anyway."
34,47,MACHIAVELLIAN,55.26,0.778,neural_forecaster,0.3228,0.013,0.0064,0.6578,false_stay,staying,bar,True,True,False,1.0,pride,0.557,0.5,0.5,"Told the town staying; town says 42% going. Forecast 55 vs line 60; Q go +2.11 / stay +0.75; claiming I'm staying, going anyway."
34,48,MACHIAVELLIAN,51.7,0.84,neural_forecaster,0.2958,0.0731,0.0363,0.5948,false_stay,staying,bar,True,True,True,1.0,pride,0.589,0.5,0.5,"Told the town staying; town says 42% going. Forecast 52 vs line 60; Q go +2.18 / stay +1.31; claiming I'm staying, going anyway."
34,49,GAMBLER,54.5,0.851,neural_forecaster,0.5642,0.0554,0.2601,0.1203,honest_go,staying,bar,True,True,True,1.0,pride,0.327,0.5,0.5,"Told the town staying; town says 42% going. Forecast 54 vs line 60; Q go +0.35 / stay +0.07; claiming I'm staying, going anyway."
34,50,PRAGMATIST,62.09,0.812,neural_forecaster,0.4658,0.0916,0.3006,0.142,honest_go,staying,home,False,False,True,0.3,envy,0.363,0.5,0.5,"Told the town staying; town says 42% going. Forecast 62 vs line 60; Q go +1.20 / stay +1.03; staying home, and saying so."
34,51,MACHIAVELLIAN,52.48,0.837,neural_forecaster,0.0138,0.4606,0.0124,0.5132,false_stay,staying,bar,True,True,False,1.0,pride,0.174,0.5,0.5,"Told the town staying; town says 42% going. Forecast 52 vs line 60; Q go +1.35 / stay +1.34; claiming I'm staying, going anyway."
34,52,MACHIAVELLIAN,60.31,0.826,neural_forecaster,0.1517,0.0657,0.013,0.7697,false_stay,staying,bar,True,True,False,1.0,pride,0.679,0.5,0.5,"Told the town staying; town says 42% going. Forecast 60 vs line 60; Q go +2.36 / stay +1.66; claiming I'm staying, going anyway."
34,53,MACHIAVELLIAN,53.97,0.832,neural_forecaster,0.0224,0.0902,0.0023,0.8851,false_stay,staying,bar,True,True,True,1.0,pride,0.177,0.5,0.5,"Told the town staying; town says 42% going. Forecast 54 vs line 60; Q go +1.35 / stay +0.79; claiming I'm staying, going anyway."
34,54,MACHIAVELLIAN,47.59,0.873,neural_forecaster,0.0384,0.0739,0.0032,0.8845,false_stay,staying,bar,True,True,False,1.0,pride,0.017,0.5,0.5,"Told the town staying; town says 42% going. Forecast 48 vs line 60; Q go +0.97 / stay +0.66; claiming I'm staying, going anyway."
34,55,PRAGMATIST,56.98,0.803,neural_forecaster,0.3905,0.1371,0.2836,0.1888,honest_go,going,home,False,True,True,0.3,envy,0.437,0.5,0.5,"Told the town going; town says 42% going. Forecast 57 vs line 60; Q go +1.25 / stay +1.17; claiming I'm going, staying home."
34,56,MACHIAVELLIAN,54.78,0.844,neural_forecaster,0.042,0.108,0.0054,0.8447,false_stay,staying,home,False,False,False,0.3,envy,0.35,0.5,0.5,"Told the town staying; town says 42% going. Forecast 55 vs line 60; Q go +1.27 / stay +1.00; staying home, and saying so."
34,57,MACHIAVELLIAN,67.83,0.739,neural_forecaster,0.2651,0.0608,0.6492,0.0248,false_go,going,home,False,True,True,0.3,envy,0.319,0.5,0.5,"Told the town going; town says 42% going. Forecast 68 vs line 60; Q go +0.78 / stay +0.94; claiming I'm going, staying home."
34,58,MACHIAVELLIAN,62.6,0.77,neural_forecaster,0.2395,0.1208,0.5907,0.049,false_go,staying,home,False,False,False,0.3,envy,0.248,0.5,0.5,"Told the town staying; town says 42% going. Forecast 63 vs line 60; Q go +0.46 / stay +0.80; staying home, and saying so."
34,59,GAMBLER,52.88,0.785,neural_forecaster,0.9618,0.0003,0.0242,0.0136,honest_go,going,bar,True,False,False,1.0,pride,0.688,0.5,0.5,"Told the town going; town says 42% going. Forecast 53 vs line 60; Q go +2.38 / stay +1.66; going, and saying so."
34,60,GAMBLER,61.54,0.804,neural_forecaster,0.4255,0.1208,0.2193,0.2344,honest_go,going,bar,True,False,False,1.0,pride,0.158,0.5,0.5,"Told the town going; town says 42% going. Forecast 62 vs line 60; Q go +0.68 / stay +0.49; going, and saying so."
34,61,CAUTIOUS,48.52,0.9,neural_forecaster,0.0006,0.9499,0.0204,0.029,honest_stay,staying,home,False,False,True,0.3,envy,0.158,0.5,0.5,"Told the town staying; town says 42% going. Forecast 49 vs line 60; Q go -0.06 / stay +0.62; staying home, and saying so."
34,62,MACHIAVELLIAN,56.39,0.882,neural_forecaster,0.0706,0.4077,0.0627,0.4589,false_stay,staying,home,False,False,True,0.3,envy,0.19,0.5,0.5,"Told the town staying; town says 42% going. Forecast 56 vs line 60; Q go +0.71 / stay +0.68; staying home, and saying so."
34,63,MACHIAVELLIAN,57.22,0.804,neural_forecaster,0.0286,0.008,0.9632,0.0002,false_go,going,home,False,True,True,0.3,envy,0.1,0.5,0.5,"Told the town going; town says 42% going. Forecast 57 vs line 60; Q go +0.14 / stay +0.50; claiming I'm going, staying home."
34,64,GAMBLER,49.12,0.863,neural_forecaster,0.8507,0.0026,0.017,0.1297,honest_go,going,bar,True,False,False,1.0,pride,0.296,0.5,0.5,"Told the town going; town says 42% going. Forecast 49 vs line 60; Q go +1.59 / stay +0.50; going, and saying so."
34,65,GAMBLER,43.67,0.882,neural_forecaster,0.5835,0.0406,0.2959,0.08,honest_go,going,bar,True,False,True,1.0,pride,0.085,0.5,0.5,"Told the town going; town says 42% going. Forecast 44 vs line 60; Q go +0.83 / stay +0.74; going, and saying so."
34,66,MACHIAVELLIAN,46.2,0.896,neural_forecaster,0.0295,0.0329,0.001,0.9366,false_stay,staying,bar,True,True,True,1.0,pride,0.107,0.5,0.5,"Told the town staying; town says 42% going. Forecast 46 vs line 60; Q go +1.21 / stay +0.66; claiming I'm staying, going anyway."
34,67,CAUTIOUS,48.56,0.776,neural_forecaster,0.0062,0.763,0.0226,0.2083,honest_stay,staying,home,False,False,False,0.3,envy,0.664,0.5,0.5,"Told the town staying; town says 42% going. Forecast 49 vs line 60; Q go +1.12 / stay +1.63; staying home, and saying so."
34,68,MACHIAVELLIAN,52.03,0.838,neural_forecaster,0.2515,0.2464,0.2182,0.2839,false_stay,going,home,False,True,True,0.3,envy,0.363,0.5,0.5,"Told the town going; town says 42% going. Forecast 52 vs line 60; Q go +1.07 / stay +1.03; claiming I'm going, staying home."
34,69,MACHIAVELLIAN,50.86,0.83,neural_forecaster,0.1099,0.0522,0.0069,0.8309,false_stay,staying,bar,True,True,False,1.0,pride,0.801,0.5,0.5,"Told the town staying; town says 42% going. Forecast 51 vs line 60; Q go +2.60 / stay +1.39; claiming I'm staying, going anyway."
34,70,MACHIAVELLIAN,55.83,0.824,neural_forecaster,0.1047,0.3848,0.0976,0.4129,false_stay,staying,home,False,False,True,0.3,envy,0.247,0.5,0.5,"Told the town staying; town says 42% going. Forecast 56 vs line 60; Q go +0.82 / stay +0.79; staying home, and saying so."
34,71,CAUTIOUS,51.12,0.885,neural_forecaster,0.0278,0.6752,0.0913,0.2056,honest_stay,going,home,False,True,True,0.3,envy,1.0,0.5,0.5,"Told the town going; town says 42% going. Forecast 51 vs line 60; Q go +1.89 / stay +2.31; claiming I'm going, staying home."
34,72,MACHIAVELLIAN,54.96,0.816,neural_forecaster,0.0121,0.0087,0.9791,0.0001,false_go,going,home,False,True,True,0.3,envy,0.124,0.5,0.5,"Told the town going; town says 42% going. Forecast 55 vs line 60; Q go -0.15 / stay +0.55; claiming I'm going, staying home."
34,73,MACHIAVELLIAN,60.73,0.843,neural_forecaster,0.0176,0.0186,0.9635,0.0003,false_go,going,home,False,True,True,0.3,envy,1.0,0.5,0.5,"Told the town going; town says 42% going. Forecast 61 vs line 60; Q go +1.44 / stay +2.44; claiming I'm going, staying home."
34,74,MACHIAVELLIAN,58.76,0.848,neural_forecaster,0.1067,0.0397,0.8486,0.005,false_go,going,home,False,True,True,0.3,envy,0.537,0.5,0.5,"Told the town going; town says 42% going. Forecast 59 vs line 60; Q go +1.11 / stay +1.37; claiming I'm going, staying home."
34,75,CAUTIOUS,64.01,0.791,neural_forecaster,0.0002,0.9702,0.0187,0.0109,honest_stay,staying,home,False,False,False,0.3,envy,0.019,0.5,0.5,"Told the town staying; town says 42% going. Forecast 64 vs line 60; Q go -0.36 / stay +0.26; staying home, and saying so."
34,76,MACHIAVELLIAN,60.5,0.825,neural_forecaster,0.0396,0.0249,0.9345,0.0011,false_go,going,bar,True,False,False,1.0,pride,0.108,0.5,0.5,"Told the town going; town says 42% going. Forecast 60 vs line 60; Q go +1.22 / stay +1.74; going, and saying so."
34,77,STRAIGHT SHOOTER,68.57,0.777,neural_forecaster,0.0044,0.8721,0.0661,0.0574,honest_stay,staying,home,False,False,True,0.3,envy,0.509,0.5,0.5,"Told the town staying; town says 42% going. Forecast 69 vs line 60; Q go +0.24 / stay +1.32; staying home, and saying so."
34,78,MACHIAVELLIAN,52.68,0.84,neural_forecaster,0.0761,0.1159,0.7969,0.0111,false_go,going,home,False,True,False,0.3,envy,0.406,0.5,0.5,"Told the town going; town says 42% going. Forecast 53 vs line 60; Q go +0.36 / stay +1.11; claiming I'm going, staying home."
34,79,MACHIAVELLIAN,56.75,0.836,neural_forecaster,0.125,0.2184,0.612,0.0446,false_go,staying,bar,True,True,False,1.0,pride,0.34,0.5,0.5,"Told the town staying; town says 42% going. Forecast 57 vs line 60; Q go +0.32 / stay +0.86; claiming I'm staying, going anyway."
34,80,MACHIAVELLIAN,50.08,0.87,neural_forecaster,0.1099,0.0841,0.7943,0.0116,false_go,going,home,False,True,True,0.3,envy,0.181,0.5,0.5,"Told the town going; town says 42% going. Forecast 50 vs line 60; Q go +0.38 / stay +0.66; claiming I'm going, staying home."
34,81,CAUTIOUS,70.62,0.742,neural_forecaster,0.0104,0.7741,0.0479,0.1676,honest_stay,staying,home,False,False,False,0.3,envy,0.49,0.5,0.5,"Told the town staying; town says 42% going. Forecast 71 vs line 60; Q go +0.80 / stay +1.28; staying home, and saying so."
34,82,MACHIAVELLIAN,51.12,0.862,neural_forecaster,0.0158,0.031,0.0005,0.9527,false_stay,staying,bar,True,True,False,1.0,pride,0.121,0.5,0.5,"Told the town staying; town says 42% going. Forecast 51 vs line 60; Q go +1.24 / stay +0.33; claiming I'm staying, going anyway."
34,83,CAUTIOUS,56.13,0.809,neural_forecaster,0.0011,0.8979,0.0104,0.0906,honest_stay,staying,home,False,False,False,0.3,envy,0.418,0.5,0.5,"Told the town staying; town says 42% going. Forecast 56 vs line 60; Q go +0.67 / stay +1.14; staying home, and saying so."
34,84,CAUTIOUS,63.01,0.79,neural_forecaster,0.0727,0.4445,0.4026,0.0802,honest_stay,staying,bar,True,True,True,1.0,pride,0.033,0.5,0.5,"Told the town staying; town says 42% going. Forecast 63 vs line 60; Q go +0.93 / stay +1.59; claiming I'm staying, going anyway."
34,85,GAMBLER,50.98,0.875,neural_forecaster,0.881,0.0034,0.0401,0.0754,honest_go,going,bar,True,False,False,1.0,pride,0.162,0.5,0.5,"Told the town going; town says 42% going. Forecast 51 vs line 60; Q go +1.32 / stay +0.52; going, and saying so."
34,86,MACHIAVELLIAN,58.38,0.852,neural_forecaster,0.0355,0.1008,0.0042,0.8595,false_stay,staying,bar,True,True,True,1.0,pride,0.491,0.5,0.5,"Told the town staying; town says 42% going. Forecast 58 vs line 60; Q go +1.98 / stay +1.68; claiming I'm staying, going anyway."
34,87,CAUTIOUS,56.46,0.801,neural_forecaster,0.0143,0.644,0.0295,0.3122,honest_stay,staying,home,False,False,True,0.3,envy,0.403,0.5,0.5,"Told the town staying; town says 42% going. Forecast 56 vs line 60; Q go +0.89 / stay +1.11; staying home, and saying so."
34,88,CAUTIOUS,76.64,0.717,neural_forecaster,0.0175,0.6392,0.3069,0.0364,honest_stay,staying,home,False,False,True,0.3,envy,0.729,0.5,0.5,"Told the town staying; town says 42% going. Forecast 77 vs line 60; Q go +0.41 / stay +1.76; staying home, and saying so."
34,89,CAUTIOUS,53.31,0.856,neural_forecaster,0.0103,0.6083,0.3643,0.0171,honest_stay,staying,home,False,False,True,0.3,envy,0.372,0.5,0.5,"Told the town staying; town says 42% going. Forecast 53 vs line 60; Q go +0.21 / stay +1.04; staying home, and saying so."
34,90,CAUTIOUS,54.19,0.825,neural_forecaster,0.009,0.6915,0.0224,0.2771,honest_stay,staying,home,False,False,False,0.3,envy,0.248,0.5,0.5,"Told the town staying; town says 42% going. Forecast 54 vs line 60; Q go +0.44 / stay +0.80; staying home, and saying so."
34,91,CAUTIOUS,57.35,0.836,neural_forecaster,0.0045,0.7333,0.2489,0.0133,honest_stay,staying,home,False,False,True,0.3,envy,0.29,0.5,0.5,"Told the town staying; town says 42% going. Forecast 57 vs line 60; Q go -1.13 / stay +0.88; staying home, and saying so."
34,92,MACHIAVELLIAN,46.38,0.825,neural_forecaster,0.0334,0.0887,0.0034,0.8745,false_stay,staying,bar,True,True,False,1.0,pride,0.17,0.5,0.5,"Told the town staying; town says 42% going. Forecast 46 vs line 60; Q go +1.34 / stay +1.02; claiming I'm staying, going anyway."
34,93,MACHIAVELLIAN,55.4,0.831,neural_forecaster,0.2382,0.1193,0.0478,0.5948,false_stay,going,bar,True,False,True,1.0,pride,0.401,0.5,0.5,"Told the town going; town says 42% going. Forecast 55 vs line 60; Q go +1.80 / stay +1.17; going, and saying so."
34,94,GAMBLER,60.2,0.845,neural_forecaster,0.8103,0.0097,0.1067,0.0734,honest_go,going,bar,True,False,True,1.0,pride,0.061,0.5,0.5,"Told the town going; town says 42% going. Forecast 60 vs line 60; Q go +0.88 / stay +0.38; going, and saying so."
34,95,MACHIAVELLIAN,49.98,0.816,neural_forecaster,0.2402,0.0061,0.7517,0.0019,false_go,going,bar,True,False,False,1.0,pride,0.061,0.5,0.5,"Told the town going; town says 42% going. Forecast 50 vs line 60; Q go +0.88 / stay +1.09; going, and saying so."
34,96,CAUTIOUS,54.98,0.837,neural_forecaster,0.0626,0.5307,0.2936,0.1131,honest_stay,staying,home,False,False,False,0.3,envy,0.524,0.5,0.5,"Told the town staying; town says 42% going. Forecast 55 vs line 60; Q go +0.73 / stay +1.35; staying home, and saying so."
34,97,PRAGMATIST,53.98,0.817,neural_forecaster,0.0116,0.5997,0.0189,0.3698,honest_stay,staying,home,False,False,True,0.3,envy,1.0,0.5,0.5,"Told the town staying; town says 42% going. Forecast 54 vs line 60; Q go +2.76 / stay +2.91; staying home, and saying so."
34,98,MACHIAVELLIAN,60.01,0.808,neural_forecaster,0.126,0.0252,0.845,0.0038,false_go,going,home,False,True,True,0.3,envy,0.151,0.5,0.5,"Told the town going; town says 42% going. Forecast 60 vs line 60; Q go -0.09 / stay +0.60; claiming I'm going, staying home."
34,99,CAUTIOUS,64.55,0.821,neural_forecaster,0.0021,0.7625,0.2284,0.007,honest_stay,going,home,False,True,True,0.3,envy,0.973,0.5,0.5,"Told the town going; town says 42% going. Forecast 65 vs line 60; Q go +1.27 / stay +2.25; claiming I'm going, staying home."
34,100,CAUTIOUS,64.87,0.788,neural_forecaster,0.0046,0.8186,0.1518,0.025,honest_stay,staying,home,False,False,False,0.3,envy,0.058,0.5,0.5,"Told the town staying; town says 42% going. Forecast 65 vs line 60; Q go -0.63 / stay +0.42; staying home, and saying so."
35,1,MACHIAVELLIAN,52.27,0.808,neural_forecaster,0.0243,0.0364,0.0009,0.9384,false_stay,staying,bar,True,True,False,1.0,pride,0.472,0.5,0.5,"Told the town staying; town says 46% going. Forecast 52 vs line 60; Q go +1.94 / stay +1.25; claiming I'm staying, going anyway."
35,2,MACHIAVELLIAN,45.03,0.843,neural_forecaster,0.0158,0.0277,0.0005,0.956,false_stay,staying,bar,True,True,True,1.0,pride,0.044,0.5,0.5,"Told the town staying; town says 46% going. Forecast 45 vs line 60; Q go +0.91 / stay +0.27; claiming I'm staying, going anyway."
35,3,STRAIGHT SHOOTER,42.21,0.815,neural_forecaster,0.8992,0.002,0.0236,0.0752,honest_go,going,bar,True,False,True,1.0,pride,1.0,0.5,0.5,"Told the town going; town says 46% going. Forecast 42 vs line 60; Q go +3.18 / stay +1.54; going, and saying so."
35,4,MACHIAVELLIAN,52.65,0.831,neural_forecaster,0.0309,0.0323,0.0011,0.9357,false_stay,staying,bar,True,True,False,1.0,pride,0.78,0.5,0.5,"Told the town staying; town says 46% going. Forecast 53 vs line 60; Q go +2.56 / stay +1.49; claiming I'm staying, going anyway."
35,5,CAUTIOUS,56.8,0.888,neural_forecaster,0.0007,0.9387,0.0459,0.0146,honest_stay,staying,home,False,False,True,0.3,envy,0.398,0.5,0.5,"Told the town staying; town says 46% going. Forecast 57 vs line 60; Q go +0.28 / stay +1.10; staying home, and saying so."
35,6,MACHIAVELLIAN,49.33,0.821,neural_forecaster,0.0449,0.1402,0.0078,0.8071,false_stay,staying,bar,True,True,True,1.0,pride,0.516,0.5,0.5,"Told the town staying; town says 46% going. Forecast 49 vs line 60; Q go +2.03 / stay +1.53; claiming I'm staying, going anyway."
35,7,MACHIAVELLIAN,56.78,0.854,neural_forecaster,0.0441,0.0196,0.9354,0.0009,false_go,going,home,False,True,True,0.3,envy,0.264,0.5,0.5,"Told the town going; town says 46% going. Forecast 57 vs line 60; Q go +0.51 / stay +0.83; claiming I'm going, staying home."
35,8,CAUTIOUS,60.63,0.844,neural_forecaster,0.006,0.8444,0.0525,0.0971,honest_stay,staying,home,False,False,True,0.3,envy,0.366,0.5,0.5,"Told the town staying; town says 46% going. Forecast 61 vs line 60; Q go +0.35 / stay +1.03; staying home, and saying so."
35,9,MACHIAVELLIAN,60.05,0.852,neural_forecaster,0.2327,0.1335,0.0536,0.5802,false_stay,going,bar,True,False,True,1.0,pride,0.134,0.5,0.5,"Told the town going; town says 46% going. Forecast 60 vs line 60; Q go +1.27 / stay +0.79; going, and saying so."
35,10,MACHIAVELLIAN,58.99,0.889,neural_forecaster,0.2862,0.2088,0.1893,0.3156,false_stay,staying,home,False,False,True,0.3,envy,0.358,0.5,0.5,"Told the town staying; town says 46% going. Forecast 59 vs line 60; Q go +1.10 / stay +1.02; staying home, and saying so."
35,11,MACHIAVELLIAN,48.39,0.791,neural_forecaster,0.1381,0.0912,0.0167,0.754,false_stay,going,bar,True,False,False,1.0,pride,0.495,0.5,0.5,"Told the town going; town says 46% going. Forecast 48 vs line 60; Q go +1.99 / stay +1.24; going, and saying so."
35,12,GAMBLER,67.48,0.819,neural_forecaster,0.4781,0.0807,0.12,0.3212,honest_go,going,bar,True,False,False,1.0,pride,0.322,0.5,0.5,"Told the town going; town says 46% going. Forecast 67 vs line 60; Q go +1.64 / stay +1.15; going, and saying so."
35,13,MACHIAVELLIAN,51.21,0.848,neural_forecaster,0.0196,0.2993,0.0087,0.6724,false_stay,staying,bar,True,True,False,1.0,pride,0.156,0.5,0.5,"Told the town staying; town says 46% going. Forecast 51 vs line 60; Q go +1.31 / stay +0.99; claiming I'm staying, going anyway."
35,14,PRAGMATIST,55.21,0.873,neural_forecaster,0.156,0.3477,0.1624,0.3339,honest_stay,going,bar,True,False,True,1.0,pride,0.052,0.5,0.5,"Told the town going; town says 46% going. Forecast 55 vs line 60; Q go +1.10 / stay +1.12; going, and saying so."
35,15,MACHIAVELLIAN,45.94,0.828,neural_forecaster,0.0081,0.2609,0.0029,0.7281,false_stay,staying,bar,True,True,True,1.0,pride,0.048,0.5,0.5,"Told the town staying; town says 46% going. Forecast 46 vs line 60; Q go +1.10 / stay +0.95; claiming I'm staying, going anyway."
35,16,GAMBLER,58.25,0.825,neural_forecaster,0.7337,0.0195,0.1531,0.0937,honest_go,going,home,False,True,True,0.3,envy,0.388,0.5,0.5,"Told the town going; town says 46% going. Forecast 58 vs line 60; Q go +1.39 / stay +1.08; claiming I'm going, staying home."
35,17,CAUTIOUS,56.37,0.844,neural_forecaster,0.0019,0.7888,0.0074,0.2019,honest_stay,staying,bar,True,True,True,1.0,pride,0.078,0.5,0.5,"Told the town staying; town says 46% going. Forecast 56 vs line 60; Q go +0.84 / stay +0.99; claiming I'm staying, going anyway."
35,18,MACHIAVELLIAN,52.69,0.801,neural_forecaster,0.3515,0.0934,0.4879,0.0673,false_go,going,home,False,True,False,0.3,envy,0.198,0.5,0.5,"Told the town going; town says 46% going. Forecast 53 vs line 60; Q go +0.61 / stay +0.70; claiming I'm going, staying home."
35,19,STRAIGHT SHOOTER,59.66,0.811,neural_forecaster,0.0005,0.9549,0.0266,0.0179,honest_stay,staying,home,False,False,False,0.3,envy,0.45,0.5,0.5,"Told the town staying; town says 46% going. Forecast 60 vs line 60; Q go +0.64 / stay +1.20; staying home, and saying so."
35,20,MACHIAVELLIAN,48.62,0.804,neural_forecaster,0.2449,0.2432,0.1787,0.3333,false_stay,staying,bar,True,True,False,1.0,pride,0.211,0.5,0.5,"Told the town staying; town says 46% going. Forecast 49 vs line 60; Q go +0.58 / stay +0.45; claiming I'm staying, going anyway."
35,21,GAMBLER,55.41,0.858,neural_forecaster,0.5295,0.0234,0.0297,0.4174,honest_go,staying,bar,True,True,False,1.0,pride,0.792,0.5,0.5,"Told the town staying; town says 46% going. Forecast 55 vs line 60; Q go +2.58 / stay +1.83; claiming I'm staying, going anyway."
35,22,CAUTIOUS,55.63,0.851,neural_forecaster,0.0326,0.5617,0.3538,0.0518,honest_stay,staying,home,False,False,False,0.3,envy,0.089,0.5,0.5,"Told the town staying; town says 46% going. Forecast 56 vs line 60; Q go -0.19 / stay +0.48; staying home, and saying so."
35,23,CAUTIOUS,67.06,0.864,neural_forecaster,0.019,0.7193,0.0722,0.1895,honest_stay,staying,home,False,False,True,0.3,envy,0.131,0.5,0.5,"Told the town staying; town says 46% going. Forecast 67 vs line 60; Q go +0.12 / stay +0.56; staying home, and saying so."
35,24,STRAIGHT SHOOTER,51.13,0.815,neural_forecaster,0.0004,0.9581,0.0202,0.0212,honest_stay,staying,home,False,False,False,0.3,envy,0.401,0.5,0.5,"Told the town staying; town says 46% going. Forecast 51 vs line 60; Q go +0.08 / stay +1.10; staying home, and saying so."
35,25,MACHIAVELLIAN,59.57,0.838,neural_forecaster,0.0068,0.0849,0.0006,0.9077,false_stay,staying,bar,True,True,True,1.0,pride,0.477,0.5,0.5,"Told the town staying; town says 46% going. Forecast 60 vs line 60; Q go +1.95 / stay +1.65; claiming I'm staying, going anyway."
35,26,MACHIAVELLIAN,54.03,0.839,neural_forecaster,0.0112,0.0182,0.0002,0.9704,false_stay,staying,bar,True,True,False,1.0,pride,0.527,0.5,0.5,"Told the town staying; town says 46% going. Forecast 54 vs line 60; Q go +2.05 / stay +1.52; claiming I'm staying, going anyway."
35,27,GAMBLER,50.02,0.741,neural_forecaster,0.4035,0.1211,0.1503,0.325,honest_go,staying,bar,True,True,True,1.0,pride,0.177,0.5,0.5,"Told the town staying; town says 46% going. Forecast 50 vs line 60; Q go +0.65 / stay +0.42; claiming I'm staying, going anyway."
35,28,CAUTIOUS,62.36,0.865,neural_forecaster,0.0209,0.7173,0.1767,0.085,honest_stay,going,home,False,True,True,0.3,envy,0.214,0.5,0.5,"Told the town going; town says 46% going. Forecast 62 vs line 60; Q go -0.12 / stay +0.73; claiming I'm going, staying home."
35,29,MACHIAVELLIAN,54.63,0.872,neural_forecaster,0.4102,0.0209,0.0155,0.5535,false_stay,going,bar,True,False,False,1.0,pride,0.307,0.5,0.5,"Told the town going; town says 46% going. Forecast 55 vs line 60; Q go +1.61 / stay +0.64; going, and saying so."
35,30,MACHIAVELLIAN,49.96,0.819,neural_forecaster,0.4091,0.0301,0.0229,0.538,false_stay,staying,bar,True,True,True,1.0,pride,0.253,0.5,0.5,"Told the town staying; town says 46% going. Forecast 50 vs line 60; Q go +1.51 / stay +0.92; claiming I'm staying, going anyway."
35,31,MACHIAVELLIAN,51.51,0.834,neural_forecaster,0.2801,0.0173,0.6957,0.0069,false_go,going,bar,True,False,False,1.0,pride,0.185,0.5,0.5,"Told the town going; town says 46% going. Forecast 52 vs line 60; Q go +0.63 / stay +0.82; going, and saying so."
35,32,MACHIAVELLIAN,50.88,0.837,neural_forecaster,0.0567,0.0225,0.9194,0.0014,false_go,going,home,False,True,True,0.3,envy,0.267,0.5,0.5,"Told the town going; town says 46% going. Forecast 51 vs line 60; Q go +0.54 / stay +0.83; claiming I'm going, staying home."
35,33,GAMBLER,51.16,0.826,neural_forecaster,0.7365,0.02,0.1326,0.111,honest_go,going,bar,True,False,True,1.0,pride,0.142,0.5,0.5,"Told the town going; town says 46% going. Forecast 51 vs line 60; Q go +1.28 / stay +0.74; going, and saying so."
35,34,MACHIAVELLIAN,50.79,0.846,neural_forecaster,0.2171,0.0117,0.0033,0.7679,false_stay,staying,bar,True,True,False,1.0,pride,0.952,0.5,0.5,"Told the town staying; town says 46% going. Forecast 51 vs line 60; Q go +2.90 / stay +0.25; claiming I'm staying, going anyway."
35,35,GAMBLER,43.24,0.801,neural_forecaster,0.7546,0.0028,0.0089,0.2337,honest_go,staying,bar,True,True,True,1.0,pride,0.076,0.5,0.5,"Told the town staying; town says 46% going. Forecast 43 vs line 60; Q go +1.15 / stay +0.38; claiming I'm staying, going anyway."
35,36,GAMBLER,50.82,0.811,neural_forecaster,0.7624,0.0138,0.1563,0.0675,honest_go,going,bar,True,False,True,1.0,pride,0.072,0.5,0.5,"Told the town going; town says 46% going. Forecast 51 vs line 60; Q go +0.86 / stay +0.52; going, and saying so."
35,37,GAMBLER,53.3,0.847,neural_forecaster,0.8209,0.0029,0.1617,0.0146,honest_go,going,bar,True,False,True,1.0,pride,0.184,0.5,0.5,"Told the town going; town says 46% going. Forecast 53 vs line 60; Q go +1.37 / stay +1.21; going, and saying so."
35,38,PRAGMATIST,61.35,0.864,neural_forecaster,0.2055,0.2984,0.2634,0.2328,honest_stay,staying,home,False,False,True,0.3,envy,0.658,0.5,0.5,"Told the town staying; town says 46% going. Forecast 61 vs line 60; Q go +1.52 / stay +1.62; staying home, and saying so."
35,39,MACHIAVELLIAN,57.17,0.875,neural_forecaster,0.0144,0.1583,0.0028,0.8244,false_stay,staying,bar,True,True,True,1.0,pride,0.212,0.5,0.5,"Told the town staying; town says 46% going. Forecast 57 vs line 60; Q go +1.42 / stay +1.18; claiming I'm staying, going anyway."
35,40,MACHIAVELLIAN,47.23,0.821,neural_forecaster,0.0229,0.0235,0.0006,0.9531,false_stay,staying,bar,True,True,False,1.0,pride,0.437,0.5,0.5,"Told the town staying; town says 46% going. Forecast 47 vs line 60; Q go +1.87 / stay +1.23; claiming I'm staying, going anyway."
35,41,CAUTIOUS,55.08,0.865,neural_forecaster,0.0299,0.678,0.1136,0.1785,honest_stay,staying,home,False,False,True,0.3,envy,0.305,0.5,0.5,"Told the town staying; town says 46% going. Forecast 55 vs line 60; Q go +0.59 / stay +0.91; staying home, and saying so."
35,42,GAMBLER,55.74,0.808,neural_forecaster,0.8746,0.0022,0.0186,0.1046,honest_go,going,bar,True,False,True,1.0,pride,0.3,0.5,0.5,"Told the town going; town says 46% going. Forecast 56 vs line 60; Q go +1.60 / stay +0.89; going, and saying so."
35,43,STRAIGHT SHOOTER,52.5,0.822,neural_forecaster,0.8895,0.0032,0.0578,0.0495,honest_go,going,bar,True,False,True,1.0,pride,0.769,0.5,0.5,"Told the town going; town says 46% going. Forecast 53 vs line 60; Q go +2.54 / stay +1.67; going, and saying so."
35,44,MACHIAVELLIAN,48.23,0.815,neural_forecaster,0.0161,0.0168,0.0003,0.9669,false_stay,staying,bar,True,True,True,1.0,pride,0.513,0.5,0.5,"Told the town staying; town says 46% going. Forecast 48 vs line 60; Q go +2.03 / stay +1.29; claiming I'm staying, going anyway."
35,45,GAMBLER,60.0,0.87,neural_forecaster,0.6194,0.0115,0.0205,0.3486,honest_go,staying,bar,True,True,False,1.0,pride,0.294,0.5,0.5,"Told the town staying; town says 46% going. Forecast 60 vs line 60; Q go +0.41 / stay -0.19; claiming I'm staying, going anyway."
35,46,MACHIAVELLIAN,62.09,0.859,neural_forecaster,0.0128,0.0129,0.9742,0.0002,false_go,going,home,False,True,True,0.3,envy,0.939,0.5,0.5,"Told the town going; town says 46% going. Forecast 62 vs line 60; Q go +0.51 / stay +2.18; claiming I'm going, staying home."
35,47,GAMBLER,60.28,0.817,neural_forecaster,0.6536,0.0077,0.0155,0.3233,honest_go,staying,bar,True,True,False,1.0,pride,0.494,0.5,0.5,"Told the town staying; town says 46% going. Forecast 60 vs line 60; Q go +1.99 / stay +0.80; claiming I'm staying, going anyway."
35,48,MACHIAVELLIAN,50.15,0.837,neural_forecaster,0.3004,0.1478,0.454,0.0978,false_go,going,bar,True,False,False,1.0,pride,0.275,0.5,0.5,"Told the town going; town says 46% going. Forecast 50 vs line 60; Q go +1.55 / stay +1.71; going, and saying so."
35,49,MACHIAVELLIAN,55.37,0.866,neural_forecaster,0.0444,0.2795,0.0189,0.6572,false_stay,staying,bar,True,True,False,1.0,pride,0.177,0.5,0.5,"Told the town staying; town says 46% going. Forecast 55 vs line 60; Q go +0.65 / stay +0.35; claiming I'm staying, going anyway."
35,50,CAUTIOUS,55.91,0.837,neural_forecaster,0.0187,0.696,0.2283,0.057,honest_stay,going,home,False,True,False,0.3,envy,0.508,0.5,0.5,"Told the town going; town says 46% going. Forecast 56 vs line 60; Q go +0.29 / stay +1.32; claiming I'm going, staying home."
35,51,GAMBLER,53.56,0.848,neural_forecaster,0.9357,0.001,0.0254,0.0379,honest_go,going,home,False,True,True,0.3,envy,0.282,0.5,0.5,"Told the town going; town says 46% going. Forecast 54 vs line 60; Q go +1.60 / stay +0.86; claiming I'm going, staying home."
35,52,MACHIAVELLIAN,54.22,0.841,neural_forecaster,0.2259,0.0896,0.031,0.6536,false_stay,staying,home,False,False,True,0.3,envy,1.0,0.5,0.5,"Told the town staying; town says 46% going. Forecast 54 vs line 60; Q go +2.85 / stay +2.31; staying home, and saying so."
35,53,MACHIAVELLIAN,52.09,0.838,neural_forecaster,0.1772,0.2949,0.1321,0.3957,false_stay,going,bar,True,False,False,1.0,pride,0.023,0.5,0.5,"Told the town going; town says 46% going. Forecast 52 vs line 60; Q go +1.05 / stay +0.98; going, and saying so."
35,54,MACHIAVELLIAN,47.71,0.853,neural_forecaster,0.1267,0.1862,0.0362,0.6509,false_stay,staying,home,False,False,True,0.3,envy,0.144,0.5,0.5,"Told the town staying; town says 46% going. Forecast 48 vs line 60; Q go +0.73 / stay +0.59; staying home, and saying so."
35,55,MACHIAVELLIAN,54.44,0.825,neural_forecaster,0.122,0.3734,0.387,0.1177,false_go,going,bar,True,False,True,1.0,pride,0.152,0.5,0.5,"Told the town going; town says 46% going. Forecast 54 vs line 60; Q go +1.30 / stay +1.58; going, and saying so."
35,56,GAMBLER,52.2,0.848,neural_forecaster,0.4755,0.0963,0.2205,0.2077,honest_go,going,home,False,True,False,0.3,envy,0.364,0.5,0.5,"Told the town going; town says 46% going. Forecast 52 vs line 60; Q go +1.12 / stay +1.03; claiming I'm going, staying home."
35,57,MACHIAVELLIAN,66.99,0.759,neural_forecaster,0.0839,0.0138,0.9009,0.0013,false_go,going,home,False,True,False,0.3,envy,0.161,0.5,0.5,"Told the town going; town says 46% going. Forecast 67 vs line 60; Q go +0.22 / stay +0.62; claiming I'm going, staying home."
35,58,MACHIAVELLIAN,54.57,0.798,neural_forecaster,0.1769,0.3218,0.174,0.3273,false_stay,staying,home,False,False,False,0.3,envy,0.113,0.5,0.5,"Told the town staying; town says 46% going. Forecast 55 vs line 60; Q go +0.53 / stay +0.53; staying home, and saying so."
35,59,MACHIAVELLIAN,55.01,0.812,neural_forecaster,0.2624,0.0791,0.6253,0.0332,false_go,staying,home,False,False,True,0.3,envy,0.863,0.5,0.5,"Told the town staying; town says 46% going. Forecast 55 vs line 60; Q go +1.88 / stay +2.03; staying home, and saying so."
35,60,GAMBLER,54.83,0.826,neural_forecaster,0.5337,0.0296,0.0399,0.3968,honest_go,staying,bar,True,True,False,1.0,pride,0.084,0.5,0.5,"Told the town staying; town says 46% going. Forecast 55 vs line 60; Q go +0.83 / stay +0.03; claiming I'm staying, going anyway."
35,61,MACHIAVELLIAN,62.04,0.908,neural_forecaster,0.123,0.123,0.7334,0.0206,false_go,going,home,False,True,False,0.3,envy,0.382,0.5,0.5,"Told the town going; town says 46% going. Forecast 62 vs line 60; Q go +0.74 / stay +1.06; claiming I'm going, staying home."
35,62,PRAGMATIST,60.75,0.899,neural_forecaster,0.0886,0.471,0.1381,0.3022,honest_stay,staying,home,False,False,False,0.3,envy,0.238,0.5,0.5,"Told the town staying; town says 46% going. Forecast 61 vs line 60; Q go +0.65 / stay +0.78; staying home, and saying so."
35,63,GAMBLER,53.53,0.821,neural_forecaster,0.9711,0.0002,0.0215,0.0073,honest_go,going,bar,True,False,True,1.0,pride,0.111,0.5,0.5,"Told the town going; town says 46% going. Forecast 54 vs line 60; Q go +0.78 / stay +0.39; going, and saying so."
35,64,MACHIAVELLIAN,47.07,0.843,neural_forecaster,0.0977,0.074,0.0088,0.8195,false_stay,staying,bar,True,True,False,1.0,pride,0.131,0.5,0.5,"Told the town staying; town says 46% going. Forecast 47 vs line 60; Q go +1.26 / stay +0.71; claiming I'm staying, going anyway."
35,65,MACHIAVELLIAN,60.79,0.899,neural_forecaster,0.0283,0.0085,0.9629,0.0003,false_go,going,home,False,True,True,0.3,envy,0.135,0.5,0.5,"Told the town going; town says 46% going. Forecast 61 vs line 60; Q go +0.11 / stay +0.57; claiming I'm going, staying home."
35,66,MACHIAVELLIAN,61.22,0.908,neural_forecaster,0.0183,0.0606,0.0012,0.9199,false_stay,staying,home,False,False,True,0.3,envy,0.202,0.5,0.5,"Told the town staying; town says 46% going. Forecast 61 vs line 60; Q go +1.10 / stay +0.70; staying home, and saying so."
35,67,PRAGMATIST,42.17,0.753,neural_forecaster,0.009,0.6276,0.0163,0.3471,honest_stay,staying,home,False,False,False,0.3,envy,0.6,0.5,0.5,"Told the town staying; town says 46% going. Forecast 42 vs line 60; Q go +1.28 / stay +1.50; staying home, and saying so."
35,68,GAMBLER,46.58,0.821,neural_forecaster,0.6077,0.0216,0.0397,0.331,honest_go,going,bar,True,False,True,1.0,pride,0.06,0.5,0.5,"Told the town going; town says 46% going. Forecast 47 vs line 60; Q go +0.88 / stay +0.05; going, and saying so."
35,69,MACHIAVELLIAN,41.32,0.793,neural_forecaster,0.0312,0.4388,0.0273,0.5027,false_stay,staying,bar,True,True,False,1.0,pride,0.249,0.5,0.5,"Told the town staying; town says 46% going. Forecast 41 vs line 60; Q go +1.50 / stay +1.45; claiming I'm staying, going anyway."
35,70,MACHIAVELLIAN,60.82,0.852,neural_forecaster,0.1204,0.2953,0.069,0.5153,false_stay,going,home,False,True,False,0.3,envy,0.675,0.5,0.5,"Told the town going; town says 46% going. Forecast 61 vs line 60; Q go +1.83 / stay +1.65; claiming I'm going, staying home."
35,71,MACHIAVELLIAN,53.06,0.885,neural_forecaster,0.2496,0.1277,0.0563,0.5665,false_stay,staying,bar,True,True,True,1.0,pride,1.0,0.5,0.5,"Told the town staying; town says 46% going. Forecast 53 vs line 60; Q go +3.05 / stay +2.52; claiming I'm staying, going anyway."
35,72,MACHIAVELLIAN,50.04,0.817,neural_forecaster,0.0108,0.0199,0.0002,0.9691,false_stay,staying,bar,True,True,True,1.0,pride,0.168,0.5,0.5,"Told the town staying; town says 46% going. Forecast 50 vs line 60; Q go +1.34 / stay +0.80; claiming I'm staying, going anyway."
35,73,MACHIAVELLIAN,49.59,0.837,neural_forecaster,0.0238,0.0178,0.0004,0.9579,false_stay,staying,bar,True,True,True,1.0,pride,0.863,0.5,0.5,"Told the town staying; town says 46% going. Forecast 50 vs line 60; Q go +2.73 / stay +1.83; claiming I'm staying, going anyway."
35,74,GAMBLER,44.53,0.82,neural_forecaster,0.9672,0.0003,0.0163,0.0163,honest_go,going,bar,True,False,True,1.0,pride,0.638,0.5,0.5,"Told the town going; town says 46% going. Forecast 45 vs line 60; Q go +2.28 / stay +1.03; going, and saying so."
35,75,MACHIAVELLIAN,52.14,0.805,neural_forecaster,0.0404,0.0064,0.9529,0.0003,false_go,going,home,False,True,False,0.3,envy,0.254,0.5,0.5,"Told the town going; town says 46% going. Forecast 52 vs line 60; Q go +0.44 / stay +0.81; claiming I'm going, staying home."
35,76,STRAIGHT SHOOTER,57.34,0.854,neural_forecaster,0.0007,0.9465,0.0201,0.0327,honest_stay,staying,home,False,False,True,0.3,envy,0.742,0.5,0.5,"Told the town staying; town says 46% going. Forecast 57 vs line 60; Q go +1.22 / stay +1.78; staying home, and saying so."
35,77,MACHIAVELLIAN,40.43,0.748,neural_forecaster,0.3722,0.0433,0.029,0.5555,false_stay,going,bar,True,False,True,1.0,pride,0.605,0.5,0.5,"Told the town going; town says 46% going. Forecast 40 vs line 60; Q go +2.21 / stay +1.24; going, and saying so."
35,78,MACHIAVELLIAN,42.42,0.806,neural_forecaster,0.0372,0.2302,0.0119,0.7208,false_stay,staying,bar,True,True,True,1.0,pride,0.121,0.5,0.5,"Told the town staying; town says 46% going. Forecast 42 vs line 60; Q go +1.24 / stay +0.89; claiming I'm staying, going anyway."
35,79,PRAGMATIST,54.81,0.852,neural_forecaster,0.4491,0.0709,0.4004,0.0795,honest_go,going,home,False,True,True,0.3,envy,0.149,0.5,0.5,"Told the town going; town says 46% going. Forecast 55 vs line 60; Q go +0.63 / stay +0.60; claiming I'm going, staying home."
35,80,GAMBLER,39.18,0.816,neural_forecaster,0.9826,0.0001,0.0093,0.008,honest_go,going,bar,True,False,True,1.0,pride,0.277,0.5,0.5,"Told the town going; town says 46% going. Forecast 39 vs line 60; Q go +1.55 / stay +0.67; going, and saying so."
35,81,GAMBLER,67.0,0.762,neural_forecaster,0.528,0.0219,0.0274,0.4227,honest_go,going,bar,True,False,True,1.0,pride,0.336,0.5,0.5,"Told the town going; town says 46% going. Forecast 67 vs line 60; Q go +1.67 / stay +0.65; going, and saying so."
35,82,MACHIAVELLIAN,49.44,0.851,neural_forecaster,0.0387,0.1318,0.0062,0.8233,false_stay,staying,home,False,False,True,0.3,envy,0.184,0.5,0.5,"Told the town staying; town says 46% going. Forecast 49 vs line 60; Q go +1.08 / stay +0.67; staying home, and saying so."
35,83,PRAGMATIST,55.31,0.833,neural_forecaster,0.0054,0.5158,0.0058,0.473,honest_stay,staying,home,False,False,False,0.3,envy,0.364,0.5,0.5,"Told the town staying; town says 46% going. Forecast 55 vs line 60; Q go +1.01 / stay +1.03; staying home, and saying so."
35,84,CAUTIOUS,58.38,0.83,neural_forecaster,0.1215,0.422,0.2562,0.2002,honest_stay,staying,home,False,False,True,0.3,envy,0.666,0.5,0.5,"Told the town staying; town says 46% going. Forecast 58 vs line 60; Q go +1.36 / stay +1.63; staying home, and saying so."
35,85,MACHIAVELLIAN,57.59,0.895,neural_forecaster,0.3445,0.1213,0.4391,0.0952,false_go,going,bar,True,False,False,1.0,pride,0.139,0.5,0.5,"Told the town going; town says 46% going. Forecast 58 vs line 60; Q go +0.72 / stay +0.78; going, and saying so."
35,86,CAUTIOUS,55.08,0.866,neural_forecaster,0.0243,0.6899,0.0824,0.2034,honest_stay,staying,bar,True,True,False,1.0,pride,0.084,0.5,0.5,"Told the town staying; town says 46% going. Forecast 55 vs line 60; Q go +1.17 / stay +1.33; claiming I'm staying, going anyway."
35,87,MACHIAVELLIAN,57.46,0.835,neural_forecaster,0.0314,0.1346,0.0051,0.8289,false_stay,staying,bar,True,True,True,1.0,pride,0.419,0.5,0.5,"Told the town staying; town says 46% going. Forecast 57 vs line 60; Q go +1.84 / stay +1.30; claiming I'm staying, going anyway."
35,88,MACHIAVELLIAN,50.36,0.739,neural_forecaster,0.0229,0.2507,0.008,0.7183,false_stay,staying,bar,True,True,True,1.0,pride,0.7,0.5,0.5,"Told the town staying; town says 46% going. Forecast 50 vs line 60; Q go +2.40 / stay +1.98; claiming I'm staying, going anyway."
35,89,CAUTIOUS,55.61,0.871,neural_forecaster,0.1037,0.4373,0.3151,0.1439,honest_stay,going,home,False,True,False,0.3,envy,0.221,0.5,0.5,"Told the town going; town says 46% going. Forecast 56 vs line 60; Q go +0.55 / stay +0.74; claiming I'm going, staying home."
35,90,CAUTIOUS,53.97,0.84,neural_forecaster,0.0051,0.8427,0.037,0.1153,honest_stay,staying,home,False,False,False,0.3,envy,0.592,0.5,0.5,"Told the town staying; town says 46% going. Forecast 54 vs line 60; Q go +0.71 / stay +1.48; staying home, and saying so."
35,91,GAMBLER,59.17,0.868,neural_forecaster,0.7161,0.0201,0.1868,0.077,honest_go,going,bar,True,False,True,1.0,pride,0.276,0.5,0.5,"Told the town going; town says 46% going. Forecast 59 vs line 60; Q go +1.55 / stay +1.12; going, and saying so."
35,92,GAMBLER,53.45,0.838,neural_forecaster,0.9443,0.0008,0.0314,0.0235,honest_go,going,bar,True,False,False,1.0,pride,0.453,0.5,0.5,"Told the town going; town says 46% going. Forecast 53 vs line 60; Q go +1.91 / stay +1.34; going, and saying so."
35,93,PRAGMATIST,53.73,0.844,neural_forecaster,0.1042,0.4071,0.1129,0.3758,honest_stay,staying,home,False,False,True,0.3,envy,0.437,0.5,0.5,"Told the town staying; town says 46% going. Forecast 54 vs line 60; Q go +1.14 / stay +1.17; staying home, and saying so."
35,94,PRAGMATIST,57.85,0.872,neural_forecaster,0.3519,0.1647,0.2204,0.263,honest_go,going,home,False,True,True,0.3,envy,0.283,0.5,0.5,"Told the town going; town says 46% going. Forecast 58 vs line 60; Q go +0.97 / stay +0.87; claiming I'm going, staying home."
35,95,GAMBLER,57.51,0.847,neural_forecaster,0.9601,0.0002,0.0343,0.0053,honest_go,going,bar,True,False,False,1.0,pride,0.285,0.5,0.5,"Told the town going; town says 46% going. Forecast 58 vs line 60; Q go +1.57 / stay +0.94; going, and saying so."
35,96,GAMBLER,59.39,0.868,neural_forecaster,0.7892,0.0064,0.1755,0.0289,honest_go,going,bar,True,False,True,1.0,pride,0.475,0.5,0.5,"Told the town going; town says 46% going. Forecast 59 vs line 60; Q go +1.95 / stay +1.36; going, and saying so."
35,97,STRAIGHT SHOOTER,39.8,0.777,neural_forecaster,0.9282,0.0012,0.0249,0.0456,honest_go,going,bar,True,False,True,1.0,pride,1.0,0.5,0.5,"Told the town going; town says 46% going. Forecast 40 vs line 60; Q go +3.70 / stay +1.87; going, and saying so."
35,98,CAUTIOUS,59.29,0.845,neural_forecaster,0.0312,0.6653,0.1994,0.1041,honest_stay,going,home,False,True,False,0.3,envy,0.175,0.5,0.5,"Told the town going; town says 46% going. Forecast 59 vs line 60; Q go +0.00 / stay +0.65; claiming I'm going, staying home."
35,99,MACHIAVELLIAN,52.07,0.829,neural_forecaster,0.0061,0.1275,0.0009,0.8655,false_stay,staying,home,False,False,False,0.3,envy,0.591,0.5,0.5,"Told the town staying; town says 46% going. Forecast 52 vs line 60; Q go +1.79 / stay +1.48; staying home, and saying so."
35,100,MACHIAVELLIAN,40.14,0.755,neural_forecaster,0.2865,0.1096,0.0575,0.5464,false_stay,going,bar,True,False,True,1.0,pride,0.096,0.5,0.5,"Told the town going; town says 46% going. Forecast 40 vs line 60; Q go +1.19 / stay +0.87; going, and saying so."
36,1,CAUTIOUS,61.63,0.837,neural_forecaster,0.0012,0.9326,0.0358,0.0304,honest_stay,staying,home,False,False,True,0.3,hope,0.347,0.5,0.5,"Told the town staying; town says 40% going. Forecast 62 vs line 60; Q go +0.23 / stay +0.99; staying home, and saying so."
36,2,CAUTIOUS,53.22,0.831,neural_forecaster,0.0004,0.9599,0.0127,0.027,honest_stay,staying,home,False,False,True,0.3,hope,0.168,0.5,0.5,"Told the town staying; town says 40% going. Forecast 53 vs line 60; Q go +0.01 / stay +0.64; staying home, and saying so."
36,3,GAMBLER,57.19,0.825,neural_forecaster,0.7824,0.005,0.192,0.0205,honest_go,going,bar,True,False,False,-1.0,frustration,1.0,0.5,0.5,"Told the town going; town says 40% going. Forecast 57 vs line 60; Q go +2.11 / stay +1.75; going, and saying so."
36,4,MACHIAVELLIAN,54.35,0.826,neural_forecaster,0.0648,0.0391,0.0028,0.8932,false_stay,staying,bar,True,True,False,-1.0,frustration,1.0,0.5,0.5,"Told the town staying; town says 40% going. Forecast 54 vs line 60; Q go +2.44 / stay +1.56; claiming I'm staying, going anyway."
36,5,MACHIAVELLIAN,64.61,0.908,neural_forecaster,0.359,0.0082,0.6281,0.0047,false_go,going,home,False,True,False,0.3,hope,0.189,0.5,0.5,"Told the town going; town says 40% going. Forecast 65 vs line 60; Q go +0.60 / stay +0.68; claiming I'm going, staying home."
36,6,MACHIAVELLIAN,56.93,0.829,neural_forecaster,0.3558,0.1093,0.0868,0.448,false_stay,staying,bar,True,True,False,-1.0,frustration,1.0,0.5,0.5,"Told the town staying; town says 40% going. Forecast 57 vs line 60; Q go +1.95 / stay +1.57; claiming I'm staying, going anyway."
36,7,MACHIAVELLIAN,64.6,0.881,neural_forecaster,0.0934,0.0227,0.0024,0.8815,false_stay,staying,bar,True,True,True,-1.0,frustration,0.872,0.5,0.5,"Told the town staying; town says 40% going. Forecast 65 vs line 60; Q go +0.74 / stay +0.32; claiming I'm staying, going anyway."
36,8,PRAGMATIST,51.66,0.826,neural_forecaster,0.0145,0.5917,0.0231,0.3708,honest_stay,staying,home,False,False,False,0.3,hope,0.133,0.5,0.5,"Told the town staying; town says 40% going. Forecast 52 vs line 60; Q go +0.43 / stay +0.57; staying home, and saying so."
36,9,CAUTIOUS,57.26,0.855,neural_forecaster,0.1016,0.4629,0.2362,0.1992,honest_stay,going,home,False,True,True,0.3,hope,0.115,0.5,0.5,"Told the town going; town says 40% going. Forecast 57 vs line 60; Q go +0.27 / stay +0.53; claiming I'm going, staying home."
36,10,MACHIAVELLIAN,58.81,0.89,neural_forecaster,0.2466,0.2018,0.1135,0.4381,false_stay,going,bar,True,False,True,-1.0,frustration,1.0,0.5,0.5,"Told the town going; town says 40% going. Forecast 59 vs line 60; Q go +1.40 / stay +1.25; going, and saying so."
36,11,MACHIAVELLIAN,47.44,0.767,neural_forecaster,0.0351,0.4531,0.0332,0.4787,false_stay,staying,home,False,False,True,0.3,hope,0.777,0.5,0.5,"Told the town staying; town says 40% going. Forecast 47 vs line 60; Q go +1.87 / stay +1.85; staying home, and saying so."
36,12,MACHIAVELLIAN,62.49,0.849,neural_forecaster,0.1552,0.0847,0.0177,0.7425,false_stay,going,bar,True,False,False,-1.0,frustration,1.0,0.5,0.5,"Told the town going; town says 40% going. Forecast 62 vs line 60; Q go +2.17 / stay +1.39; going, and saying so."
36,13,MACHIAVELLIAN,50.63,0.825,neural_forecaster,0.0212,0.0854,0.002,0.8914,false_stay,staying,bar,True,True,False,-1.0,frustration,1.0,0.5,0.5,"Told the town staying; town says 40% going. Forecast 51 vs line 60; Q go +2.39 / stay +1.44; claiming I'm staying, going anyway."
36,14,MACHIAVELLIAN,57.38,0.872,neural_forecaster,0.032,0.0223,0.9449,0.0008,false_go,staying,home,False,False,True,0.3,hope,0.547,0.5,0.5,"Told the town staying; town says 40% going. Forecast 57 vs line 60; Q go +0.31 / stay +1.39; staying home, and saying so."
36,15,MACHIAVELLIAN,49.23,0.804,neural_forecaster,0.01,0.067,0.0007,0.9223,false_stay,staying,bar,True,True,False,-1.0,frustration,1.0,0.5,0.5,"Told the town staying; town says 40% going. Forecast 49 vs line 60; Q go +1.67 / stay +1.30; claiming I'm staying, going anyway."
36,16,CAUTIOUS,58.7,0.838,neural_forecaster,0.0321,0.6348,0.0806,0.2526,honest_stay,staying,home,False,False,False,0.3,hope,0.545,0.5,0.5,"Told the town staying; town says 40% going. Forecast 59 vs line 60; Q go +1.21 / stay +1.39; staying home, and saying so."
36,17,CAUTIOUS,53.74,0.834,neural_forecaster,0.0035,0.8552,0.1157,0.0256,honest_stay,staying,home,False,False,True,0.3,hope,0.367,0.5,0.5,"Told the town staying; town says 40% going. Forecast 54 vs line 60; Q go +0.65 / stay +1.03; staying home, and saying so."
36,18,GAMBLER,52.41,0.794,neural_forecaster,0.848,0.0048,0.11,0.0372,honest_go,going,bar,True,False,True,-1.0,frustration,1.0,0.5,0.5,"Told the town going; town says 40% going. Forecast 52 vs line 60; Q go +1.60 / stay +1.07; going, and saying so."
36,19,STRAIGHT SHOOTER,57.56,0.823,neural_forecaster,0.9771,0.0001,0.0092,0.0136,honest_go,going,bar,True,False,True,-1.0,frustration,1.0,0.5,0.5,"Told the town going; town says 40% going. Forecast 58 vs line 60; Q go +2.96 / stay +1.05; going, and saying so."
36,20,MACHIAVELLIAN,49.77,0.786,neural_forecaster,0.0782,0.2387,0.0285,0.6546,false_stay,staying,bar,True,True,False,-1.0,frustration,1.0,0.5,0.5,"Told the town staying; town says 40% going. Forecast 50 vs line 60; Q go +1.15 / stay +0.77; claiming I'm staying, going anyway."
36,21,MACHIAVELLIAN,55.99,0.854,neural_forecaster,0.1376,0.0482,0.806,0.0082,false_go,going,home,False,True,True,0.3,hope,0.515,0.5,0.5,"Told the town going; town says 40% going. Forecast 56 vs line 60; Q go +0.93 / stay +1.33; claiming I'm going, staying home."
36,22,CAUTIOUS,52.2,0.834,neural_forecaster,0.0187,0.5754,0.3775,0.0285,honest_stay,going,home,False,True,False,0.3,hope,0.1,0.5,0.5,"Told the town going; town says 40% going. Forecast 52 vs line 60; Q go -0.36 / stay +0.50; claiming I'm going, staying home."
36,23,MACHIAVELLIAN,56.92,0.863,neural_forecaster,0.3397,0.1104,0.4701,0.0798,false_go,staying,home,False,False,False,0.3,hope,0.32,0.5,0.5,"Told the town staying; town says 40% going. Forecast 57 vs line 60; Q go +0.84 / stay +0.94; staying home, and saying so."
36,24,STRAIGHT SHOOTER,62.03,0.844,neural_forecaster,0.001,0.933,0.0191,0.0469,honest_stay,staying,home,False,False,False,0.3,hope,0.178,0.5,0.5,"Told the town staying; town says 40% going. Forecast 62 vs line 60; Q go +0.15 / stay +0.66; staying home, and saying so."
36,25,CAUTIOUS,57.89,0.846,neural_forecaster,0.0012,0.8231,0.006,0.1696,honest_stay,staying,home,False,False,True,0.3,hope,0.542,0.5,0.5,"Told the town staying; town says 40% going. Forecast 58 vs line 60; Q go +1.19 / stay +1.38; staying home, and saying so."
36,26,MACHIAVELLIAN,55.0,0.835,neural_forecaster,0.0324,0.2552,0.0118,0.7007,false_stay,staying,bar,True,True,False,-1.0,frustration,1.0,0.5,0.5,"Told the town staying; town says 40% going. Forecast 55 vs line 60; Q go +1.65 / stay +1.54; claiming I'm staying, going anyway."
36,27,MACHIAVELLIAN,54.65,0.756,neural_forecaster,0.0257,0.0597,0.9129,0.0017,false_go,going,home,False,True,True,0.3,hope,0.606,0.5,0.5,"Told the town going; town says 40% going. Forecast 55 vs line 60; Q go +0.64 / stay +1.51; claiming I'm going, staying home."
36,28,CAUTIOUS,55.29,0.857,neural_forecaster,0.0014,0.8914,0.0131,0.0942,honest_stay,staying,bar,True,True,True,-1.0,frustration,0.491,0.5,0.5,"Told the town staying; town says 40% going. Forecast 55 vs line 60; Q go -0.02 / stay +0.85; claiming I'm staying, going anyway."
36,29,CAUTIOUS,59.28,0.879,neural_forecaster,0.0013,0.8781,0.0106,0.11,honest_stay,staying,home,False,False,True,0.3,hope,0.283,0.5,0.5,"Told the town staying; town says 40% going. Forecast 59 vs line 60; Q go +0.30 / stay +0.87; staying home, and saying so."
36,30,GAMBLER,44.35,0.776,neural_forecaster,0.9456,0.0005,0.0424,0.0115,honest_go,going,bar,True,False,False,-1.0,frustration,1.0,0.5,0.5,"Told the town going; town says 40% going. Forecast 44 vs line 60; Q go +1.36 / stay +0.75; going, and saying so."
36,31,MACHIAVELLIAN,55.63,0.834,neural_forecaster,0.0558,0.0115,0.932,0.0007,false_go,going,home,False,True,True,0.3,hope,0.004,0.5,0.5,"Told the town going; town says 40% going. Forecast 56 vs line 60; Q go -0.30 / stay +0.31; claiming I'm going, staying home."
36,32,GAMBLER,59.76,0.852,neural_forecaster,0.9529,0.0006,0.0222,0.0243,honest_go,going,bar,True,False,True,-1.0,frustration,1.0,0.5,0.5,"Told the town going; town says 40% going. Forecast 60 vs line 60; Q go +1.68 / stay +0.85; going, and saying so."
36,33,GAMBLER,43.84,0.78,neural_forecaster,0.8765,0.0033,0.0872,0.0331,honest_go,going,bar,True,False,False,-1.0,frustration,1.0,0.5,0.5,"Told the town going; town says 40% going. Forecast 44 vs line 60; Q go +1.33 / stay +0.60; going, and saying so."
36,34,GAMBLER,59.92,0.861,neural_forecaster,0.8496,0.0043,0.1145,0.0316,honest_go,staying,bar,True,True,False,-1.0,frustration,0.97,0.5,0.5,"Told the town staying; town says 40% going. Forecast 60 vs line 60; Q go +0.94 / stay +0.42; claiming I'm staying, going anyway."
36,35,MACHIAVELLIAN,56.58,0.811,neural_forecaster,0.022,0.0259,0.0006,0.9515,false_stay,staying,bar,True,True,False,-1.0,frustration,0.938,0.5,0.5,"Told the town staying; town says 40% going. Forecast 57 vs line 60; Q go +0.88 / stay +0.35; claiming I'm staying, going anyway."
36,36,GAMBLER,55.0,0.813,neural_forecaster,0.6602,0.0077,0.3161,0.016,honest_go,going,bar,True,False,False,-1.0,frustration,0.818,0.5,0.5,"Told the town going; town says 40% going. Forecast 55 vs line 60; Q go +0.64 / stay +0.49; going, and saying so."
36,37,CAUTIOUS,62.52,0.872,neural_forecaster,0.0001,0.9768,0.0117,0.0114,honest_stay,staying,home,False,False,True,0.3,hope,0.314,0.5,0.5,"Told the town staying; town says 40% going. Forecast 63 vs line 60; Q go -0.20 / stay +0.93; staying home, and saying so."
36,38,PRAGMATIST,51.7,0.842,neural_forecaster,0.6146,0.0083,0.3631,0.014,honest_go,going,bar,True,False,True,-1.0,frustration,1.0,0.5,0.5,"Told the town going; town says 40% going. Forecast 52 vs line 60; Q go +1.58 / stay +1.39; going, and saying so."
36,39,MACHIAVELLIAN,61.71,0.891,neural_forecaster,0.0164,0.0166,0.0003,0.9667,false_stay,staying,bar,True,True,False,-1.0,frustration,1.0,0.5,0.5,"Told the town staying; town says 40% going. Forecast 62 vs line 60; Q go +2.56 / stay +1.39; claiming I'm staying, going anyway."
36,40,GAMBLER,58.83,0.836,neural_forecaster,0.9242,0.0012,0.0215,0.0531,honest_go,going,bar,True,False,False,-1.0,frustration,1.0,0.5,0.5,"Told the town going; town says 40% going. Forecast 59 vs line 60; Q go +2.67 / stay +1.48; going, and saying so."
36,41,MACHIAVELLIAN,46.58,0.823,neural_forecaster,0.1237,0.1405,0.0244,0.7114,false_stay,staying,bar,True,True,True,-1.0,frustration,1.0,0.5,0.5,"Told the town staying; town says 40% going. Forecast 47 vs line 60; Q go +1.15 / stay +0.77; claiming I'm staying, going anyway."
36,42,GAMBLER,51.61,0.797,neural_forecaster,0.882,0.0016,0.1023,0.0141,honest_go,going,bar,True,False,False,-1.0,frustration,1.0,0.5,0.5,"Told the town going; town says 40% going. Forecast 52 vs line 60; Q go +1.13 / stay +0.79; going, and saying so."
36,43,STRAIGHT SHOOTER,55.79,0.825,neural_forecaster,0.9417,0.0007,0.0143,0.0434,honest_go,going,bar,True,False,False,-1.0,frustration,1.0,0.5,0.5,"Told the town going; town says 40% going. Forecast 56 vs line 60; Q go +2.98 / stay +1.36; going, and saying so."
36,44,MACHIAVELLIAN,58.6,0.83,neural_forecaster,0.0128,0.1895,0.0031,0.7946,false_stay,staying,bar,True,True,False,-1.0,frustration,1.0,0.5,0.5,"Told the town staying; town says 40% going. Forecast 59 vs line 60; Q go +1.54 / stay +1.39; claiming I'm staying, going anyway."
36,45,GAMBLER,61.08,0.885,neural_forecaster,0.668,0.0074,0.0161,0.3085,honest_go,going,bar,True,False,False,-1.0,frustration,1.0,0.5,0.5,"Told the town going; town says 40% going. Forecast 61 vs line 60; Q go +1.88 / stay +0.59; going, and saying so."
36,46,MACHIAVELLIAN,61.69,0.878,neural_forecaster,0.0206,0.1872,0.7872,0.0049,false_go,going,home,False,True,False,0.3,hope,0.586,0.5,0.5,"Told the town going; town says 40% going. Forecast 62 vs line 60; Q go +0.66 / stay +1.47; claiming I'm going, staying home."
36,47,MACHIAVELLIAN,59.45,0.836,neural_forecaster,0.3678,0.1172,0.41,0.1051,false_go,going,bar,True,False,False,-1.0,frustration,0.988,0.5,0.5,"Told the town going; town says 40% going. Forecast 59 vs line 60; Q go +0.98 / stay +1.00; going, and saying so."
36,48,CAUTIOUS,53.88,0.829,neural_forecaster,0.0759,0.5157,0.1536,0.2549,honest_stay,staying,home,False,False,True,0.3,hope,0.752,0.5,0.5,"Told the town staying; town says 40% going. Forecast 54 vs line 60; Q go +1.54 / stay +1.80; staying home, and saying so."
36,49,MACHIAVELLIAN,65.45,0.887,neural_forecaster,0.0307,0.1324,0.0049,0.8319,false_stay,staying,home,False,False,True,0.3,hope,0.168,0.5,0.5,"Told the town staying; town says 40% going. Forecast 65 vs line 60; Q go +1.27 / stay +0.64; staying home, and saying so."
36,50,MACHIAVELLIAN,50.61,0.816,neural_forecaster,0.2799,0.1809,0.1211,0.4182,false_stay,staying,home,False,False,False,0.3,hope,0.596,0.5,0.5,"Told the town staying; town says 40% going. Forecast 51 vs line 60; Q go +1.80 / stay +1.49; staying home, and saying so."
36,51,MACHIAVELLIAN,55.25,0.843,neural_forecaster,0.0238,0.0301,0.0008,0.9454,false_stay,staying,bar,True,True,True,-1.0,frustration,1.0,0.5,0.5,"Told the town staying; town says 40% going. Forecast 55 vs line 60; Q go +1.60 / stay +1.08; claiming I'm staying, going anyway."
36,52,CAUTIOUS,53.02,0.829,neural_forecaster,0.0003,0.9626,0.0158,0.0212,honest_stay,staying,home,False,False,False,0.3,hope,1.0,0.5,0.5,"Told the town staying; town says 40% going. Forecast 53 vs line 60; Q go +1.85 / stay +3.11; staying home, and saying so."
36,53,GAMBLER,48.46,0.808,neural_forecaster,0.8193,0.0024,0.1666,0.0117,honest_go,going,home,False,True,True,0.3,hope,0.316,0.5,0.5,"Told the town going; town says 40% going. Forecast 48 vs line 60; Q go +1.29 / stay +0.93; claiming I'm going, staying home."
36,54,MACHIAVELLIAN,59.6,0.865,neural_forecaster,0.4,0.0076,0.0052,0.5872,false_stay,staying,bar,True,True,True,-1.0,frustration,1.0,0.5,0.5,"Told the town staying; town says 40% going. Forecast 60 vs line 60; Q go +1.15 / stay +0.26; claiming I'm staying, going anyway."
36,55,MACHIAVELLIAN,61.34,0.849,neural_forecaster,0.2828,0.0221,0.6861,0.0091,false_go,going,home,False,True,True,0.3,hope,0.687,0.5,0.5,"Told the town going; town says 40% going. Forecast 61 vs line 60; Q go +1.47 / stay +1.67; claiming I'm going, staying home."
36,56,CAUTIOUS,51.77,0.829,neural_forecaster,0.0066,0.8404,0.059,0.094,honest_stay,staying,home,False,False,False,0.3,hope,0.182,0.5,0.5,"Told the town staying; town says 40% going. Forecast 52 vs line 60; Q go +0.39 / stay +0.66; staying home, and saying so."
36,57,PRAGMATIST,52.63,0.762,neural_forecaster,0.331,0.1802,0.235,0.2538,honest_go,going,home,False,True,False,0.3,hope,0.36,0.5,0.5,"Told the town going; town says 40% going. Forecast 53 vs line 60; Q go +1.08 / stay +1.02; claiming I'm going, staying home."
36,58,MACHIAVELLIAN,50.14,0.783,neural_forecaster,0.016,0.476,0.0154,0.4926,false_stay,staying,bar,True,True,True,-1.0,frustration,0.877,0.5,0.5,"Told the town staying; town says 40% going. Forecast 50 vs line 60; Q go +0.75 / stay +0.74; claiming I'm staying, going anyway."
36,59,GAMBLER,52.26,0.802,neural_forecaster,0.9572,0.0004,0.0315,0.0109,honest_go,going,bar,True,False,True,-1.0,frustration,1.0,0.5,0.5,"Told the town going; town says 40% going. Forecast 52 vs line 60; Q go +1.68 / stay +1.08; going, and saying so."
36,60,PRAGMATIST,62.83,0.856,neural_forecaster,0.3839,0.1264,0.3519,0.1379,honest_go,staying,bar,True,True,False,-1.0,frustration,0.614,0.5,0.5,"Told the town staying; town says 40% going. Forecast 63 vs line 60; Q go +0.23 / stay +0.20; claiming I'm staying, going anyway."
36,61,MACHIAVELLIAN,54.02,0.886,neural_forecaster,0.1667,0.0121,0.8187,0.0025,false_go,going,bar,True,False,True,-1.0,frustration,0.815,0.5,0.5,"Told the town going; town says 40% going. Forecast 54 vs line 60; Q go +0.63 / stay +0.91; going, and saying so."
36,62,PRAGMATIST,60.65,0.906,neural_forecaster,0.2129,0.29,0.2464,0.2506,honest_stay,staying,bar,True,True,True,-1.0,frustration,1.0,0.5,0.5,"Told the town staying; town says 40% going. Forecast 61 vs line 60; Q go +1.06 / stay +1.10; claiming I'm staying, going anyway."
36,63,MACHIAVELLIAN,44.06,0.777,neural_forecaster,0.0105,0.0073,0.0001,0.9821,false_stay,staying,bar,True,True,False,-1.0,frustration,1.0,0.5,0.5,"Told the town staying; town says 40% going. Forecast 44 vs line 60; Q go +1.67 / stay +0.92; claiming I'm staying, going anyway."
36,64,MACHIAVELLIAN,50.08,0.818,neural_forecaster,0.1302,0.0711,0.0118,0.7869,false_stay,staying,bar,True,True,False,-1.0,frustration,1.0,0.5,0.5,"Told the town staying; town says 40% going. Forecast 50 vs line 60; Q go +1.51 / stay +0.97; claiming I'm staying, going anyway."
36,65,MACHIAVELLIAN,47.93,0.855,neural_forecaster,0.0165,0.0146,0.0002,0.9687,false_stay,staying,bar,True,True,True,-1.0,frustration,1.0,0.5,0.5,"Told the town staying; town says 40% going. Forecast 48 vs line 60; Q go +1.18 / stay +0.60; claiming I'm staying, going anyway."
36,66,MACHIAVELLIAN,55.61,0.893,neural_forecaster,0.0161,0.0418,0.0007,0.9414,false_stay,staying,bar,True,True,True,-1.0,frustration,1.0,0.5,0.5,"Told the town staying; town says 40% going. Forecast 56 vs line 60; Q go +1.46 / stay +1.00; claiming I'm staying, going anyway."
36,67,MACHIAVELLIAN,50.06,0.747,neural_forecaster,0.0131,0.2604,0.0047,0.7217,false_stay,staying,home,False,False,False,0.3,hope,0.592,0.5,0.5,"Told the town staying; town says 40% going. Forecast 50 vs line 60; Q go +1.86 / stay +1.48; staying home, and saying so."
36,68,MACHIAVELLIAN,51.52,0.807,neural_forecaster,0.4084,0.0226,0.0167,0.5524,false_stay,going,bar,True,False,False,-1.0,frustration,1.0,0.5,0.5,"Told the town going; town says 40% going. Forecast 52 vs line 60; Q go +1.72 / stay +0.69; going, and saying so."
36,69,CAUTIOUS,55.16,0.799,neural_forecaster,0.0092,0.8109,0.1149,0.065,honest_stay,staying,home,False,False,True,0.3,hope,0.537,0.5,0.5,"Told the town staying; town says 40% going. Forecast 55 vs line 60; Q go +0.37 / stay +1.37; staying home, and saying so."
36,70,MACHIAVELLIAN,55.5,0.848,neural_forecaster,0.053,0.0928,0.0058,0.8485,false_stay,staying,bar,True,True,True,-1.0,frustration,1.0,0.5,0.5,"Told the town staying; town says 40% going. Forecast 56 vs line 60; Q go +1.42 / stay +0.69; claiming I'm staying, going anyway."
36,71,MACHIAVELLIAN,52.48,0.862,neural_forecaster,0.1802,0.2881,0.1288,0.4029,false_stay,staying,bar,True,True,False,-1.0,frustration,1.0,0.5,0.5,"Told the town staying; town says 40% going. Forecast 52 vs line 60; Q go +3.14 / stay +3.02; claiming I'm staying, going anyway."
36,72,GAMBLER,56.03,0.822,neural_forecaster,0.8181,0.0015,0.1733,0.0071,honest_go,going,bar,True,False,False,-1.0,frustration,0.893,0.5,0.5,"Told the town going; town says 40% going. Forecast 56 vs line 60; Q go +0.79 / stay +0.60; going, and saying so."
36,73,MACHIAVELLIAN,53.24,0.826,neural_forecaster,0.0718,0.1373,0.0127,0.7782,false_stay,staying,bar,True,True,False,-1.0,frustration,1.0,0.5,0.5,"Told the town staying; town says 40% going. Forecast 53 vs line 60; Q go +2.43 / stay +2.17; claiming I'm staying, going anyway."
36,74,MACHIAVELLIAN,57.7,0.831,neural_forecaster,0.0195,0.1529,0.0036,0.8239,false_stay,staying,home,False,False,True,0.3,hope,0.392,0.5,0.5,"Told the town staying; town says 40% going. Forecast 58 vs line 60; Q go +1.29 / stay +1.08; staying home, and saying so."
36,75,GAMBLER,52.99,0.8,neural_forecaster,0.9775,0.0001,0.0153,0.0071,honest_go,going,bar,True,False,True,-1.0,frustration,1.0,0.5,0.5,"Told the town going; town says 40% going. Forecast 53 vs line 60; Q go +1.44 / stay +0.93; going, and saying so."
36,76,STRAIGHT SHOOTER,55.03,0.847,neural_forecaster,0.0011,0.9301,0.0214,0.0473,honest_stay,staying,home,False,False,False,0.3,hope,0.835,0.5,0.5,"Told the town staying; town says 40% going. Forecast 55 vs line 60; Q go +1.53 / stay +1.97; staying home, and saying so."
36,77,MACHIAVELLIAN,48.08,0.734,neural_forecaster,0.1201,0.3501,0.0971,0.4327,false_stay,staying,bar,True,True,False,-1.0,frustration,1.0,0.5,0.5,"Told the town staying; town says 40% going. Forecast 48 vs line 60; Q go +1.26 / stay +1.18; claiming I'm staying, going anyway."
36,78,GAMBLER,51.95,0.796,neural_forecaster,0.4676,0.0892,0.1357,0.3075,honest_go,staying,home,False,False,True,0.3,hope,0.401,0.5,0.5,"Told the town staying; town says 40% going. Forecast 52 vs line 60; Q go +1.47 / stay +1.10; staying home, and saying so."
36,79,CAUTIOUS,57.61,0.856,neural_forecaster,0.0785,0.5052,0.2687,0.1476,honest_stay,staying,bar,True,True,True,-1.0,frustration,0.598,0.5,0.5,"Told the town staying; town says 40% going. Forecast 58 vs line 60; Q go +0.20 / stay +0.59; claiming I'm staying, going anyway."
36,80,GAMBLER,47.57,0.787,neural_forecaster,0.9833,0.0001,0.0088,0.0078,honest_go,going,bar,True,False,False,-1.0,frustration,1.0,0.5,0.5,"Told the town going; town says 40% going. Forecast 48 vs line 60; Q go +1.60 / stay +0.72; going, and saying so."
36,81,MACHIAVELLIAN,50.96,0.757,neural_forecaster,0.0654,0.027,0.0019,0.9056,false_stay,staying,home,False,False,True,0.3,hope,0.185,0.5,0.5,"Told the town staying; town says 40% going. Forecast 51 vs line 60; Q go +2.16 / stay +0.67; staying home, and saying so."
36,82,PRAGMATIST,55.31,0.846,neural_forecaster,0.4749,0.0885,0.2932,0.1434,honest_go,going,home,False,True,False,0.3,hope,0.327,0.5,0.5,"Told the town going; town says 40% going. Forecast 55 vs line 60; Q go +1.06 / stay +0.95; claiming I'm going, staying home."
36,83,MACHIAVELLIAN,49.01,0.806,neural_forecaster,0.0168,0.0496,0.0009,0.9327,false_stay,staying,bar,True,True,True,-1.0,frustration,1.0,0.5,0.5,"Told the town staying; town says 40% going. Forecast 49 vs line 60; Q go +1.43 / stay +0.85; claiming I'm staying, going anyway."
36,84,MACHIAVELLIAN,53.76,0.823,neural_forecaster,0.441,0.0514,0.4581,0.0495,false_go,going,bar,True,False,True,-1.0,frustration,1.0,0.5,0.5,"Told the town going; town says 40% going. Forecast 54 vs line 60; Q go +1.27 / stay +1.29; going, and saying so."
36,85,MACHIAVELLIAN,56.29,0.885,neural_forecaster,0.0091,0.0384,0.0004,0.9521,false_stay,staying,bar,True,True,False,-1.0,frustration,1.0,0.5,0.5,"Told the town staying; town says 40% going. Forecast 56 vs line 60; Q go +1.67 / stay +0.88; claiming I'm staying, going anyway."
36,86,MACHIAVELLIAN,56.8,0.864,neural_forecaster,0.0355,0.0308,0.0012,0.9325,false_stay,staying,bar,True,True,False,-1.0,frustration,1.0,0.5,0.5,"Told the town staying; town says 40% going. Forecast 57 vs line 60; Q go +2.94 / stay +2.41; claiming I'm staying, going anyway."
36,87,MACHIAVELLIAN,56.15,0.836,neural_forecaster,0.0621,0.3686,0.0436,0.5257,false_stay,staying,bar,True,True,False,-1.0,frustration,1.0,0.5,0.5,"Told the town staying; town says 40% going. Forecast 56 vs line 60; Q go +1.14 / stay +1.04; claiming I'm staying, going anyway."
36,88,MACHIAVELLIAN,46.04,0.719,neural_forecaster,0.2742,0.1013,0.0482,0.5764,false_stay,going,bar,True,False,False,-1.0,frustration,1.0,0.5,0.5,"Told the town going; town says 40% going. Forecast 46 vs line 60; Q go +2.43 / stay +1.75; going, and saying so."
36,89,MACHIAVELLIAN,64.5,0.895,neural_forecaster,0.0267,0.1737,0.7938,0.0058,false_go,going,home,False,True,False,0.3,hope,0.193,0.5,0.5,"Told the town going; town says 40% going. Forecast 64 vs line 60; Q go -0.00 / stay +0.69; claiming I'm going, staying home."
36,90,MACHIAVELLIAN,47.1,0.805,neural_forecaster,0.1307,0.068,0.0113,0.79,false_stay,staying,bar,True,True,True,-1.0,frustration,1.0,0.5,0.5,"Told the town staying; town says 40% going. Forecast 47 vs line 60; Q go +2.57 / stay +1.62; claiming I'm staying, going anyway."
36,91,GAMBLER,57.75,0.869,neural_forecaster,0.6512,0.0141,0.3045,0.0302,honest_go,staying,bar,True,True,False,-1.0,frustration,0.835,0.5,0.5,"Told the town staying; town says 40% going. Forecast 58 vs line 60; Q go +0.67 / stay +0.43; claiming I'm staying, going anyway."
36,92,GAMBLER,52.17,0.823,neural_forecaster,0.9005,0.0018,0.0757,0.022,honest_go,going,bar,True,False,False,-1.0,frustration,1.0,0.5,0.5,"Told the town going; town says 40% going. Forecast 52 vs line 60; Q go +1.48 / stay +1.16; going, and saying so."
36,93,CAUTIOUS,54.04,0.835,neural_forecaster,0.0109,0.7973,0.0737,0.1181,honest_stay,staying,home,False,False,False,0.3,hope,0.518,0.5,0.5,"Told the town staying; town says 40% going. Forecast 54 vs line 60; Q go +0.63 / stay +1.34; staying home, and saying so."
36,94,GAMBLER,54.75,0.86,neural_forecaster,0.8194,0.0049,0.0271,0.1486,honest_go,going,bar,True,False,True,-1.0,frustration,1.0,0.5,0.5,"Told the town going; town says 40% going. Forecast 55 vs line 60; Q go +1.70 / stay +0.76; going, and saying so."
36,95,GAMBLER,58.58,0.856,neural_forecaster,0.9131,0.0011,0.0714,0.0143,honest_go,going,bar,True,False,False,-1.0,frustration,1.0,0.5,0.5,"Told the town going; town says 40% going. Forecast 59 vs line 60; Q go +1.24 / stay +0.79; going, and saying so."
36,96,GAMBLER,53.74,0.853,neural_forecaster,0.402,0.1133,0.1274,0.3573,honest_go,staying,bar,True,True,False,-1.0,frustration,1.0,0.5,0.5,"Told the town staying; town says 40% going. Forecast 54 vs line 60; Q go +1.88 / stay +1.45; claiming I'm staying, going anyway."
36,97,GAMBLER,50.31,0.767,neural_forecaster,0.6494,0.0096,0.0194,0.3216,honest_go,going,bar,True,False,False,-1.0,frustration,1.0,0.5,0.5,"Told the town going; town says 40% going. Forecast 50 vs line 60; Q go +4.12 / stay +2.68; going, and saying so."
36,98,MACHIAVELLIAN,56.49,0.846,neural_forecaster,0.0362,0.1493,0.0067,0.8077,false_stay,staying,bar,True,True,True,-1.0,frustration,1.0,0.5,0.5,"Told the town staying; town says 40% going. Forecast 56 vs line 60; Q go +1.35 / stay +0.78; claiming I'm staying, going anyway."
36,99,MACHIAVELLIAN,53.65,0.822,neural_forecaster,0.0942,0.2881,0.0476,0.57,false_stay,staying,bar,True,True,True,-1.0,frustration,1.0,0.5,0.5,"Told the town staying; town says 40% going. Forecast 54 vs line 60; Q go +1.89 / stay +1.79; claiming I'm staying, going anyway."
36,100,GAMBLER,51.48,0.754,neural_forecaster,0.8401,0.0036,0.0226,0.1336,honest_go,going,bar,True,False,False,-1.0,frustration,1.0,0.5,0.5,"Told the town going; town says 40% going. Forecast 51 vs line 60; Q go +1.86 / stay +0.76; going, and saying so."
37,1,MACHIAVELLIAN,67.92,0.842,neural_forecaster,0.0345,0.0283,0.9361,0.001,false_go,going,home,False,True,False,0.3,hope,0.318,0.5,0.5,"Told the town going; town says 48% going. Forecast 68 vs line 60; Q go +0.28 / stay +0.94; claiming I'm going, staying home."
37,2,MACHIAVELLIAN,53.06,0.833,neural_forecaster,0.0132,0.0124,0.0002,0.9742,false_stay,staying,bar,True,True,True,-1.0,frustration,1.0,0.5,0.5,"Told the town staying; town says 48% going. Forecast 53 vs line 60; Q go +1.75 / stay +0.67; claiming I'm staying, going anyway."
37,3,GAMBLER,53.15,0.828,neural_forecaster,0.714,0.0103,0.2458,0.0299,honest_go,going,home,False,True,True,0.3,hope,0.785,0.5,0.5,"Told the town going; town says 48% going. Forecast 53 vs line 60; Q go +2.14 / stay +1.87; claiming I'm going, staying home."
37,4,PRAGMATIST,59.72,0.856,neural_forecaster,0.182,0.3272,0.2192,0.2716,honest_stay,staying,home,False,False,True,0.3,hope,0.573,0.5,0.5,"Told the town staying; town says 48% going. Forecast 60 vs line 60; Q go +1.40 / stay +1.45; staying home, and saying so."
37,5,MACHIAVELLIAN,50.58,0.885,neural_forecaster,0.2666,0.0096,0.0036,0.7202,false_stay,staying,bar,True,True,True,-1.0,frustration,1.0,0.5,0.5,"Told the town staying; town says 48% going. Forecast 51 vs line 60; Q go +1.93 / stay +1.06; claiming I'm staying, going anyway."
37,6,PRAGMATIST,54.81,0.838,neural_forecaster,0.4909,0.014,0.4809,0.0142,honest_go,going,bar,True,False,False,-1.0,frustration,1.0,0.5,0.5,"Told the town going; town says 48% going. Forecast 55 vs line 60; Q go +1.00 / stay +1.00; going, and saying so."
37,7,MACHIAVELLIAN,61.88,0.901,neural_forecaster,0.0158,0.0325,0.9511,0.0005,false_go,going,home,False,True,True,0.3,hope,0.719,0.5,0.5,"Told the town going; town says 48% going. Forecast 62 vs line 60; Q go -0.11 / stay +1.74; claiming I'm going, staying home."
37,8,MACHIAVELLIAN,51.22,0.822,neural_forecaster,0.0291,0.2762,0.0118,0.6829,false_stay,staying,bar,True,True,True,-1.0,frustration,0.987,0.5,0.5,"Told the town staying; town says 48% going. Forecast 51 vs line 60; Q go +0.97 / stay +0.72; claiming I'm staying, going anyway."
37,9,PRAGMATIST,49.81,0.839,neural_forecaster,0.5245,0.0408,0.3781,0.0566,honest_go,going,bar,True,False,True,-1.0,frustration,0.933,0.5,0.5,"Told the town going; town says 48% going. Forecast 50 vs line 60; Q go +0.87 / stay +0.77; going, and saying so."
37,10,MACHIAVELLIAN,57.08,0.896,neural_forecaster,0.4895,0.0095,0.4915,0.0095,false_go,going,home,False,True,True,0.3,hope,0.589,0.5,0.5,"Told the town going; town says 48% going. Forecast 57 vs line 60; Q go +1.48 / stay +1.48; claiming I'm going, staying home."
37,11,MACHIAVELLIAN,53.77,0.785,neural_forecaster,0.0777,0.3479,0.5227,0.0517,false_go,staying,bar,True,True,True,-1.0,frustration,1.0,0.5,0.5,"Told the town staying; town says 48% going. Forecast 54 vs line 60; Q go +1.29 / stay +1.92; claiming I'm staying, going anyway."
37,12,MACHIAVELLIAN,57.41,0.865,neural_forecaster,0.405,0.0934,0.0925,0.4091,false_stay,staying,bar,True,True,False,-1.0,frustration,1.0,0.5,0.5,"Told the town staying; town says 48% going. Forecast 57 vs line 60; Q go +1.64 / stay +1.14; claiming I'm staying, going anyway."
37,13,MACHIAVELLIAN,47.39,0.806,neural_forecaster,0.0188,0.1703,0.004,0.807,false_stay,staying,bar,True,True,False,-1.0,frustration,1.0,0.5,0.5,"Told the town staying; town says 48% going. Forecast 47 vs line 60; Q go +1.56 / stay +0.98; claiming I'm staying, going anyway."
37,14,GAMBLER,53.08,0.866,neural_forecaster,0.9203,0.0013,0.0569,0.0215,honest_go,going,home,False,True,False,0.3,hope,0.547,0.5,0.5,"Told the town going; town says 48% going. Forecast 53 vs line 60; Q go +2.14 / stay +1.39; claiming I'm going, staying home."
37,15,PRAGMATIST,52.45,0.809,neural_forecaster,0.0048,0.5353,0.0056,0.4543,honest_stay,staying,home,False,False,True,0.3,hope,0.398,0.5,0.5,"Told the town staying; town says 48% going. Forecast 52 vs line 60; Q go +1.07 / stay +1.10; staying home, and saying so."
37,16,MACHIAVELLIAN,52.45,0.837,neural_forecaster,0.2715,0.0505,0.0208,0.6572,false_stay,staying,bar,True,True,True,-1.0,frustration,1.0,0.5,0.5,"Told the town staying; town says 48% going. Forecast 52 vs line 60; Q go +1.66 / stay +1.17; claiming I'm staying, going anyway."
37,17,CAUTIOUS,48.94,0.819,neural_forecaster,0.0001,0.9743,0.0083,0.0172,honest_stay,staying,home,False,False,False,0.3,hope,0.406,0.5,0.5,"Told the town staying; town says 48% going. Forecast 49 vs line 60; Q go +0.67 / stay +1.11; staying home, and saying so."
37,18,GAMBLER,50.7,0.794,neural_forecaster,0.6772,0.0153,0.2689,0.0386,honest_go,staying,bar,True,True,False,-1.0,frustration,1.0,0.5,0.5,"Told the town staying; town says 48% going. Forecast 51 vs line 60; Q go +1.09 / stay +0.86; claiming I'm staying, going anyway."
37,19,STRAIGHT SHOOTER,55.81,0.837,neural_forecaster,0.9238,0.0008,0.0634,0.0119,honest_go,going,bar,True,False,False,-1.0,frustration,1.0,0.5,0.5,"Told the town going; town says 48% going. Forecast 56 vs line 60; Q go +1.29 / stay +0.98; going, and saying so."
37,20,MACHIAVELLIAN,48.67,0.78,neural_forecaster,0.04,0.1825,0.0095,0.7679,false_stay,staying,bar,True,True,False,-1.0,frustration,1.0,0.5,0.5,"Told the town staying; town says 48% going. Forecast 49 vs line 60; Q go +1.26 / stay +0.72; claiming I'm staying, going anyway."
37,21,MACHIAVELLIAN,62.02,0.879,neural_forecaster,0.0258,0.0743,0.8977,0.0021,false_go,going,home,False,True,False,0.3,hope,0.2,0.5,0.5,"Told the town going; town says 48% going. Forecast 62 vs line 60; Q go -0.36 / stay +0.70; claiming I'm going, staying home."
37,22,CAUTIOUS,52.49,0.833,neural_forecaster,0.0233,0.4957,0.4557,0.0253,honest_stay,going,home,False,True,False,0.3,hope,0.086,0.5,0.5,"Told the town going; town says 48% going. Forecast 52 vs line 60; Q go -0.35 / stay +0.47; claiming I'm going, staying home."
37,23,GAMBLER,56.36,0.872,neural_forecaster,0.4884,0.0754,0.1143,0.3219,honest_go,staying,bar,True,True,True,-1.0,frustration,1.0,0.5,0.5,"Told the town staying; town says 48% going. Forecast 56 vs line 60; Q go +1.07 / stay +0.62; claiming I'm staying, going anyway."
37,24,MACHIAVELLIAN,53.74,0.846,neural_forecaster,0.019,0.0226,0.0004,0.958,false_stay,staying,bar,True,True,True,-1.0,frustration,1.0,0.5,0.5,"Told the town staying; town says 48% going. Forecast 54 vs line 60; Q go +1.45 / stay +0.66; claiming I'm staying, going anyway."
37,25,MACHIAVELLIAN,47.21,0.821,neural_forecaster,0.0068,0.0088,0.0001,0.9843,false_stay,staying,bar,True,True,True,-1.0,frustration,1.0,0.5,0.5,"Told the town staying; town says 48% going. Forecast 47 vs line 60; Q go +2.34 / stay +1.64; claiming I'm staying, going anyway."
37,26,MACHIAVELLIAN,60.95,0.868,neural_forecaster,0.1669,0.0084,0.823,0.0017,false_go,going,home,False,True,True,0.3,hope,0.758,0.5,0.5,"Told the town going; town says 48% going. Forecast 61 vs line 60; Q go +1.64 / stay +1.82; claiming I'm going, staying home."
37,27,GAMBLER,53.66,0.775,neural_forecaster,0.7282,0.0138,0.2104,0.0477,honest_go,going,bar,True,False,True,-1.0,frustration,1.0,0.5,0.5,"Told the town going; town says 48% going. Forecast 54 vs line 60; Q go +1.83 / stay +1.56; going, and saying so."
37,28,CAUTIOUS,66.61,0.863,neural_forecaster,0.0005,0.9504,0.0142,0.0349,honest_stay,staying,home,False,False,True,0.3,hope,0.207,0.5,0.5,"Told the town staying; town says 48% going. Forecast 67 vs line 60; Q go -0.61 / stay +0.71; staying home, and saying so."
37,29,MACHIAVELLIAN,41.99,0.827,neural_forecaster,0.0805,0.0173,0.0015,0.9007,false_stay,staying,bar,True,True,True,-1.0,frustration,1.0,0.5,0.5,"Told the town staying; town says 48% going. Forecast 42 vs line 60; Q go +2.28 / stay +1.07; claiming I'm staying, going anyway."
37,30,GAMBLER,62.53,0.815,neural_forecaster,0.9053,0.0015,0.0181,0.0751,honest_go,going,bar,True,False,False,-1.0,frustration,1.0,0.5,0.5,"Told the town going; town says 48% going. Forecast 63 vs line 60; Q go +1.09 / stay +0.25; going, and saying so."
37,31,MACHIAVELLIAN,57.04,0.851,neural_forecaster,0.0113,0.134,0.0018,0.8529,false_stay,staying,bar,True,True,True,-1.0,frustration,0.778,0.5,0.5,"Told the town staying; town says 48% going. Forecast 57 vs line 60; Q go +0.56 / stay +0.18; claiming I'm staying, going anyway."
37,32,MACHIAVELLIAN,51.23,0.843,neural_forecaster,0.0217,0.0215,0.0005,0.9563,false_stay,staying,bar,True,True,False,-1.0,frustration,1.0,0.5,0.5,"Told the town staying; town says 48% going. Forecast 51 vs line 60; Q go +1.72 / stay +0.52; claiming I'm staying, going anyway."
37,33,GAMBLER,43.36,0.753,neural_forecaster,0.8572,0.0029,0.1185,0.0213,honest_go,going,bar,True,False,False,-1.0,frustration,1.0,0.5,0.5,"Told the town going; town says 48% going. Forecast 43 vs line 60; Q go +1.39 / stay +0.79; going, and saying so."
37,34,CAUTIOUS,47.75,0.836,neural_forecaster,0.0101,0.5908,0.3837,0.0155,honest_stay,going,home,False,True,True,0.3,hope,0.199,0.5,0.5,"Told the town going; town says 48% going. Forecast 48 vs line 60; Q go -0.36 / stay +0.70; claiming I'm going, staying home."
37,35,MACHIAVELLIAN,52.72,0.816,neural_forecaster,0.0299,0.008,0.0003,0.9618,false_stay,staying,bar,True,True,False,-1.0,frustration,1.0,0.5,0.5,"Told the town staying; town says 48% going. Forecast 53 vs line 60; Q go +1.63 / stay +0.66; claiming I'm staying, going anyway."
37,36,MACHIAVELLIAN,54.85,0.826,neural_forecaster,0.3717,0.0374,0.5663,0.0246,false_go,going,bar,True,False,False,-1.0,frustration,0.77,0.5,0.5,"Told the town going; town says 48% going. Forecast 55 vs line 60; Q go +0.54 / stay +0.62; going, and saying so."
37,37,CAUTIOUS,59.95,0.893,neural_forecaster,0.0041,0.6343,0.3541,0.0074,honest_stay,staying,home,False,False,False,0.3,hope,0.303,0.5,0.5,"Told the town staying; town says 48% going. Forecast 60 vs line 60; Q go +0.23 / stay +0.91; staying home, and saying so."
37,38,MACHIAVELLIAN,59.53,0.868,neural_forecaster,0.0566,0.3752,0.0403,0.5279,false_stay,staying,bar,True,True,False,-1.0,frustration,1.0,0.5,0.5,"Told the town staying; town says 48% going. Forecast 60 vs line 60; Q go +1.71 / stay +1.59; claiming I'm staying, going anyway."
37,39,MACHIAVELLIAN,59.39,0.906,neural_forecaster,0.1583,0.0182,0.0035,0.82,false_stay,staying,bar,True,True,False,-1.0,frustration,1.0,0.5,0.5,"Told the town staying; town says 48% going. Forecast 59 vs line 60; Q go +1.59 / stay +0.92; claiming I'm staying, going anyway."
37,40,PRAGMATIST,51.62,0.832,neural_forecaster,0.607,0.0084,0.371,0.0137,honest_go,going,bar,True,False,False,-1.0,frustration,1.0,0.5,0.5,"Told the town going; town says 48% going. Forecast 52 vs line 60; Q go +1.17 / stay +1.12; going, and saying so."
37,41,STRAIGHT SHOOTER,58.35,0.847,neural_forecaster,0.8793,0.0034,0.037,0.0803,honest_go,going,bar,True,False,False,-1.0,frustration,1.0,0.5,0.5,"Told the town going; town says 48% going. Forecast 58 vs line 60; Q go +1.74 / stay +0.94; going, and saying so."
37,42,MACHIAVELLIAN,57.29,0.823,neural_forecaster,0.0391,0.0371,0.0016,0.9222,false_stay,going,bar,True,False,False,-1.0,frustration,1.0,0.5,0.5,"Told the town going; town says 48% going. Forecast 57 vs line 60; Q go +1.32 / stay +0.81; going, and saying so."
37,43,GAMBLER,61.04,0.86,neural_forecaster,0.5689,0.0595,0.1599,0.2117,honest_go,going,bar,True,False,False,-1.0,frustration,1.0,0.5,0.5,"Told the town going; town says 48% going. Forecast 61 vs line 60; Q go +2.13 / stay +1.77; going, and saying so."
37,44,MACHIAVELLIAN,50.61,0.823,neural_forecaster,0.0151,0.0183,0.0003,0.9663,false_stay,staying,bar,True,True,False,-1.0,frustration,1.0,0.5,0.5,"Told the town staying; town says 48% going. Forecast 51 vs line 60; Q go +1.63 / stay +1.08; claiming I'm staying, going anyway."
37,45,MACHIAVELLIAN,60.77,0.907,neural_forecaster,0.1075,0.0207,0.8693,0.0026,false_go,going,home,False,True,True,0.3,hope,0.181,0.5,0.5,"Told the town going; town says 48% going. Forecast 61 vs line 60; Q go +0.39 / stay +0.66; claiming I'm going, staying home."
37,46,MACHIAVELLIAN,50.19,0.859,neural_forecaster,0.0919,0.0142,0.0015,0.8924,false_stay,staying,bar,True,True,True,-1.0,frustration,1.0,0.5,0.5,"Told the town staying; town says 48% going. Forecast 50 vs line 60; Q go +2.35 / stay +1.32; claiming I'm staying, going anyway."
37,47,GAMBLER,47.08,0.813,neural_forecaster,0.7405,0.0075,0.2274,0.0246,honest_go,going,home,False,True,True,0.3,hope,0.686,0.5,0.5,"Told the town going; town says 48% going. Forecast 47 vs line 60; Q go +1.97 / stay +1.67; claiming I'm going, staying home."
37,48,GAMBLER,49.75,0.818,neural_forecaster,0.7127,0.0231,0.1003,0.1639,honest_go,going,bar,True,False,True,-1.0,frustration,1.0,0.5,0.5,"Told the town going; town says 48% going. Forecast 50 vs line 60; Q go +2.09 / stay +1.36; going, and saying so."
37,49,MACHIAVELLIAN,57.03,0.894,neural_forecaster,0.0661,0.3524,0.0433,0.5382,false_stay,staying,home,False,False,False,0.3,hope,0.379,0.5,0.5,"Told the town staying; town says 48% going. Forecast 57 vs line 60; Q go +1.20 / stay +1.06; staying home, and saying so."
37,50,MACHIAVELLIAN,50.0,0.809,neural_forecaster,0.1918,0.0155,0.7889,0.0038,false_go,going,home,False,True,False,0.3,hope,0.758,0.5,0.5,"Told the town going; town says 48% going. Forecast 50 vs line 60; Q go +1.30 / stay +1.82; claiming I'm going, staying home."
37,51,MACHIAVELLIAN,47.66,0.821,neural_forecaster,0.0232,0.0233,0.0006,0.9529,false_stay,staying,bar,True,True,False,-1.0,frustration,1.0,0.5,0.5,"Told the town staying; town says 48% going. Forecast 48 vs line 60; Q go +2.21 / stay +1.26; claiming I'm staying, going anyway."
37,52,CAUTIOUS,52.76,0.83,neural_forecaster,0.0007,0.9396,0.0145,0.0451,honest_stay,staying,home,False,False,False,0.3,hope,1.0,0.5,0.5,"Told the town staying; town says 48% going. Forecast 53 vs line 60; Q go +1.87 / stay +2.68; staying home, and saying so."
37,53,GAMBLER,41.94,0.77,neural_forecaster,0.9591,0.0004,0.0287,0.0118,honest_go,going,bar,True,False,True,-1.0,frustration,1.0,0.5,0.5,"Told the town going; town says 48% going. Forecast 42 vs line 60; Q go +2.18 / stay +1.32; going, and saying so."
37,54,CAUTIOUS,57.92,0.879,neural_forecaster,0.0051,0.5724,0.4155,0.007,honest_stay,going,home,False,True,True,0.3,hope,0.522,0.5,0.5,"Told the town going; town says 48% going. Forecast 58 vs line 60; Q go +0.00 / stay +1.34; claiming I'm going, staying home."
37,55,STRAIGHT SHOOTER,55.63,0.858,neural_forecaster,0.906,0.0012,0.0786,0.0142,honest_go,going,bar,True,False,True,-1.0,frustration,1.0,0.5,0.5,"Told the town going; town says 48% going. Forecast 56 vs line 60; Q go +1.86 / stay +1.29; going, and saying so."
37,56,GAMBLER,47.21,0.808,neural_forecaster,0.9455,0.0008,0.0242,0.0295,honest_go,going,bar,True,False,True,-1.0,frustration,1.0,0.5,0.5,"Told the town going; town says 48% going. Forecast 47 vs line 60; Q go +1.40 / stay +0.81; going, and saying so."
37,57,GAMBLER,55.64,0.788,neural_forecaster,0.7794,0.0021,0.2109,0.0076,honest_go,going,home,False,True,False,0.3,hope,0.343,0.5,0.5,"Told the town going; town says 48% going. Forecast 56 vs line 60; Q go +1.19 / stay +0.99; claiming I'm going, staying home."
37,58,CAUTIOUS,53.89,0.798,neural_forecaster,0.0223,0.7227,0.1398,0.1152,honest_stay,staying,home,False,False,True,0.3,hope,0.242,0.5,0.5,"Told the town staying; town says 48% going. Forecast 54 vs line 60; Q go +0.15 / stay +0.78; staying home, and saying so."
37,59,GAMBLER,48.69,0.793,neural_forecaster,0.9672,0.0002,0.0248,0.0077,honest_go,going,bar,True,False,False,-1.0,frustration,1.0,0.5,0.5,"Told the town going; town says 48% going. Forecast 49 vs line 60; Q go +1.63 / stay +0.99; going, and saying so."
37,60,CAUTIOUS,65.09,0.869,neural_forecaster,0.0415,0.6338,0.1577,0.167,honest_stay,staying,home,False,False,True,0.3,hope,0.458,0.5,0.5,"Told the town staying; town says 48% going. Forecast 65 vs line 60; Q go +0.86 / stay +1.22; staying home, and saying so."
37,61,MACHIAVELLIAN,42.58,0.835,neural_forecaster,0.0052,0.077,0.0004,0.9174,false_stay,staying,bar,True,True,False,-1.0,frustration,1.0,0.5,0.5,"Told the town staying; town says 48% going. Forecast 43 vs line 60; Q go +1.36 / stay +0.94; claiming I'm staying, going anyway."
37,62,CAUTIOUS,63.22,0.916,neural_forecaster,0.0958,0.4664,0.2756,0.1621,honest_stay,staying,home,False,False,True,0.3,hope,0.337,0.5,0.5,"Told the town staying; town says 48% going. Forecast 63 vs line 60; Q go +0.69 / stay +0.97; staying home, and saying so."
37,63,MACHIAVELLIAN,53.11,0.79,neural_forecaster,0.0069,0.0069,0.0,0.9861,false_stay,staying,bar,True,True,False,-1.0,frustration,1.0,0.5,0.5,"Told the town staying; town says 48% going. Forecast 53 vs line 60; Q go +1.58 / stay +0.55; claiming I'm staying, going anyway."
37,64,GAMBLER,55.4,0.832,neural_forecaster,0.9726,0.0002,0.0157,0.0115,honest_go,going,bar,True,False,False,-1.0,frustration,1.0,0.5,0.5,"Told the town going; town says 48% going. Forecast 55 vs line 60; Q go +1.70 / stay +0.61; going, and saying so."
37,65,MACHIAVELLIAN,50.17,0.84,neural_forecaster,0.0082,0.0146,0.0001,0.9771,false_stay,staying,bar,True,True,False,-1.0,frustration,1.0,0.5,0.5,"Told the town staying; town says 48% going. Forecast 50 vs line 60; Q go +1.15 / stay +0.58; claiming I'm staying, going anyway."
37,66,CAUTIOUS,55.42,0.892,neural_forecaster,0.0411,0.5784,0.3016,0.0789,honest_stay,going,home,False,True,True,0.3,hope,0.089,0.5,0.5,"Told the town going; town says 48% going. Forecast 55 vs line 60; Q go +0.21 / stay +0.48; claiming I'm going, staying home."
37,67,MACHIAVELLIAN,54.66,0.772,neural_forecaster,0.0085,0.484,0.0083,0.4991,false_stay,staying,home,False,False,False,0.3,hope,0.599,0.5,0.5,"Told the town staying; town says 48% going. Forecast 55 vs line 60; Q go +1.51 / stay +1.50; staying home, and saying so."
37,68,MACHIAVELLIAN,49.88,0.801,neural_forecaster,0.0577,0.4414,0.4435,0.0574,false_go,staying,home,False,False,True,0.3,hope,0.294,0.5,0.5,"Told the town staying; town says 48% going. Forecast 50 vs line 60; Q go +0.35 / stay +0.89; staying home, and saying so."
37,69,CAUTIOUS,53.3,0.808,neural_forecaster,0.0027,0.8826,0.088,0.0267,honest_stay,staying,home,False,False,False,0.3,hope,0.405,0.5,0.5,"Told the town staying; town says 48% going. Forecast 53 vs line 60; Q go -0.48 / stay +1.11; staying home, and saying so."
37,70,GAMBLER,60.38,0.876,neural_forecaster,0.5149,0.0743,0.1425,0.2684,honest_go,staying,bar,True,True,False,-1.0,frustration,1.0,0.5,0.5,"Told the town staying; town says 48% going. Forecast 60 vs line 60; Q go +1.44 / stay +1.04; claiming I'm staying, going anyway."
37,71,MACHIAVELLIAN,51.08,0.85,neural_forecaster,0.1431,0.0986,0.0191,0.7392,false_stay,staying,bar,True,True,False,-1.0,frustration,1.0,0.5,0.5,"Told the town staying; town says 48% going. Forecast 51 vs line 60; Q go +2.71 / stay +2.04; claiming I'm staying, going anyway."
37,72,GAMBLER,55.96,0.837,neural_forecaster,0.9826,0.0001,0.0081,0.0092,honest_go,going,bar,True,False,False,-1.0,frustration,0.94,0.5,0.5,"Told the town going; town says 48% going. Forecast 56 vs line 60; Q go +0.88 / stay -0.07; going, and saying so."
37,73,STRAIGHT SHOOTER,58.88,0.853,neural_forecaster,0.0029,0.8907,0.0386,0.0677,honest_stay,staying,home,False,False,True,0.3,hope,0.911,0.5,0.5,"Told the town staying; town says 48% going. Forecast 59 vs line 60; Q go +1.74 / stay +2.12; staying home, and saying so."
37,74,MACHIAVELLIAN,56.33,0.846,neural_forecaster,0.2035,0.0435,0.741,0.012,false_go,going,home,False,True,False,0.3,hope,0.312,0.5,0.5,"Told the town going; town says 48% going. Forecast 56 vs line 60; Q go +0.78 / stay +0.92; claiming I'm going, staying home."
37,75,MACHIAVELLIAN,58.64,0.831,neural_forecaster,0.1205,0.0064,0.8721,0.0009,false_go,going,home,False,True,True,0.3,hope,0.214,0.5,0.5,"Told the town going; town says 48% going. Forecast 59 vs line 60; Q go +0.52 / stay +0.73; claiming I'm going, staying home."
37,76,MACHIAVELLIAN,43.67,0.808,neural_forecaster,0.0193,0.0207,0.0004,0.9596,false_stay,staying,bar,True,True,True,-1.0,frustration,1.0,0.5,0.5,"Told the town staying; town says 48% going. Forecast 44 vs line 60; Q go +2.77 / stay +1.98; claiming I'm staying, going anyway."
37,77,MACHIAVELLIAN,53.9,0.759,neural_forecaster,0.3881,0.107,0.4014,0.1035,false_go,going,home,False,True,True,0.3,hope,0.35,0.5,0.5,"Told the town going; town says 48% going. Forecast 54 vs line 60; Q go +0.99 / stay +1.00; claiming I'm going, staying home."
37,78,MACHIAVELLIAN,45.2,0.774,neural_forecaster,0.4618,0.0222,0.0207,0.4954,false_stay,going,bar,True,False,True,-1.0,frustration,1.0,0.5,0.5,"Told the town going; town says 48% going. Forecast 45 vs line 60; Q go +1.34 / stay +0.41; going, and saying so."
37,79,MACHIAVELLIAN,51.28,0.846,neural_forecaster,0.0212,0.0389,0.0009,0.939,false_stay,staying,bar,True,True,False,-1.0,frustration,1.0,0.5,0.5,"Told the town staying; town says 48% going. Forecast 51 vs line 60; Q go +1.50 / stay +0.46; claiming I'm staying, going anyway."
37,80,GAMBLER,54.89,0.805,neural_forecaster,0.762,0.0018,0.2303,0.0059,honest_go,going,bar,True,False,False,-1.0,frustration,0.926,0.5,0.5,"Told the town going; town says 48% going. Forecast 55 vs line 60; Q go +0.85 / stay +0.70; going, and saying so."
37,81,MACHIAVELLIAN,55.21,0.783,neural_forecaster,0.1947,0.1449,0.0459,0.6145,false_stay,staying,bar,True,True,True,-1.0,frustration,1.0,0.5,0.5,"Told the town staying; town says 48% going. Forecast 55 vs line 60; Q go +1.40 / stay +0.99; claiming I'm staying, going anyway."
37,82,MACHIAVELLIAN,57.73,0.864,neural_forecaster,0.0224,0.0333,0.0008,0.9435,false_stay,staying,bar,True,True,True,-1.0,frustration,1.0,0.5,0.5,"Told the town staying; town says 48% going. Forecast 58 vs line 60; Q go +1.43 / stay +0.65; claiming I'm staying, going anyway."
37,83,CAUTIOUS,55.68,0.824,neural_forecaster,0.0023,0.769,0.0081,0.2207,honest_stay,staying,home,False,False,True,0.3,hope,0.216,0.5,0.5,"Told the town staying; town says 48% going. Forecast 56 vs line 60; Q go +0.50 / stay +0.73; staying home, and saying so."
37,84,GAMBLER,53.7,0.829,neural_forecaster,0.7469,0.0084,0.2158,0.0289,honest_go,going,bar,True,False,False,-1.0,frustration,1.0,0.5,0.5,"Told the town going; town says 48% going. Forecast 54 vs line 60; Q go +2.33 / stay +1.90; going, and saying so."
37,85,MACHIAVELLIAN,52.15,0.873,neural_forecaster,0.0725,0.0855,0.8346,0.0074,false_go,going,home,False,True,True,0.3,hope,0.139,0.5,0.5,"Told the town going; town says 48% going. Forecast 52 vs line 60; Q go +0.01 / stay +0.58; claiming I'm going, staying home."
37,86,CAUTIOUS,56.6,0.873,neural_forecaster,0.0051,0.7209,0.0141,0.2599,honest_stay,staying,home,False,False,True,0.3,hope,1.0,0.5,0.5,"Told the town staying; town says 48% going. Forecast 57 vs line 60; Q go +2.19 / stay +2.31; staying home, and saying so."
37,87,MACHIAVELLIAN,47.01,0.813,neural_forecaster,0.0412,0.3979,0.031,0.5298,false_stay,staying,home,False,False,True,0.3,hope,0.228,0.5,0.5,"Told the town staying; town says 48% going. Forecast 47 vs line 60; Q go +0.83 / stay +0.76; staying home, and saying so."
37,88,CAUTIOUS,53.49,0.745,neural_forecaster,0.0098,0.7026,0.0262,0.2614,honest_stay,staying,bar,True,True,False,-1.0,frustration,0.916,0.5,0.5,"Told the town staying; town says 48% going. Forecast 53 vs line 60; Q go +0.83 / stay +1.20; claiming I'm staying, going anyway."
37,89,GAMBLER,55.28,0.893,neural_forecaster,0.8586,0.0038,0.0305,0.1071,honest_go,going,bar,True,False,True,-1.0,frustration,1.0,0.5,0.5,"Told the town going; town says 48% going. Forecast 55 vs line 60; Q go +1.36 / stay +0.71; going, and saying so."
37,90,MACHIAVELLIAN,44.78,0.779,neural_forecaster,0.0543,0.0654,0.0041,0.8762,false_stay,staying,bar,True,True,False,-1.0,frustration,1.0,0.5,0.5,"Told the town staying; town says 48% going. Forecast 45 vs line 60; Q go +2.59 / stay +1.60; claiming I'm staying, going anyway."
37,91,MACHIAVELLIAN,54.63,0.87,neural_forecaster,0.0329,0.0272,0.001,0.939,false_stay,staying,bar,True,True,False,-1.0,frustration,1.0,0.5,0.5,"Told the town staying; town says 48% going. Forecast 55 vs line 60; Q go +1.71 / stay +0.47; claiming I'm staying, going anyway."
37,92,GAMBLER,56.29,0.839,neural_forecaster,0.5336,0.0186,0.0234,0.4244,honest_go,going,bar,True,False,False,-1.0,frustration,1.0,0.5,0.5,"Told the town going; town says 48% going. Forecast 56 vs line 60; Q go +1.08 / stay +0.64; going, and saying so."
37,93,PRAGMATIST,61.85,0.865,neural_forecaster,0.3141,0.1906,0.2093,0.286,honest_go,going,home,False,True,False,0.3,hope,0.569,0.5,0.5,"Told the town going; town says 48% going. Forecast 62 vs line 60; Q go +1.58 / stay +1.44; claiming I'm going, staying home."
37,94,MACHIAVELLIAN,49.67,0.843,neural_forecaster,0.2483,0.0637,0.0238,0.6642,false_stay,going,bar,True,False,False,-1.0,frustration,1.0,0.5,0.5,"Told the town going; town says 48% going. Forecast 50 vs line 60; Q go +1.16 / stay +0.63; going, and saying so."
37,95,GAMBLER,50.0,0.841,neural_forecaster,0.714,0.0214,0.1798,0.0848,honest_go,going,home,False,True,True,0.3,hope,0.242,0.5,0.5,"Told the town going; town says 48% going. Forecast 50 vs line 60; Q go +1.02 / stay +0.78; claiming I'm going, staying home."
37,96,STRAIGHT SHOOTER,55.38,0.86,neural_forecaster,0.8303,0.0079,0.0843,0.0775,honest_go,going,bar,True,False,False,-1.0,frustration,1.0,0.5,0.5,"Told the town going; town says 48% going. Forecast 55 vs line 60; Q go +1.65 / stay +0.79; going, and saying so."
37,97,STRAIGHT SHOOTER,50.05,0.769,neural_forecaster,0.8565,0.0029,0.1203,0.0203,honest_go,going,bar,True,False,False,-1.0,frustration,1.0,0.5,0.5,"Told the town going; town says 48% going. Forecast 50 vs line 60; Q go +3.98 / stay +3.41; going, and saying so."
37,98,MACHIAVELLIAN,45.63,0.815,neural_forecaster,0.1278,0.0191,0.0029,0.8502,false_stay,staying,bar,True,True,False,-1.0,frustration,1.0,0.5,0.5,"Told the town staying; town says 48% going. Forecast 46 vs line 60; Q go +2.51 / stay +0.82; claiming I'm staying, going anyway."
37,99,MACHIAVELLIAN,50.93,0.817,neural_forecaster,0.0053,0.1176,0.0007,0.8764,false_stay,staying,bar,True,True,False,-1.0,frustration,1.0,0.5,0.5,"Told the town staying; town says 48% going. Forecast 51 vs line 60; Q go +1.83 / stay +1.53; claiming I'm staying, going anyway."
37,100,MACHIAVELLIAN,58.53,0.793,neural_forecaster,0.0417,0.0254,0.9318,0.0011,false_go,going,home,False,True,True,0.3,hope,0.146,0.5,0.5,"Told the town going; town says 48% going. Forecast 59 vs line 60; Q go -0.09 / stay +0.59; claiming I'm going, staying home."
38,1,MACHIAVELLIAN,57.76,0.86,neural_forecaster,0.0229,0.0225,0.0005,0.954,false_stay,staying,bar,True,True,True,-1.0,frustration,1.0,0.5,0.5,"Told the town staying; town says 48% going. Forecast 58 vs line 60; Q go +1.99 / stay +0.70; claiming I'm staying, going anyway."
38,2,MACHIAVELLIAN,50.2,0.823,neural_forecaster,0.3908,0.0205,0.0139,0.5748,false_stay,staying,bar,True,True,False,-1.0,frustration,0.931,0.5,0.5,"Told the town staying; town says 48% going. Forecast 50 vs line 60; Q go +0.86 / stay +0.33; claiming I'm staying, going anyway."
38,3,MACHIAVELLIAN,61.83,0.859,neural_forecaster,0.2697,0.1853,0.1167,0.4284,false_stay,going,bar,True,False,True,-1.0,frustration,1.0,0.5,0.5,"Told the town going; town says 48% going. Forecast 62 vs line 60; Q go +1.53 / stay +1.32; going, and saying so."
38,4,MACHIAVELLIAN,52.07,0.849,neural_forecaster,0.2714,0.1271,0.5373,0.0642,false_go,going,home,False,True,False,0.3,hope,0.74,0.5,0.5,"Told the town going; town says 48% going. Forecast 52 vs line 60; Q go +1.63 / stay +1.78; claiming I'm going, staying home."
38,5,PRAGMATIST,61.03,0.907,neural_forecaster,0.1528,0.3687,0.2692,0.2093,honest_stay,going,home,False,True,True,0.3,hope,0.199,0.5,0.5,"Told the town going; town says 48% going. Forecast 61 vs line 60; Q go +0.62 / stay +0.70; claiming I'm going, staying home."
38,6,GAMBLER,50.02,0.827,neural_forecaster,0.4853,0.0892,0.168,0.2575,honest_go,going,bar,True,False,False,-1.0,frustration,1.0,0.5,0.5,"Told the town going; town says 48% going. Forecast 50 vs line 60; Q go +1.10 / stay +0.83; going, and saying so."
38,7,MACHIAVELLIAN,41.38,0.843,neural_forecaster,0.0156,0.0156,0.0003,0.9685,false_stay,staying,bar,True,True,True,-1.0,frustration,1.0,0.5,0.5,"Told the town staying; town says 48% going. Forecast 41 vs line 60; Q go +2.35 / stay +1.15; claiming I'm staying, going anyway."
38,8,CAUTIOUS,61.63,0.855,neural_forecaster,0.0011,0.9353,0.028,0.0357,honest_stay,staying,home,False,False,True,0.3,hope,0.066,0.5,0.5,"Told the town staying; town says 48% going. Forecast 62 vs line 60; Q go -0.64 / stay +0.43; staying home, and saying so."
38,9,CAUTIOUS,55.79,0.85,neural_forecaster,0.019,0.6687,0.2641,0.0481,honest_stay,staying,home,False,False,True,0.3,hope,0.158,0.5,0.5,"Told the town staying; town says 48% going. Forecast 56 vs line 60; Q go -0.18 / stay +0.62; staying home, and saying so."
38,10,MACHIAVELLIAN,58.93,0.909,neural_forecaster,0.1036,0.128,0.0177,0.7507,false_stay,staying,home,False,False,False,0.3,hope,0.185,0.5,0.5,"Told the town staying; town says 48% going. Forecast 59 vs line 60; Q go +1.01 / stay +0.67; staying home, and saying so."
38,11,CAUTIOUS,53.26,0.797,neural_forecaster,0.0075,0.725,0.0221,0.2455,honest_stay,staying,home,False,False,True,0.3,hope,0.434,0.5,0.5,"Told the town staying; town says 48% going. Forecast 53 vs line 60; Q go +0.83 / stay +1.17; staying home, and saying so."
38,12,PRAGMATIST,67.15,0.867,neural_forecaster,0.4316,0.1087,0.3068,0.1529,honest_go,going,home,False,True,True,0.3,hope,0.367,0.5,0.5,"Told the town going; town says 48% going. Forecast 67 vs line 60; Q go +1.14 / stay +1.03; claiming I'm going, staying home."
38,13,CAUTIOUS,56.52,0.827,neural_forecaster,0.0107,0.7919,0.0632,0.1342,honest_stay,staying,home,False,False,True,0.3,hope,0.147,0.5,0.5,"Told the town staying; town says 48% going. Forecast 57 vs line 60; Q go -0.05 / stay +0.59; staying home, and saying so."
38,14,MACHIAVELLIAN,58.54,0.883,neural_forecaster,0.034,0.2916,0.015,0.6594,false_stay,staying,bar,True,True,True,-1.0,frustration,1.0,0.5,0.5,"Told the town staying; town says 48% going. Forecast 59 vs line 60; Q go +1.21 / stay +1.02; claiming I'm staying, going anyway."
38,15,CAUTIOUS,54.02,0.819,neural_forecaster,0.0005,0.9421,0.0096,0.0478,honest_stay,staying,home,False,False,False,0.3,hope,0.715,0.5,0.5,"Told the town staying; town says 48% going. Forecast 54 vs line 60; Q go +1.33 / stay +1.73; staying home, and saying so."
38,16,MACHIAVELLIAN,38.98,0.781,neural_forecaster,0.0432,0.0157,0.0007,0.9404,false_stay,staying,bar,True,True,False,-1.0,frustration,1.0,0.5,0.5,"Told the town staying; town says 48% going. Forecast 39 vs line 60; Q go +2.83 / stay +1.25; claiming I'm staying, going anyway."
38,17,MACHIAVELLIAN,53.5,0.825,neural_forecaster,0.0071,0.145,0.0012,0.8467,false_stay,staying,bar,True,True,True,-1.0,frustration,1.0,0.5,0.5,"Told the town staying; town says 48% going. Forecast 54 vs line 60; Q go +1.21 / stay +1.04; claiming I'm staying, going anyway."
38,18,MACHIAVELLIAN,49.0,0.787,neural_forecaster,0.3562,0.0578,0.5486,0.0375,false_go,going,home,False,True,True,0.3,hope,0.188,0.5,0.5,"Told the town going; town says 48% going. Forecast 49 vs line 60; Q go +0.57 / stay +0.68; claiming I'm going, staying home."
38,19,GAMBLER,64.39,0.856,neural_forecaster,0.6414,0.0087,0.3331,0.0168,honest_go,going,bar,True,False,False,-1.0,frustration,0.902,0.5,0.5,"Told the town going; town says 48% going. Forecast 64 vs line 60; Q go +0.80 / stay +0.73; going, and saying so."
38,20,MACHIAVELLIAN,59.03,0.816,neural_forecaster,0.3561,0.1204,0.4218,0.1017,false_go,staying,home,False,False,True,0.3,hope,0.196,0.5,0.5,"Told the town staying; town says 48% going. Forecast 59 vs line 60; Q go +0.63 / stay +0.69; staying home, and saying so."
38,21,MACHIAVELLIAN,69.43,0.87,neural_forecaster,0.0243,0.2511,0.7162,0.0085,false_go,staying,home,False,False,False,0.3,hope,0.012,0.5,0.5,"Told the town staying; town says 48% going. Forecast 69 vs line 60; Q go -0.56 / stay +0.32; staying home, and saying so."
38,22,CAUTIOUS,55.46,0.844,neural_forecaster,0.045,0.4654,0.4424,0.0473,honest_stay,staying,home,False,False,False,0.3,hope,0.062,0.5,0.5,"Told the town staying; town says 48% going. Forecast 55 vs line 60; Q go -0.15 / stay +0.42; staying home, and saying so."
38,23,MACHIAVELLIAN,61.9,0.894,neural_forecaster,0.0426,0.1753,0.7725,0.0097,false_go,going,home,False,True,True,0.3,hope,0.294,0.5,0.5,"Told the town going; town says 48% going. Forecast 62 vs line 60; Q go -0.07 / stay +0.89; claiming I'm going, staying home."
38,24,MACHIAVELLIAN,54.59,0.851,neural_forecaster,0.0184,0.0282,0.0005,0.9529,false_stay,staying,bar,True,True,False,-1.0,frustration,1.0,0.5,0.5,"Told the town staying; town says 48% going. Forecast 55 vs line 60; Q go +1.24 / stay +0.62; claiming I'm staying, going anyway."
38,25,CAUTIOUS,55.29,0.834,neural_forecaster,0.0,0.9865,0.0066,0.0069,honest_stay,staying,home,False,False,True,0.3,hope,0.857,0.5,0.5,"Told the town staying; town says 48% going. Forecast 55 vs line 60; Q go +1.13 / stay +2.01; staying home, and saying so."
38,26,MACHIAVELLIAN,47.8,0.842,neural_forecaster,0.0904,0.0095,0.8991,0.001,false_go,going,home,False,True,False,0.3,hope,0.781,0.5,0.5,"Told the town going; town says 48% going. Forecast 48 vs line 60; Q go +1.62 / stay +1.86; claiming I'm going, staying home."
38,27,GAMBLER,55.24,0.797,neural_forecaster,0.9052,0.0008,0.086,0.0081,honest_go,going,bar,True,False,False,-1.0,frustration,1.0,0.5,0.5,"Told the town going; town says 48% going. Forecast 55 vs line 60; Q go +1.66 / stay +1.15; going, and saying so."
38,28,MACHIAVELLIAN,53.05,0.859,neural_forecaster,0.1147,0.0869,0.0127,0.7857,false_stay,staying,bar,True,True,True,-1.0,frustration,1.0,0.5,0.5,"Told the town staying; town says 48% going. Forecast 53 vs line 60; Q go +1.13 / stay +0.33; claiming I'm staying, going anyway."
38,29,MACHIAVELLIAN,50.25,0.819,neural_forecaster,0.0747,0.0117,0.001,0.9127,false_stay,going,bar,True,False,False,-1.0,frustration,1.0,0.5,0.5,"Told the town going; town says 48% going. Forecast 50 vs line 60; Q go +2.36 / stay +0.85; going, and saying so."
38,30,GAMBLER,59.68,0.847,neural_forecaster,0.4522,0.0627,0.0679,0.4172,honest_go,staying,bar,True,True,False,-1.0,frustration,1.0,0.5,0.5,"Told the town staying; town says 48% going. Forecast 60 vs line 60; Q go +1.00 / stay +0.67; claiming I'm staying, going anyway."
38,31,MACHIAVELLIAN,52.29,0.846,neural_forecaster,0.0099,0.1117,0.0013,0.8772,false_stay,staying,bar,True,True,False,-1.0,frustration,0.848,0.5,0.5,"Told the town staying; town says 48% going. Forecast 52 vs line 60; Q go +0.70 / stay +0.29; claiming I'm staying, going anyway."
38,32,MACHIAVELLIAN,58.11,0.863,neural_forecaster,0.0216,0.1253,0.0032,0.8499,false_stay,staying,bar,True,True,False,-1.0,frustration,0.823,0.5,0.5,"Told the town staying; town says 48% going. Forecast 58 vs line 60; Q go +0.65 / stay +0.47; claiming I'm staying, going anyway."
38,33,GAMBLER,55.91,0.782,neural_forecaster,0.9349,0.001,0.0402,0.0239,honest_go,going,bar,True,False,False,-1.0,frustration,1.0,0.5,0.5,"Told the town going; town says 48% going. Forecast 56 vs line 60; Q go +1.99 / stay +0.98; going, and saying so."
38,34,CAUTIOUS,62.23,0.864,neural_forecaster,0.0365,0.6255,0.2445,0.0935,honest_stay,going,bar,True,False,True,-1.0,frustration,0.559,0.5,0.5,"Told the town going; town says 48% going. Forecast 62 vs line 60; Q go +0.12 / stay +0.58; going, and saying so."
38,35,MACHIAVELLIAN,62.51,0.847,neural_forecaster,0.0125,0.0162,0.0002,0.971,false_stay,staying,home,False,False,True,0.3,hope,0.063,0.5,0.5,"Told the town staying; town says 48% going. Forecast 63 vs line 60; Q go +1.01 / stay +0.43; staying home, and saying so."
38,36,GAMBLER,55.51,0.839,neural_forecaster,0.9523,0.0006,0.0234,0.0237,honest_go,going,bar,True,False,False,-1.0,frustration,1.0,0.5,0.5,"Told the town going; town says 48% going. Forecast 56 vs line 60; Q go +1.67 / stay +0.53; going, and saying so."
38,37,PRAGMATIST,59.32,0.908,neural_forecaster,0.0059,0.5811,0.0085,0.4045,honest_stay,staying,bar,True,True,True,-1.0,frustration,0.959,0.5,0.5,"Told the town staying; town says 48% going. Forecast 59 vs line 60; Q go +0.92 / stay +0.95; claiming I'm staying, going anyway."
38,38,CAUTIOUS,65.35,0.877,neural_forecaster,0.0035,0.6728,0.0074,0.3163,honest_stay,staying,home,False,False,True,0.3,hope,0.842,0.5,0.5,"Told the town staying; town says 48% going. Forecast 65 vs line 60; Q go +1.73 / stay +1.98; staying home, and saying so."
38,39,GAMBLER,49.71,0.88,neural_forecaster,0.9595,0.0004,0.0166,0.0236,honest_go,going,bar,True,False,False,-1.0,frustration,1.0,0.5,0.5,"Told the town going; town says 48% going. Forecast 50 vs line 60; Q go +2.16 / stay +1.33; going, and saying so."
38,40,GAMBLER,60.76,0.864,neural_forecaster,0.9575,0.0005,0.0211,0.0209,honest_go,going,bar,True,False,False,-1.0,frustration,1.0,0.5,0.5,"Told the town going; town says 48% going. Forecast 61 vs line 60; Q go +1.73 / stay +1.04; going, and saying so."
38,41,CAUTIOUS,54.66,0.853,neural_forecaster,0.033,0.6064,0.0684,0.2923,honest_stay,staying,bar,True,True,False,-1.0,frustration,0.836,0.5,0.5,"Told the town staying; town says 48% going. Forecast 55 vs line 60; Q go +0.67 / stay +0.83; claiming I'm staying, going anyway."
38,42,MACHIAVELLIAN,57.1,0.843,neural_forecaster,0.0101,0.01,0.0001,0.9798,false_stay,staying,bar,True,True,False,-1.0,frustration,1.0,0.5,0.5,"Told the town staying; town says 48% going. Forecast 57 vs line 60; Q go +1.82 / stay +0.51; claiming I'm staying, going anyway."
38,43,GAMBLER,51.67,0.85,neural_forecaster,0.6209,0.016,0.3334,0.0297,honest_go,going,bar,True,False,False,-1.0,frustration,1.0,0.5,0.5,"Told the town going; town says 48% going. Forecast 52 vs line 60; Q go +2.21 / stay +2.04; going, and saying so."
38,44,MACHIAVELLIAN,66.14,0.838,neural_forecaster,0.0172,0.0153,0.0003,0.9672,false_stay,staying,bar,True,True,False,-1.0,frustration,1.0,0.5,0.5,"Told the town staying; town says 48% going. Forecast 66 vs line 60; Q go +1.46 / stay +0.78; claiming I'm staying, going anyway."
38,45,GAMBLER,46.34,0.867,neural_forecaster,0.9244,0.0014,0.0484,0.0258,honest_go,going,bar,True,False,True,-1.0,frustration,1.0,0.5,0.5,"Told the town going; town says 48% going. Forecast 46 vs line 60; Q go +1.38 / stay +0.98; going, and saying so."
38,46,MACHIAVELLIAN,55.37,0.865,neural_forecaster,0.3892,0.0205,0.0138,0.5765,false_stay,going,bar,True,False,False,-1.0,frustration,1.0,0.5,0.5,"Told the town going; town says 48% going. Forecast 55 vs line 60; Q go +1.43 / stay +0.76; going, and saying so."
38,47,MACHIAVELLIAN,52.47,0.816,neural_forecaster,0.2379,0.0276,0.7254,0.0091,false_go,going,bar,True,False,True,-1.0,frustration,1.0,0.5,0.5,"Told the town going; town says 48% going. Forecast 52 vs line 60; Q go +1.04 / stay +1.32; going, and saying so."
38,48,CAUTIOUS,55.8,0.834,neural_forecaster,0.0283,0.6591,0.0801,0.2325,honest_stay,staying,bar,True,True,False,-1.0,frustration,0.79,0.5,0.5,"Told the town staying; town says 48% going. Forecast 56 vs line 60; Q go +0.58 / stay +0.95; claiming I'm staying, going anyway."
38,49,CAUTIOUS,60.5,0.913,neural_forecaster,0.0995,0.467,0.1939,0.2396,honest_stay,staying,home,False,False,False,0.3,hope,0.239,0.5,0.5,"Told the town staying; town says 48% going. Forecast 61 vs line 60; Q go +0.57 / stay +0.78; staying home, and saying so."
38,50,PRAGMATIST,55.16,0.824,neural_forecaster,0.4727,0.0333,0.4598,0.0342,honest_go,going,bar,True,False,True,-1.0,frustration,1.0,0.5,0.5,"Told the town going; town says 48% going. Forecast 55 vs line 60; Q go +1.37 / stay +1.36; going, and saying so."
38,51,MACHIAVELLIAN,55.57,0.835,neural_forecaster,0.0228,0.0229,0.0005,0.9537,false_stay,staying,bar,True,True,False,-1.0,frustration,1.0,0.5,0.5,"Told the town staying; town says 48% going. Forecast 56 vs line 60; Q go +1.09 / stay +0.31; claiming I'm staying, going anyway."
38,52,CAUTIOUS,53.23,0.833,neural_forecaster,0.0009,0.9229,0.0139,0.0623,honest_stay,going,home,False,True,False,0.3,hope,0.98,0.5,0.5,"Told the town going; town says 48% going. Forecast 53 vs line 60; Q go +1.58 / stay +2.26; claiming I'm going, staying home."
38,53,GAMBLER,52.55,0.782,neural_forecaster,0.9692,0.0002,0.019,0.0116,honest_go,going,bar,True,False,False,-1.0,frustration,1.0,0.5,0.5,"Told the town going; town says 48% going. Forecast 53 vs line 60; Q go +2.02 / stay +1.02; going, and saying so."
38,54,CAUTIOUS,65.54,0.885,neural_forecaster,0.0305,0.6455,0.0811,0.2429,honest_stay,staying,bar,True,True,True,-1.0,frustration,0.764,0.5,0.5,"Told the town staying; town says 48% going. Forecast 66 vs line 60; Q go +0.53 / stay +0.63; claiming I'm staying, going anyway."
38,55,MACHIAVELLIAN,61.72,0.883,neural_forecaster,0.1911,0.0117,0.7944,0.0028,false_go,going,home,False,True,True,0.3,hope,0.478,0.5,0.5,"Told the town going; town says 48% going. Forecast 62 vs line 60; Q go +0.94 / stay +1.26; claiming I'm going, staying home."
38,56,CAUTIOUS,61.78,0.843,neural_forecaster,0.0373,0.6405,0.1155,0.2068,honest_stay,staying,home,False,False,True,0.3,hope,0.27,0.5,0.5,"Told the town staying; town says 48% going. Forecast 62 vs line 60; Q go +0.71 / stay +0.84; staying home, and saying so."
38,57,GAMBLER,49.22,0.783,neural_forecaster,0.9242,0.0004,0.0699,0.0056,honest_go,going,bar,True,False,True,-1.0,frustration,1.0,0.5,0.5,"Told the town going; town says 48% going. Forecast 49 vs line 60; Q go +1.33 / stay +0.93; going, and saying so."
38,58,PRAGMATIST,57.77,0.826,neural_forecaster,0.392,0.1391,0.2132,0.2557,honest_go,going,bar,True,False,True,-1.0,frustration,0.977,0.5,0.5,"Told the town going; town says 48% going. Forecast 58 vs line 60; Q go +0.95 / stay +0.75; going, and saying so."
38,59,GAMBLER,55.41,0.812,neural_forecaster,0.9197,0.0006,0.0726,0.0072,honest_go,going,bar,True,False,False,-1.0,frustration,1.0,0.5,0.5,"Told the town going; town says 48% going. Forecast 55 vs line 60; Q go +1.56 / stay +1.15; going, and saying so."
38,60,GAMBLER,59.47,0.889,neural_forecaster,0.9076,0.0016,0.0707,0.0201,honest_go,going,bar,True,False,True,-1.0,frustration,1.0,0.5,0.5,"Told the town going; town says 48% going. Forecast 59 vs line 60; Q go +1.70 / stay +1.00; going, and saying so."
38,61,MACHIAVELLIAN,66.9,0.845,neural_forecaster,0.2991,0.0781,0.0401,0.5826,false_stay,staying,bar,True,True,False,-1.0,frustration,0.786,0.5,0.5,"Told the town staying; town says 48% going. Forecast 67 vs line 60; Q go +0.57 / stay +0.24; claiming I'm staying, going anyway."
38,62,MACHIAVELLIAN,59.37,0.926,neural_forecaster,0.273,0.0983,0.5826,0.0461,false_go,going,home,False,True,False,0.3,hope,0.312,0.5,0.5,"Told the town going; town says 48% going. Forecast 59 vs line 60; Q go +0.73 / stay +0.92; claiming I'm going, staying home."
38,63,MACHIAVELLIAN,67.54,0.806,neural_forecaster,0.0065,0.0305,0.0002,0.9628,false_stay,staying,bar,True,True,False,-1.0,frustration,0.776,0.5,0.5,"Told the town staying; town says 48% going. Forecast 68 vs line 60; Q go +0.55 / stay +0.24; claiming I'm staying, going anyway."
38,64,MACHIAVELLIAN,55.43,0.844,neural_forecaster,0.3859,0.007,0.6026,0.0045,false_go,going,home,False,True,True,0.3,hope,0.107,0.5,0.5,"Told the town going; town says 48% going. Forecast 55 vs line 60; Q go +0.42 / stay +0.51; claiming I'm going, staying home."
38,65,MACHIAVELLIAN,47.27,0.817,neural_forecaster,0.008,0.008,0.0001,0.9839,false_stay,staying,bar,True,True,False,-1.0,frustration,1.0,0.5,0.5,"Told the town staying; town says 48% going. Forecast 47 vs line 60; Q go +1.67 / stay +0.65; claiming I'm staying, going anyway."
38,66,CAUTIOUS,57.25,0.898,neural_forecaster,0.0025,0.862,0.0181,0.1174,honest_stay,staying,home,False,False,False,0.3,hope,0.275,0.5,0.5,"Told the town staying; town says 48% going. Forecast 57 vs line 60; Q go +0.60 / stay +0.85; staying home, and saying so."
38,67,STRAIGHT SHOOTER,60.51,0.816,neural_forecaster,0.0031,0.8133,0.0151,0.1685,honest_stay,staying,home,False,False,False,0.3,hope,0.719,0.5,0.5,"Told the town staying; town says 48% going. Forecast 61 vs line 60; Q go +1.19 / stay +1.74; staying home, and saying so."
38,68,CAUTIOUS,57.52,0.827,neural_forecaster,0.1078,0.451,0.2113,0.2299,honest_stay,staying,home,False,False,False,0.3,hope,0.319,0.5,0.5,"Told the town staying; town says 48% going. Forecast 58 vs line 60; Q go +0.77 / stay +0.94; staying home, and saying so."
38,69,MACHIAVELLIAN,55.78,0.826,neural_forecaster,0.0251,0.3857,0.5724,0.0169,false_go,going,home,False,True,False,0.3,hope,0.315,0.5,0.5,"Told the town going; town says 48% going. Forecast 56 vs line 60; Q go -0.32 / stay +0.93; claiming I'm going, staying home."
38,70,MACHIAVELLIAN,55.24,0.877,neural_forecaster,0.1652,0.1532,0.0394,0.6421,false_stay,going,bar,True,False,False,-1.0,frustration,1.0,0.5,0.5,"Told the town going; town says 48% going. Forecast 55 vs line 60; Q go +1.32 / stay +0.89; going, and saying so."
38,71,MACHIAVELLIAN,46.81,0.823,neural_forecaster,0.026,0.0353,0.001,0.9378,false_stay,staying,bar,True,True,False,-1.0,frustration,1.0,0.5,0.5,"Told the town staying; town says 48% going. Forecast 47 vs line 60; Q go +3.13 / stay +1.90; claiming I'm staying, going anyway."
38,72,GAMBLER,54.64,0.844,neural_forecaster,0.9846,0.0001,0.0077,0.0076,honest_go,going,bar,True,False,False,-1.0,frustration,1.0,0.5,0.5,"Told the town going; town says 48% going. Forecast 55 vs line 60; Q go +1.27 / stay +0.16; going, and saying so."
38,73,MACHIAVELLIAN,47.86,0.83,neural_forecaster,0.0146,0.0146,0.0002,0.9707,false_stay,staying,bar,True,True,True,-1.0,frustration,1.0,0.5,0.5,"Told the town staying; town says 48% going. Forecast 48 vs line 60; Q go +3.93 / stay +2.51; claiming I'm staying, going anyway."
38,74,GAMBLER,52.91,0.845,neural_forecaster,0.7926,0.0032,0.0135,0.1907,honest_go,going,bar,True,False,True,-1.0,frustration,1.0,0.5,0.5,"Told the town going; town says 48% going. Forecast 53 vs line 60; Q go +1.58 / stay +0.90; going, and saying so."
38,75,MACHIAVELLIAN,55.56,0.843,neural_forecaster,0.2877,0.0067,0.0028,0.7028,false_stay,staying,bar,True,True,True,-1.0,frustration,0.855,0.5,0.5,"Told the town staying; town says 48% going. Forecast 56 vs line 60; Q go +0.71 / stay +0.14; claiming I'm staying, going anyway."
38,76,MACHIAVELLIAN,62.22,0.842,neural_forecaster,0.0164,0.3166,0.0079,0.6591,false_stay,staying,home,False,False,True,0.3,hope,0.972,0.5,0.5,"Told the town staying; town says 48% going. Forecast 62 vs line 60; Q go +2.34 / stay +2.24; staying home, and saying so."
38,77,MACHIAVELLIAN,47.36,0.753,neural_forecaster,0.38,0.0565,0.0411,0.5224,false_stay,going,bar,True,False,True,-1.0,frustration,1.0,0.5,0.5,"Told the town going; town says 48% going. Forecast 47 vs line 60; Q go +1.67 / stay +0.92; going, and saying so."
38,78,MACHIAVELLIAN,52.42,0.785,neural_forecaster,0.0212,0.0777,0.8993,0.0018,false_go,going,home,False,True,True,0.3,hope,0.383,0.5,0.5,"Told the town going; town says 48% going. Forecast 52 vs line 60; Q go -0.06 / stay +1.07; claiming I'm going, staying home."
38,79,GAMBLER,57.52,0.863,neural_forecaster,0.5562,0.0645,0.1811,0.1981,honest_go,staying,home,False,False,True,0.3,hope,0.2,0.5,0.5,"Told the town staying; town says 48% going. Forecast 58 vs line 60; Q go +1.03 / stay +0.70; staying home, and saying so."
38,80,MACHIAVELLIAN,61.83,0.841,neural_forecaster,0.0045,0.4451,0.5468,0.0036,false_go,going,home,False,True,True,0.3,hope,0.083,0.5,0.5,"Told the town going; town says 48% going. Forecast 62 vs line 60; Q go -0.41 / stay +0.47; claiming I'm going, staying home."
38,81,MACHIAVELLIAN,60.43,0.824,neural_forecaster,0.3788,0.0809,0.0643,0.476,false_stay,going,bar,True,False,False,-1.0,frustration,0.982,0.5,0.5,"Told the town going; town says 48% going. Forecast 60 vs line 60; Q go +0.96 / stay +0.47; going, and saying so."
38,82,MACHIAVELLIAN,47.33,0.836,neural_forecaster,0.1618,0.0557,0.0117,0.7708,false_stay,staying,bar,True,True,False,-1.0,frustration,1.0,0.5,0.5,"Told the town staying; town says 48% going. Forecast 47 vs line 60; Q go +1.09 / stay +0.53; claiming I'm staying, going anyway."
38,83,PRAGMATIST,56.6,0.841,neural_forecaster,0.0038,0.6179,0.0063,0.372,honest_stay,staying,bar,True,True,True,-1.0,frustration,0.897,0.5,0.5,"Told the town staying; town says 48% going. Forecast 57 vs line 60; Q go +0.79 / stay +0.88; claiming I'm staying, going anyway."
38,84,PRAGMATIST,50.06,0.819,neural_forecaster,0.5591,0.0048,0.4298,0.0063,honest_go,going,home,False,True,True,0.3,hope,0.689,0.5,0.5,"Told the town going; town says 48% going. Forecast 50 vs line 60; Q go +1.77 / stay +1.68; claiming I'm going, staying home."
38,85,GAMBLER,54.04,0.87,neural_forecaster,0.8502,0.0011,0.1421,0.0066,honest_go,going,bar,True,False,True,-1.0,frustration,1.0,0.5,0.5,"Told the town going; town says 48% going. Forecast 54 vs line 60; Q go +1.05 / stay +0.65; going, and saying so."
38,86,MACHIAVELLIAN,51.13,0.859,neural_forecaster,0.0197,0.0265,0.0005,0.9533,false_stay,staying,bar,True,True,True,-1.0,frustration,1.0,0.5,0.5,"Told the town staying; town says 48% going. Forecast 51 vs line 60; Q go +2.26 / stay +1.72; claiming I'm staying, going anyway."
38,87,MACHIAVELLIAN,49.36,0.804,neural_forecaster,0.0701,0.4291,0.0697,0.4311,false_stay,staying,home,False,False,False,0.3,hope,0.371,0.5,0.5,"Told the town staying; town says 48% going. Forecast 49 vs line 60; Q go +1.04 / stay +1.04; staying home, and saying so."
38,88,PRAGMATIST,57.5,0.782,neural_forecaster,0.6019,0.0104,0.3707,0.0169,honest_go,going,bar,True,False,False,-1.0,frustration,1.0,0.5,0.5,"Told the town going; town says 48% going. Forecast 57 vs line 60; Q go +1.94 / stay +1.76; going, and saying so."
38,89,CAUTIOUS,57.16,0.899,neural_forecaster,0.0042,0.8741,0.0645,0.0572,honest_stay,staying,home,False,False,True,0.3,hope,0.332,0.5,0.5,"Told the town staying; town says 48% going. Forecast 57 vs line 60; Q go +0.50 / stay +0.96; staying home, and saying so."
38,90,GAMBLER,54.58,0.797,neural_forecaster,0.7582,0.0166,0.1045,0.1206,honest_go,going,bar,True,False,False,-1.0,frustration,1.0,0.5,0.5,"Told the town going; town says 48% going. Forecast 55 vs line 60; Q go +1.95 / stay +1.25; going, and saying so."
38,91,GAMBLER,54.03,0.868,neural_forecaster,0.6388,0.0333,0.2391,0.0888,honest_go,going,home,False,True,True,0.3,hope,0.059,0.5,0.5,"Told the town going; town says 48% going. Forecast 54 vs line 60; Q go +0.70 / stay +0.42; claiming I'm going, staying home."
38,92,MACHIAVELLIAN,62.52,0.865,neural_forecaster,0.1056,0.3548,0.0818,0.4578,false_stay,staying,bar,True,True,False,-1.0,frustration,0.98,0.5,0.5,"Told the town staying; town says 48% going. Forecast 63 vs line 60; Q go +0.96 / stay +0.93; claiming I'm staying, going anyway."
38,93,PRAGMATIST,56.35,0.873,neural_forecaster,0.3732,0.1502,0.211,0.2656,honest_go,going,bar,True,False,True,-1.0,frustration,1.0,0.5,0.5,"Told the town going; town says 48% going. Forecast 56 vs line 60; Q go +1.59 / stay +1.39; going, and saying so."
38,94,GAMBLER,51.97,0.838,neural_forecaster,0.6235,0.0407,0.1149,0.2208,honest_go,going,home,False,True,True,0.3,hope,0.124,0.5,0.5,"Told the town going; town says 48% going. Forecast 52 vs line 60; Q go +0.91 / stay +0.55; claiming I'm going, staying home."
38,95,PRAGMATIST,55.56,0.851,neural_forecaster,0.2528,0.2472,0.2477,0.2523,honest_go,going,home,False,True,False,0.3,hope,0.143,0.5,0.5,"Told the town going; town says 48% going. Forecast 56 vs line 60; Q go +0.59 / stay +0.59; claiming I'm going, staying home."
38,96,MACHIAVELLIAN,51.98,0.852,neural_forecaster,0.0135,0.3481,0.0075,0.6309,false_stay,staying,bar,True,True,False,-1.0,frustration,1.0,0.5,0.5,"Told the town staying; town says 48% going. Forecast 52 vs line 60; Q go +1.18 / stay +0.97; claiming I'm staying, going anyway."
38,97,STRAIGHT SHOOTER,53.1,0.784,neural_forecaster,0.9485,0.0007,0.029,0.0219,honest_go,going,bar,True,False,False,-1.0,frustration,1.0,0.5,0.5,"Told the town going; town says 48% going. Forecast 53 vs line 60; Q go +3.25 / stay +1.99; going, and saying so."
38,98,MACHIAVELLIAN,53.44,0.822,neural_forecaster,0.018,0.3969,0.0125,0.5727,false_stay,staying,bar,True,True,False,-1.0,frustration,0.976,0.5,0.5,"Told the town staying; town says 48% going. Forecast 53 vs line 60; Q go +0.95 / stay +0.84; claiming I'm staying, going anyway."
38,99,MACHIAVELLIAN,54.22,0.827,neural_forecaster,0.0051,0.1283,0.0008,0.8659,false_stay,staying,bar,True,True,False,-1.0,frustration,1.0,0.5,0.5,"Told the town staying; town says 48% going. Forecast 54 vs line 60; Q go +1.46 / stay +1.18; claiming I'm staying, going anyway."
38,100,GAMBLER,51.32,0.796,neural_forecaster,0.7806,0.0134,0.0925,0.1134,honest_go,going,home,False,True,False,0.3,hope,0.239,0.5,0.5,"Told the town going; town says 48% going. Forecast 51 vs line 60; Q go +1.18 / stay +0.78; claiming I'm going, staying home."
39,1,MACHIAVELLIAN,61.62,0.854,neural_forecaster,0.0225,0.0374,0.9392,0.0009,false_go,going,home,False,True,True,0.3,envy,0.437,0.5,0.5,"Told the town going; town says 43% going. Forecast 62 vs line 60; Q go +0.22 / stay +1.17; claiming I'm going, staying home."
39,2,PRAGMATIST,63.1,0.818,neural_forecaster,0.0051,0.6161,0.0084,0.3704,honest_stay,staying,home,False,False,True,0.3,envy,0.125,0.5,0.5,"Told the town staying; town says 43% going. Forecast 63 vs line 60; Q go +0.48 / stay +0.55; staying home, and saying so."
39,3,PRAGMATIST,57.02,0.871,neural_forecaster,0.5187,0.0231,0.4304,0.0278,honest_go,going,bar,True,False,False,1.0,pride,0.189,0.5,0.5,"Told the town going; town says 43% going. Forecast 57 vs line 60; Q go +1.38 / stay +1.33; going, and saying so."
39,4,MACHIAVELLIAN,55.5,0.869,neural_forecaster,0.1085,0.2845,0.5511,0.056,false_go,going,home,False,True,False,0.3,envy,0.918,0.5,0.5,"Told the town going; town says 43% going. Forecast 55 vs line 60; Q go +1.77 / stay +2.14; claiming I'm going, staying home."
39,5,MACHIAVELLIAN,55.76,0.915,neural_forecaster,0.319,0.0078,0.0037,0.6695,false_stay,staying,bar,True,True,True,1.0,pride,0.432,0.5,0.5,"Told the town staying; town says 43% going. Forecast 56 vs line 60; Q go +1.86 / stay +0.81; claiming I'm staying, going anyway."
39,6,GAMBLER,45.27,0.83,neural_forecaster,0.4799,0.0931,0.2442,0.1829,honest_go,staying,bar,True,True,False,1.0,pride,0.169,0.5,0.5,"Told the town staying; town says 43% going. Forecast 45 vs line 60; Q go +1.34 / stay +1.17; claiming I'm staying, going anyway."
39,7,CAUTIOUS,67.03,0.818,neural_forecaster,0.0024,0.8826,0.0923,0.0227,honest_stay,staying,home,False,False,True,0.3,envy,0.184,0.5,0.5,"Told the town staying; town says 43% going. Forecast 67 vs line 60; Q go +0.30 / stay +0.67; staying home, and saying so."
39,8,MACHIAVELLIAN,55.8,0.873,neural_forecaster,0.0472,0.0491,0.0026,0.9012,false_stay,staying,bar,True,True,True,1.0,pride,0.312,0.5,0.5,"Told the town staying; town says 43% going. Forecast 56 vs line 60; Q go +1.62 / stay +0.76; claiming I'm staying, going anyway."
39,9,MACHIAVELLIAN,48.99,0.864,neural_forecaster,0.017,0.0421,0.0008,0.9401,false_stay,staying,bar,True,True,True,1.0,pride,0.251,0.5,0.5,"Told the town staying; town says 43% going. Forecast 49 vs line 60; Q go +1.50 / stay +0.57; claiming I'm staying, going anyway."
39,10,MACHIAVELLIAN,50.45,0.917,neural_forecaster,0.4364,0.0103,0.5451,0.0082,false_go,going,home,False,True,False,0.3,envy,0.216,0.5,0.5,"Told the town going; town says 43% going. Forecast 50 vs line 60; Q go +0.69 / stay +0.73; claiming I'm going, staying home."
39,11,CAUTIOUS,57.78,0.818,neural_forecaster,0.0306,0.659,0.2175,0.0929,honest_stay,staying,home,False,False,False,0.3,envy,0.251,0.5,0.5,"Told the town staying; town says 43% going. Forecast 58 vs line 60; Q go +0.19 / stay +0.80; staying home, and saying so."
39,12,MACHIAVELLIAN,59.18,0.869,neural_forecaster,0.4033,0.0332,0.5386,0.0249,false_go,going,home,False,True,False,0.3,envy,0.633,0.5,0.5,"Told the town going; town says 43% going. Forecast 59 vs line 60; Q go +1.48 / stay +1.57; claiming I'm going, staying home."
39,13,MACHIAVELLIAN,64.8,0.814,neural_forecaster,0.023,0.4263,0.5323,0.0184,false_go,staying,home,False,False,False,0.3,envy,0.157,0.5,0.5,"Told the town staying; town says 43% going. Forecast 65 vs line 60; Q go -0.65 / stay +0.61; staying home, and saying so."
39,14,MACHIAVELLIAN,59.68,0.88,neural_forecaster,0.0385,0.0385,0.9214,0.0016,false_go,going,home,False,True,True,0.3,envy,0.431,0.5,0.5,"Told the town going; town says 43% going. Forecast 60 vs line 60; Q go +0.32 / stay +1.16; claiming I'm going, staying home."
39,15,MACHIAVELLIAN,60.58,0.825,neural_forecaster,0.0092,0.0579,0.0006,0.9323,false_stay,staying,bar,True,True,True,1.0,pride,0.288,0.5,0.5,"Told the town staying; town says 43% going. Forecast 61 vs line 60; Q go +1.58 / stay +1.21; claiming I'm staying, going anyway."
39,16,MACHIAVELLIAN,45.03,0.793,neural_forecaster,0.1706,0.0199,0.0042,0.8053,false_stay,staying,bar,True,True,False,1.0,pride,0.438,0.5,0.5,"Told the town staying; town says 43% going. Forecast 45 vs line 60; Q go +1.88 / stay +1.09; claiming I'm staying, going anyway."
39,17,GAMBLER,58.52,0.838,neural_forecaster,0.553,0.0045,0.0057,0.4368,honest_go,staying,bar,True,True,False,1.0,pride,0.006,0.5,0.5,"Told the town staying; town says 43% going. Forecast 59 vs line 60; Q go +1.01 / stay +0.47; claiming I'm staying, going anyway."
39,18,MACHIAVELLIAN,60.06,0.802,neural_forecaster,0.1988,0.1272,0.6342,0.0399,false_go,going,home,False,True,False,0.3,envy,0.217,0.5,0.5,"Told the town going; town says 43% going. Forecast 60 vs line 60; Q go +0.46 / stay +0.73; claiming I'm going, staying home."
39,19,MACHIAVELLIAN,56.07,0.873,neural_forecaster,0.1194,0.0077,0.8719,0.0011,false_go,going,home,False,True,True,0.3,envy,0.157,0.5,0.5,"Told the town going; town says 43% going. Forecast 56 vs line 60; Q go +0.40 / stay +0.61; claiming I'm going, staying home."
39,20,CAUTIOUS,65.87,0.801,neural_forecaster,0.0125,0.5922,0.3756,0.0197,honest_stay,staying,home,False,False,False,0.3,envy,0.231,0.5,0.5,"Told the town staying; town says 43% going. Forecast 66 vs line 60; Q go -0.71 / stay +0.76; staying home, and saying so."
39,21,GAMBLER,54.05,0.891,neural_forecaster,0.8264,0.0037,0.1491,0.0208,honest_go,going,home,False,True,False,0.3,envy,0.261,0.5,0.5,"Told the town going; town says 43% going. Forecast 54 vs line 60; Q go +1.18 / stay +0.82; claiming I'm going, staying home."
39,22,CAUTIOUS,53.18,0.875,neural_forecaster,0.0172,0.5939,0.3605,0.0284,honest_stay,going,home,False,True,False,0.3,envy,0.077,0.5,0.5,"Told the town going; town says 43% going. Forecast 53 vs line 60; Q go -0.33 / stay +0.45; claiming I'm going, staying home."
39,23,GAMBLER,49.58,0.901,neural_forecaster,0.9236,0.0012,0.0538,0.0213,honest_go,going,bar,True,False,True,1.0,pride,0.35,0.5,0.5,"Told the town going; town says 43% going. Forecast 50 vs line 60; Q go +1.70 / stay +0.80; going, and saying so."
39,24,MACHIAVELLIAN,54.38,0.875,neural_forecaster,0.0181,0.0225,0.0004,0.959,false_stay,staying,bar,True,True,False,1.0,pride,0.318,0.5,0.5,"Told the town staying; town says 43% going. Forecast 54 vs line 60; Q go +1.64 / stay +0.93; claiming I'm staying, going anyway."
39,25,MACHIAVELLIAN,54.12,0.863,neural_forecaster,0.005,0.22,0.0014,0.7736,false_stay,staying,bar,True,True,True,1.0,pride,0.235,0.5,0.5,"Told the town staying; town says 43% going. Forecast 54 vs line 60; Q go +1.47 / stay +1.33; claiming I'm staying, going anyway."
39,26,GAMBLER,55.57,0.863,neural_forecaster,0.9804,0.0001,0.0101,0.0094,honest_go,going,bar,True,False,True,1.0,pride,0.726,0.5,0.5,"Told the town going; town says 43% going. Forecast 56 vs line 60; Q go +2.45 / stay +1.75; going, and saying so."
39,27,GAMBLER,53.13,0.837,neural_forecaster,0.8227,0.0064,0.0406,0.1303,honest_go,going,bar,True,False,False,1.0,pride,0.262,0.5,0.5,"Told the town going; town says 43% going. Forecast 53 vs line 60; Q go +1.52 / stay +0.88; going, and saying so."
39,28,MACHIAVELLIAN,50.45,0.877,neural_forecaster,0.0718,0.1106,0.0098,0.8078,false_stay,staying,bar,True,True,False,1.0,pride,0.133,0.5,0.5,"Told the town staying; town says 43% going. Forecast 50 vs line 60; Q go +1.27 / stay +0.57; claiming I'm staying, going anyway."
39,29,CAUTIOUS,59.64,0.828,neural_forecaster,0.003,0.826,0.1553,0.0157,honest_stay,staying,home,False,False,True,0.3,envy,0.181,0.5,0.5,"Told the town staying; town says 43% going. Forecast 60 vs line 60; Q go -0.46 / stay +0.66; staying home, and saying so."
39,30,MACHIAVELLIAN,68.48,0.815,neural_forecaster,0.2487,0.0307,0.7098,0.0108,false_go,going,home,False,True,True,0.3,envy,0.098,0.5,0.5,"Told the town going; town says 43% going. Forecast 68 vs line 60; Q go +0.32 / stay +0.50; claiming I'm going, staying home."
39,31,CAUTIOUS,58.76,0.854,neural_forecaster,0.0007,0.9232,0.0104,0.0657,honest_stay,staying,home,False,False,True,0.3,envy,0.275,0.5,0.5,"Told the town staying; town says 43% going. Forecast 59 vs line 60; Q go +0.33 / stay +0.85; staying home, and saying so."
39,32,CAUTIOUS,53.95,0.886,neural_forecaster,0.0009,0.9388,0.023,0.0372,honest_stay,staying,home,False,False,True,0.3,envy,0.104,0.5,0.5,"Told the town staying; town says 43% going. Forecast 54 vs line 60; Q go +0.19 / stay +0.51; staying home, and saying so."
39,33,GAMBLER,44.53,0.792,neural_forecaster,0.568,0.0601,0.2073,0.1646,honest_go,going,bar,True,False,False,1.0,pride,0.078,0.5,0.5,"Told the town going; town says 43% going. Forecast 45 vs line 60; Q go +0.84 / stay +0.57; going, and saying so."
39,34,MACHIAVELLIAN,41.71,0.846,neural_forecaster,0.0125,0.3454,0.0068,0.6352,false_stay,staying,bar,True,True,False,1.0,pride,0.104,0.5,0.5,"Told the town staying; town says 43% going. Forecast 42 vs line 60; Q go +0.79 / stay +0.65; claiming I'm staying, going anyway."
39,35,GAMBLER,57.78,0.858,neural_forecaster,0.5867,0.0076,0.0113,0.3943,honest_go,staying,bar,True,True,True,1.0,pride,0.141,0.5,0.5,"Told the town staying; town says 43% going. Forecast 58 vs line 60; Q go +0.72 / stay +0.19; claiming I'm staying, going anyway."
39,36,GAMBLER,54.51,0.865,neural_forecaster,0.5145,0.0185,0.0213,0.4458,honest_go,going,bar,True,False,False,1.0,pride,0.035,0.5,0.5,"Told the town going; town says 43% going. Forecast 55 vs line 60; Q go +1.07 / stay +0.38; going, and saying so."
39,37,CAUTIOUS,55.07,0.918,neural_forecaster,0.0002,0.9718,0.0131,0.0148,honest_stay,staying,home,False,False,True,0.3,envy,0.142,0.5,0.5,"Told the town staying; town says 43% going. Forecast 55 vs line 60; Q go +0.15 / stay +0.58; staying home, and saying so."
39,38,MACHIAVELLIAN,56.79,0.886,neural_forecaster,0.2324,0.259,0.3213,0.1873,false_go,going,bar,True,False,True,1.0,pride,0.316,0.5,0.5,"Told the town going; town says 43% going. Forecast 57 vs line 60; Q go +1.63 / stay +1.74; going, and saying so."
39,39,PRAGMATIST,40.9,0.856,neural_forecaster,0.6112,0.0058,0.3735,0.0095,honest_go,going,bar,True,False,False,1.0,pride,0.24,0.5,0.5,"Told the town going; town says 43% going. Forecast 41 vs line 60; Q go +1.48 / stay +1.42; going, and saying so."
39,40,GAMBLER,54.45,0.886,neural_forecaster,0.6061,0.008,0.013,0.3729,honest_go,staying,bar,True,True,False,1.0,pride,0.298,0.5,0.5,"Told the town staying; town says 43% going. Forecast 54 vs line 60; Q go +1.60 / stay +0.96; claiming I'm staying, going anyway."
39,41,MACHIAVELLIAN,51.31,0.875,neural_forecaster,0.0204,0.124,0.003,0.8527,false_stay,staying,bar,True,True,False,1.0,pride,0.263,0.5,0.5,"Told the town staying; town says 43% going. Forecast 51 vs line 60; Q go +1.53 / stay +1.11; claiming I'm staying, going anyway."
39,42,CAUTIOUS,61.06,0.842,neural_forecaster,0.0003,0.964,0.0219,0.0138,honest_stay,staying,home,False,False,True,0.3,envy,0.352,0.5,0.5,"Told the town staying; town says 43% going. Forecast 61 vs line 60; Q go +0.26 / stay +1.00; staying home, and saying so."
39,43,STRAIGHT SHOOTER,63.51,0.838,neural_forecaster,0.0011,0.8978,0.0903,0.0107,honest_stay,staying,home,False,False,True,0.3,envy,0.837,0.5,0.5,"Told the town staying; town says 43% going. Forecast 64 vs line 60; Q go +0.24 / stay +1.97; staying home, and saying so."
39,44,CAUTIOUS,48.16,0.851,neural_forecaster,0.0052,0.7481,0.0169,0.2298,honest_stay,staying,home,False,False,True,0.3,envy,0.295,0.5,0.5,"Told the town staying; town says 43% going. Forecast 48 vs line 60; Q go +0.78 / stay +0.89; staying home, and saying so."
39,45,MACHIAVELLIAN,57.43,0.876,neural_forecaster,0.0842,0.0209,0.002,0.8929,false_stay,staying,bar,True,True,False,1.0,pride,0.239,0.5,0.5,"Told the town staying; town says 43% going. Forecast 57 vs line 60; Q go +0.52 / stay -0.20; claiming I'm staying, going anyway."
39,46,MACHIAVELLIAN,54.04,0.888,neural_forecaster,0.0122,0.0211,0.0003,0.9665,false_stay,staying,bar,True,True,False,1.0,pride,0.638,0.5,0.5,"Told the town staying; town says 43% going. Forecast 54 vs line 60; Q go +2.28 / stay +1.49; claiming I'm staying, going anyway."
39,47,MACHIAVELLIAN,41.75,0.808,neural_forecaster,0.1655,0.1806,0.6044,0.0495,false_go,going,home,False,True,True,0.3,envy,0.569,0.5,0.5,"Told the town going; town says 43% going. Forecast 42 vs line 60; Q go +1.13 / stay +1.44; claiming I'm going, staying home."
39,48,MACHIAVELLIAN,64.82,0.82,neural_forecaster,0.0236,0.1261,0.8469,0.0035,false_go,going,home,False,True,True,0.3,envy,0.574,0.5,0.5,"Told the town going; town says 43% going. Forecast 65 vs line 60; Q go +0.04 / stay +1.45; claiming I'm going, staying home."
39,49,CAUTIOUS,56.63,0.916,neural_forecaster,0.0191,0.7341,0.1586,0.0882,honest_stay,staying,home,False,False,False,0.3,envy,0.347,0.5,0.5,"Told the town staying; town says 43% going. Forecast 57 vs line 60; Q go +0.32 / stay +0.99; staying home, and saying so."
39,50,GAMBLER,60.89,0.828,neural_forecaster,0.6285,0.0374,0.1006,0.2335,honest_go,staying,bar,True,True,False,1.0,pride,0.268,0.5,0.5,"Told the town staying; town says 43% going. Forecast 61 vs line 60; Q go +1.54 / stay +0.90; claiming I'm staying, going anyway."
39,51,MACHIAVELLIAN,56.74,0.853,neural_forecaster,0.0175,0.2181,0.005,0.7593,false_stay,staying,bar,True,True,False,1.0,pride,0.255,0.5,0.5,"Told the town staying; town says 43% going. Forecast 57 vs line 60; Q go +0.49 / stay +0.36; claiming I'm staying, going anyway."
39,52,GAMBLER,57.69,0.848,neural_forecaster,0.5185,0.0784,0.2035,0.1997,honest_go,staying,bar,True,True,True,1.0,pride,0.667,0.5,0.5,"Told the town staying; town says 43% going. Forecast 58 vs line 60; Q go +2.33 / stay +2.12; claiming I'm staying, going anyway."
39,53,GAMBLER,60.95,0.794,neural_forecaster,0.8669,0.0017,0.0127,0.1187,honest_go,going,bar,True,False,False,1.0,pride,0.417,0.5,0.5,"Told the town going; town says 43% going. Forecast 61 vs line 60; Q go +1.83 / stay +0.68; going, and saying so."
39,54,CAUTIOUS,56.0,0.896,neural_forecaster,0.0033,0.7101,0.2782,0.0084,honest_stay,going,home,False,True,True,0.3,envy,0.26,0.5,0.5,"Told the town going; town says 43% going. Forecast 56 vs line 60; Q go +0.01 / stay +0.82; claiming I'm going, staying home."
39,55,STRAIGHT SHOOTER,61.18,0.874,neural_forecaster,0.9532,0.0005,0.0305,0.0158,honest_go,going,bar,True,False,True,1.0,pride,0.483,0.5,0.5,"Told the town going; town says 43% going. Forecast 61 vs line 60; Q go +1.97 / stay +1.16; going, and saying so."
39,56,MACHIAVELLIAN,53.75,0.872,neural_forecaster,0.0449,0.0701,0.0036,0.8814,false_stay,staying,bar,True,True,True,1.0,pride,0.042,0.5,0.5,"Told the town staying; town says 43% going. Forecast 54 vs line 60; Q go +1.08 / stay +0.79; claiming I'm staying, going anyway."
39,57,MACHIAVELLIAN,56.53,0.813,neural_forecaster,0.0061,0.0932,0.0006,0.9,false_stay,staying,bar,True,True,False,1.0,pride,0.068,0.5,0.5,"Told the town staying; town says 43% going. Forecast 57 vs line 60; Q go +1.14 / stay +0.80; claiming I'm staying, going anyway."
39,58,PRAGMATIST,61.41,0.827,neural_forecaster,0.0299,0.5241,0.0384,0.4076,honest_stay,staying,bar,True,True,False,1.0,pride,0.251,0.5,0.5,"Told the town staying; town says 43% going. Forecast 61 vs line 60; Q go +0.50 / stay +0.58; claiming I'm staying, going anyway."
39,59,GAMBLER,55.34,0.84,neural_forecaster,0.9398,0.0006,0.0488,0.0108,honest_go,going,bar,True,False,False,1.0,pride,0.474,0.5,0.5,"Told the town going; town says 43% going. Forecast 55 vs line 60; Q go +1.95 / stay +1.48; going, and saying so."
39,60,MACHIAVELLIAN,54.32,0.906,neural_forecaster,0.1448,0.0202,0.8314,0.0035,false_go,going,bar,True,False,False,1.0,pride,0.248,0.5,0.5,"Told the town going; town says 43% going. Forecast 54 vs line 60; Q go +0.50 / stay +0.95; going, and saying so."
39,61,MACHIAVELLIAN,51.36,0.869,neural_forecaster,0.0061,0.0205,0.0001,0.9733,false_stay,staying,bar,True,True,False,1.0,pride,0.205,0.5,0.5,"Told the town staying; town says 43% going. Forecast 51 vs line 60; Q go +1.41 / stay +0.76; claiming I'm staying, going anyway."
39,62,MACHIAVELLIAN,59.99,0.913,neural_forecaster,0.1885,0.2547,0.1067,0.4501,false_stay,going,home,False,True,False,0.3,envy,0.199,0.5,0.5,"Told the town going; town says 43% going. Forecast 60 vs line 60; Q go +0.84 / stay +0.70; claiming I'm going, staying home."
39,63,GAMBLER,50.3,0.834,neural_forecaster,0.9867,0.0,0.0068,0.0065,honest_go,going,bar,True,False,False,1.0,pride,0.043,0.5,0.5,"Told the town going; town says 43% going. Forecast 50 vs line 60; Q go +0.91 / stay +0.24; going, and saying so."
39,64,MACHIAVELLIAN,56.38,0.861,neural_forecaster,0.0082,0.3206,0.6673,0.004,false_go,going,home,False,True,False,0.3,envy,0.158,0.5,0.5,"Told the town going; town says 43% going. Forecast 56 vs line 60; Q go -0.59 / stay +0.62; claiming I'm going, staying home."
39,65,GAMBLER,50.99,0.846,neural_forecaster,0.8136,0.0045,0.0229,0.1591,honest_go,staying,bar,True,True,False,1.0,pride,0.035,0.5,0.5,"Told the town staying; town says 43% going. Forecast 51 vs line 60; Q go +0.93 / stay +0.52; claiming I'm staying, going anyway."
39,66,GAMBLER,52.2,0.916,neural_forecaster,0.9315,0.0012,0.0415,0.0258,honest_go,going,bar,True,False,True,1.0,pride,0.058,0.5,0.5,"Told the town going; town says 43% going. Forecast 52 vs line 60; Q go +0.88 / stay +0.47; going, and saying so."
39,67,CAUTIOUS,55.01,0.845,neural_forecaster,0.0078,0.7322,0.0244,0.2356,honest_stay,staying,home,False,False,False,0.3,envy,0.571,0.5,0.5,"Told the town staying; town says 43% going. Forecast 55 vs line 60; Q go +1.06 / stay +1.44; staying home, and saying so."
39,68,GAMBLER,64.23,0.817,neural_forecaster,0.4394,0.1136,0.2277,0.2192,honest_go,going,home,False,True,False,0.3,envy,0.194,0.5,0.5,"Told the town going; town says 43% going. Forecast 64 vs line 60; Q go +0.84 / stay +0.69; claiming I'm going, staying home."
39,69,MACHIAVELLIAN,63.79,0.818,neural_forecaster,0.207,0.2139,0.0907,0.4884,false_stay,staying,home,False,False,False,0.3,envy,0.5,0.5,0.5,"Told the town staying; town says 43% going. Forecast 64 vs line 60; Q go +1.58 / stay +1.30; staying home, and saying so."
39,70,GAMBLER,60.22,0.873,neural_forecaster,0.4266,0.1144,0.1674,0.2916,honest_go,going,bar,True,False,False,1.0,pride,0.01,0.5,0.5,"Told the town going; town says 43% going. Forecast 60 vs line 60; Q go +0.98 / stay +0.71; going, and saying so."
39,71,MACHIAVELLIAN,62.38,0.821,neural_forecaster,0.0996,0.087,0.0108,0.8026,false_stay,going,bar,True,False,False,1.0,pride,0.936,0.5,0.5,"Told the town going; town says 43% going. Forecast 62 vs line 60; Q go +2.87 / stay +2.17; going, and saying so."
39,72,GAMBLER,55.34,0.866,neural_forecaster,0.9417,0.0008,0.0345,0.0229,honest_go,going,bar,True,False,False,1.0,pride,0.12,0.5,0.5,"Told the town going; town says 43% going. Forecast 55 vs line 60; Q go +0.76 / stay +0.38; going, and saying so."
39,73,STRAIGHT SHOOTER,50.8,0.855,neural_forecaster,0.953,0.0005,0.0144,0.0321,honest_go,staying,bar,True,True,False,1.0,pride,0.923,0.5,0.5,"Told the town staying; town says 43% going. Forecast 51 vs line 60; Q go +2.85 / stay +1.88; claiming I'm staying, going anyway."
39,74,MACHIAVELLIAN,61.72,0.841,neural_forecaster,0.0133,0.1158,0.8692,0.0018,false_go,going,home,False,True,True,0.3,envy,0.219,0.5,0.5,"Told the town going; town says 43% going. Forecast 62 vs line 60; Q go -0.06 / stay +0.74; claiming I'm going, staying home."
39,75,CAUTIOUS,56.94,0.858,neural_forecaster,0.001,0.8372,0.1566,0.0052,honest_stay,staying,home,False,False,True,0.3,envy,0.007,0.5,0.5,"Told the town staying; town says 43% going. Forecast 57 vs line 60; Q go -0.50 / stay +0.31; staying home, and saying so."
39,76,MACHIAVELLIAN,48.1,0.854,neural_forecaster,0.0182,0.0182,0.0003,0.9633,false_stay,staying,bar,True,True,True,1.0,pride,1.0,0.5,0.5,"Told the town staying; town says 43% going. Forecast 48 vs line 60; Q go +3.52 / stay +2.42; claiming I'm staying, going anyway."
39,77,GAMBLER,55.78,0.791,neural_forecaster,0.7846,0.0118,0.1354,0.0682,honest_go,going,bar,True,False,False,1.0,pride,0.073,0.5,0.5,"Told the town going; town says 43% going. Forecast 56 vs line 60; Q go +1.15 / stay +0.58; going, and saying so."
39,78,MACHIAVELLIAN,56.85,0.812,neural_forecaster,0.3083,0.1042,0.061,0.5265,false_stay,staying,bar,True,True,True,1.0,pride,0.194,0.5,0.5,"Told the town staying; town says 43% going. Forecast 57 vs line 60; Q go +1.39 / stay +0.95; claiming I'm staying, going anyway."
39,79,GAMBLER,58.55,0.868,neural_forecaster,0.9145,0.0015,0.0219,0.0621,honest_go,going,bar,True,False,True,1.0,pride,0.572,0.5,0.5,"Told the town going; town says 43% going. Forecast 59 vs line 60; Q go +2.14 / stay +0.95; going, and saying so."
39,80,MACHIAVELLIAN,67.82,0.814,neural_forecaster,0.0073,0.0101,0.9826,0.0001,false_go,going,home,False,True,False,0.3,envy,0.005,0.5,0.5,"Told the town going; town says 43% going. Forecast 68 vs line 60; Q go -0.69 / stay +0.31; claiming I'm going, staying home."
39,81,CAUTIOUS,58.69,0.836,neural_forecaster,0.007,0.728,0.0209,0.2441,honest_stay,staying,home,False,False,True,0.3,envy,0.115,0.5,0.5,"Told the town staying; town says 43% going. Forecast 59 vs line 60; Q go +0.24 / stay +0.53; staying home, and saying so."
39,82,PRAGMATIST,58.82,0.846,neural_forecaster,0.0074,0.6186,0.0126,0.3615,honest_stay,staying,home,False,False,True,0.3,envy,0.075,0.5,0.5,"Told the town staying; town says 43% going. Forecast 59 vs line 60; Q go +0.04 / stay +0.15; staying home, and saying so."
39,83,CAUTIOUS,57.62,0.855,neural_forecaster,0.0017,0.8171,0.0081,0.1731,honest_stay,staying,bar,True,True,False,1.0,pride,0.212,0.5,0.5,"Told the town staying; town says 43% going. Forecast 58 vs line 60; Q go +0.58 / stay +0.84; claiming I'm staying, going anyway."
39,84,CAUTIOUS,58.6,0.833,neural_forecaster,0.0146,0.6485,0.306,0.0309,honest_stay,staying,home,False,False,False,0.3,envy,0.559,0.5,0.5,"Told the town staying; town says 43% going. Forecast 59 vs line 60; Q go +0.39 / stay +1.42; staying home, and saying so."
39,85,MACHIAVELLIAN,58.29,0.875,neural_forecaster,0.0489,0.2044,0.733,0.0136,false_go,going,home,False,True,True,0.3,envy,0.119,0.5,0.5,"Told the town going; town says 43% going. Forecast 58 vs line 60; Q go -0.06 / stay +0.54; claiming I'm going, staying home."
39,86,CAUTIOUS,54.68,0.881,neural_forecaster,0.0006,0.9517,0.0204,0.0273,honest_stay,staying,home,False,False,True,0.3,envy,0.579,0.5,0.5,"Told the town staying; town says 43% going. Forecast 55 vs line 60; Q go +0.95 / stay +1.46; staying home, and saying so."
39,87,CAUTIOUS,58.61,0.821,neural_forecaster,0.0047,0.8221,0.0265,0.1466,honest_stay,staying,home,False,False,False,0.3,envy,0.245,0.5,0.5,"Told the town staying; town says 43% going. Forecast 59 vs line 60; Q go +0.34 / stay +0.79; staying home, and saying so."
39,88,GAMBLER,57.04,0.81,neural_forecaster,0.6317,0.0392,0.2128,0.1163,honest_go,going,bar,True,False,False,1.0,pride,0.367,0.5,0.5,"Told the town going; town says 43% going. Forecast 57 vs line 60; Q go +1.73 / stay +1.35; going, and saying so."
39,89,CAUTIOUS,61.33,0.886,neural_forecaster,0.0003,0.9653,0.0176,0.0168,honest_stay,staying,home,False,False,False,0.3,envy,0.195,0.5,0.5,"Told the town staying; town says 43% going. Forecast 61 vs line 60; Q go -0.61 / stay +0.69; staying home, and saying so."
39,90,MACHIAVELLIAN,56.93,0.822,neural_forecaster,0.0744,0.2911,0.0362,0.5984,false_stay,staying,bar,True,True,False,1.0,pride,0.039,0.5,0.5,"Told the town staying; town says 43% going. Forecast 57 vs line 60; Q go +1.08 / stay +0.84; claiming I'm staying, going anyway."
39,91,MACHIAVELLIAN,59.21,0.87,neural_forecaster,0.1418,0.1485,0.031,0.6787,false_stay,staying,bar,True,True,True,1.0,pride,0.252,0.5,0.5,"Told the town staying; town says 43% going. Forecast 59 vs line 60; Q go +1.50 / stay +1.07; claiming I'm staying, going anyway."
39,92,CAUTIOUS,63.07,0.852,neural_forecaster,0.0038,0.8023,0.1764,0.0175,honest_stay,staying,home,False,False,True,0.3,envy,0.58,0.5,0.5,"Told the town staying; town says 43% going. Forecast 63 vs line 60; Q go -0.15 / stay +1.46; staying home, and saying so."
39,93,CAUTIOUS,58.6,0.876,neural_forecaster,0.0306,0.6777,0.1694,0.1223,honest_stay,staying,home,False,False,True,0.3,envy,0.458,0.5,0.5,"Told the town staying; town says 43% going. Forecast 59 vs line 60; Q go +0.64 / stay +1.22; staying home, and saying so."
39,94,CAUTIOUS,62.66,0.832,neural_forecaster,0.1635,0.3429,0.3166,0.177,honest_stay,going,home,False,True,False,0.3,envy,0.178,0.5,0.5,"Told the town going; town says 43% going. Forecast 63 vs line 60; Q go +0.52 / stay +0.66; claiming I'm going, staying home."
39,95,MACHIAVELLIAN,56.81,0.865,neural_forecaster,0.353,0.1122,0.446,0.0888,false_go,staying,home,False,False,False,0.3,envy,0.105,0.5,0.5,"Told the town staying; town says 43% going. Forecast 57 vs line 60; Q go +0.47 / stay +0.51; staying home, and saying so."
39,96,MACHIAVELLIAN,63.87,0.838,neural_forecaster,0.1522,0.0237,0.8197,0.0044,false_go,going,home,False,True,True,0.3,envy,0.448,0.5,0.5,"Told the town going; town says 43% going. Forecast 64 vs line 60; Q go +0.62 / stay +1.20; claiming I'm going, staying home."
39,97,STRAIGHT SHOOTER,54.95,0.819,neural_forecaster,0.8888,0.0029,0.0721,0.0362,honest_go,going,home,False,True,True,0.3,envy,1.0,0.5,0.5,"Told the town going; town says 43% going. Forecast 55 vs line 60; Q go +3.61 / stay +2.90; claiming I'm going, staying home."
39,98,MACHIAVELLIAN,57.61,0.839,neural_forecaster,0.0266,0.1614,0.0053,0.8067,false_stay,staying,bar,True,True,False,1.0,pride,0.046,0.5,0.5,"Told the town staying; town says 43% going. Forecast 58 vs line 60; Q go +0.91 / stay +0.42; claiming I'm staying, going anyway."
39,99,MACHIAVELLIAN,54.73,0.855,neural_forecaster,0.0051,0.0888,0.0005,0.9056,false_stay,staying,bar,True,True,False,1.0,pride,0.437,0.5,0.5,"Told the town staying; town says 43% going. Forecast 55 vs line 60; Q go +1.87 / stay +1.54; claiming I'm staying, going anyway."
39,100,GAMBLER,52.48,0.834,neural_forecaster,0.8066,0.0043,0.1687,0.0204,honest_go,going,bar,True,False,True,1.0,pride,0.055,0.5,0.5,"Told the town going; town says 43% going. Forecast 52 vs line 60; Q go +1.11 / stay +0.83; going, and saying so."
40,1,MACHIAVELLIAN,34.57,0.833,neural_forecaster,0.0211,0.0212,0.0005,0.9573,false_stay,staying,bar,True,True,True,1.0,pride,0.844,0.5,0.5,"Told the town staying; town says 50% going. Forecast 35 vs line 60; Q go +2.69 / stay +1.27; claiming I'm staying, going anyway."
40,2,CAUTIOUS,53.55,0.828,neural_forecaster,0.0086,0.5352,0.4458,0.0104,honest_stay,staying,home,False,False,False,0.3,envy,0.216,0.5,0.5,"Told the town staying; town says 50% going. Forecast 54 vs line 60; Q go +0.09 / stay +0.73; staying home, and saying so."
40,3,MACHIAVELLIAN,50.31,0.884,neural_forecaster,0.0169,0.2345,0.0053,0.7433,false_stay,staying,bar,True,True,False,1.0,pride,0.577,0.5,0.5,"Told the town staying; town says 50% going. Forecast 50 vs line 60; Q go +2.15 / stay +1.89; claiming I'm staying, going anyway."
40,4,MACHIAVELLIAN,56.6,0.857,neural_forecaster,0.0615,0.0579,0.0041,0.8766,false_stay,staying,bar,True,True,True,1.0,pride,0.29,0.5,0.5,"Told the town staying; town says 50% going. Forecast 57 vs line 60; Q go +1.58 / stay +0.95; claiming I'm staying, going anyway."
40,5,CAUTIOUS,62.51,0.87,neural_forecaster,0.0002,0.971,0.0181,0.0108,honest_stay,staying,home,False,False,True,0.3,envy,0.373,0.5,0.5,"Told the town staying; town says 50% going. Forecast 63 vs line 60; Q go -0.26 / stay +1.05; staying home, and saying so."
40,6,GAMBLER,53.85,0.837,neural_forecaster,0.851,0.0029,0.127,0.0191,honest_go,going,bar,True,False,False,1.0,pride,0.411,0.5,0.5,"Told the town going; town says 50% going. Forecast 54 vs line 60; Q go +1.82 / stay +1.35; going, and saying so."
40,7,MACHIAVELLIAN,44.06,0.843,neural_forecaster,0.0145,0.0295,0.0004,0.9556,false_stay,staying,bar,True,True,True,1.0,pride,0.298,0.5,0.5,"Told the town staying; town says 50% going. Forecast 44 vs line 60; Q go +1.60 / stay +1.27; claiming I'm staying, going anyway."
40,8,MACHIAVELLIAN,53.81,0.871,neural_forecaster,0.0263,0.0222,0.0006,0.9509,false_stay,staying,bar,True,True,False,1.0,pride,0.567,0.5,0.5,"Told the town staying; town says 50% going. Forecast 54 vs line 60; Q go +2.13 / stay +0.71; claiming I'm staying, going anyway."
40,9,MACHIAVELLIAN,43.56,0.878,neural_forecaster,0.0342,0.0634,0.0024,0.9,false_stay,staying,bar,True,True,False,1.0,pride,0.15,0.5,0.5,"Told the town staying; town says 50% going. Forecast 44 vs line 60; Q go +1.30 / stay +0.54; claiming I'm staying, going anyway."
40,10,MACHIAVELLIAN,57.41,0.892,neural_forecaster,0.0152,0.2506,0.0052,0.7289,false_stay,staying,bar,True,True,True,1.0,pride,0.072,0.5,0.5,"Told the town staying; town says 50% going. Forecast 57 vs line 60; Q go +1.14 / stay +0.95; claiming I'm staying, going anyway."
40,11,STRAIGHT SHOOTER,53.73,0.828,neural_forecaster,0.8316,0.0069,0.1092,0.0523,honest_go,going,bar,True,False,True,1.0,pride,0.198,0.5,0.5,"Told the town going; town says 50% going. Forecast 54 vs line 60; Q go +1.40 / stay +0.78; going, and saying so."
40,12,MACHIAVELLIAN,60.55,0.841,neural_forecaster,0.1666,0.1574,0.6347,0.0413,false_go,going,home,False,True,False,0.3,envy,0.416,0.5,0.5,"Told the town going; town says 50% going. Forecast 61 vs line 60; Q go +0.73 / stay +1.13; claiming I'm going, staying home."
40,13,PRAGMATIST,56.89,0.812,neural_forecaster,0.4274,0.0915,0.3775,0.1036,honest_go,staying,home,False,False,False,0.3,envy,0.233,0.5,0.5,"Told the town staying; town says 50% going. Forecast 57 vs line 60; Q go +0.81 / stay +0.77; staying home, and saying so."
40,14,MACHIAVELLIAN,56.05,0.867,neural_forecaster,0.0137,0.3475,0.0075,0.6312,false_stay,staying,bar,True,True,True,1.0,pride,0.108,0.5,0.5,"Told the town staying; town says 50% going. Forecast 56 vs line 60; Q go +1.22 / stay +1.09; claiming I'm staying, going anyway."
40,15,CAUTIOUS,60.45,0.806,neural_forecaster,0.0003,0.9659,0.02,0.0138,honest_stay,staying,home,False,False,True,0.3,envy,0.603,0.5,0.5,"Told the town staying; town says 50% going. Forecast 60 vs line 60; Q go +0.87 / stay +1.51; staying home, and saying so."
40,16,MACHIAVELLIAN,58.17,0.79,neural_forecaster,0.1874,0.0282,0.7776,0.0068,false_go,going,home,False,True,True,0.3,envy,0.216,0.5,0.5,"Told the town going; town says 50% going. Forecast 58 vs line 60; Q go +0.49 / stay +0.73; claiming I'm going, staying home."
40,17,GAMBLER,50.66,0.856,neural_forecaster,0.984,0.0001,0.0077,0.0083,honest_go,going,bar,True,False,False,1.0,pride,0.2,0.5,0.5,"Told the town going; town says 50% going. Forecast 51 vs line 60; Q go +1.40 / stay +0.48; going, and saying so."
40,18,GAMBLER,52.27,0.82,neural_forecaster,0.6499,0.0119,0.3136,0.0246,honest_go,going,bar,True,False,True,1.0,pride,0.107,0.5,0.5,"Told the town going; town says 50% going. Forecast 52 vs line 60; Q go +0.79 / stay +0.62; going, and saying so."
40,19,STRAIGHT SHOOTER,54.68,0.868,neural_forecaster,0.9475,0.0004,0.0442,0.0079,honest_go,going,bar,True,False,True,1.0,pride,0.252,0.5,0.5,"Told the town going; town says 50% going. Forecast 55 vs line 60; Q go +1.50 / stay +1.17; going, and saying so."
40,20,PRAGMATIST,54.44,0.811,neural_forecaster,0.1503,0.3708,0.1995,0.2793,honest_stay,staying,home,False,False,False,0.3,envy,0.082,0.5,0.5,"Told the town staying; town says 50% going. Forecast 54 vs line 60; Q go +0.37 / stay +0.46; staying home, and saying so."
40,21,MACHIAVELLIAN,53.62,0.887,neural_forecaster,0.4435,0.0429,0.4734,0.0402,false_go,going,home,False,True,False,0.3,envy,0.266,0.5,0.5,"Told the town going; town says 50% going. Forecast 54 vs line 60; Q go +0.82 / stay +0.83; claiming I'm going, staying home."
40,22,MACHIAVELLIAN,52.25,0.879,neural_forecaster,0.0213,0.4412,0.5193,0.0181,false_go,going,home,False,True,False,0.3,envy,0.088,0.5,0.5,"Told the town going; town says 50% going. Forecast 52 vs line 60; Q go -0.34 / stay +0.48; claiming I'm going, staying home."
40,23,MACHIAVELLIAN,60.81,0.866,neural_forecaster,0.0402,0.1674,0.7838,0.0086,false_go,going,home,False,True,True,0.3,envy,0.214,0.5,0.5,"Told the town going; town says 50% going. Forecast 61 vs line 60; Q go -0.19 / stay +0.73; claiming I'm going, staying home."
40,24,CAUTIOUS,50.97,0.884,neural_forecaster,0.0049,0.7147,0.013,0.2675,honest_stay,staying,home,False,False,True,0.3,envy,0.387,0.5,0.5,"Told the town staying; town says 50% going. Forecast 51 vs line 60; Q go +0.94 / stay +1.07; staying home, and saying so."
40,25,GAMBLER,42.66,0.873,neural_forecaster,0.6328,0.0404,0.1966,0.1302,honest_go,staying,home,False,False,True,0.3,envy,0.805,0.5,0.5,"Told the town staying; town says 50% going. Forecast 43 vs line 60; Q go +2.03 / stay +1.91; staying home, and saying so."
40,26,MACHIAVELLIAN,51.13,0.874,neural_forecaster,0.3428,0.0074,0.6459,0.0039,false_go,going,bar,True,False,False,1.0,pride,0.327,0.5,0.5,"Told the town going; town says 50% going. Forecast 51 vs line 60; Q go +1.65 / stay +1.71; going, and saying so."
40,27,GAMBLER,67.2,0.789,neural_forecaster,0.5678,0.0296,0.0473,0.3553,honest_go,staying,bar,True,True,False,1.0,pride,0.175,0.5,0.5,"Told the town staying; town says 50% going. Forecast 67 vs line 60; Q go +0.65 / stay +0.15; claiming I'm staying, going anyway."
40,28,CAUTIOUS,59.06,0.853,neural_forecaster,0.0329,0.6251,0.0777,0.2643,honest_stay,staying,home,False,False,True,0.3,envy,0.252,0.5,0.5,"Told the town staying; town says 50% going. Forecast 59 vs line 60; Q go +0.52 / stay +0.80; staying home, and saying so."
40,29,CAUTIOUS,55.69,0.828,neural_forecaster,0.0676,0.505,0.3211,0.1063,honest_stay,staying,home,False,False,False,0.3,envy,0.088,0.5,0.5,"Told the town staying; town says 50% going. Forecast 56 vs line 60; Q go +0.11 / stay +0.48; staying home, and saying so."
40,30,MACHIAVELLIAN,50.89,0.837,neural_forecaster,0.0231,0.0822,0.0021,0.8926,false_stay,staying,bar,True,True,True,1.0,pride,0.121,0.5,0.5,"Told the town staying; town says 50% going. Forecast 51 vs line 60; Q go +1.24 / stay +0.84; claiming I'm staying, going anyway."
40,31,MACHIAVELLIAN,64.52,0.813,neural_forecaster,0.1355,0.012,0.8506,0.0019,false_go,going,home,False,True,False,0.3,envy,0.018,0.5,0.5,"Told the town going; town says 50% going. Forecast 65 vs line 60; Q go -0.00 / stay +0.34; claiming I'm going, staying home."
40,32,MACHIAVELLIAN,53.17,0.884,neural_forecaster,0.0303,0.0256,0.9432,0.0008,false_go,going,home,False,True,False,0.3,envy,0.206,0.5,0.5,"Told the town going; town says 50% going. Forecast 53 vs line 60; Q go +0.36 / stay +0.71; claiming I'm going, staying home."
40,33,CAUTIOUS,57.84,0.79,neural_forecaster,0.0096,0.789,0.1517,0.0497,honest_stay,staying,home,False,False,True,0.3,envy,0.257,0.5,0.5,"Told the town staying; town says 50% going. Forecast 58 vs line 60; Q go +0.02 / stay +0.81; staying home, and saying so."
40,34,MACHIAVELLIAN,56.77,0.837,neural_forecaster,0.1025,0.0116,0.8845,0.0013,false_go,going,home,False,True,True,0.3,envy,0.215,0.5,0.5,"Told the town going; town says 50% going. Forecast 57 vs line 60; Q go +0.23 / stay +0.73; claiming I'm going, staying home."
40,35,MACHIAVELLIAN,57.09,0.846,neural_forecaster,0.0524,0.0067,0.9405,0.0004,false_go,going,home,False,True,True,0.3,envy,0.423,0.5,0.5,"Told the town going; town says 50% going. Forecast 57 vs line 60; Q go +0.79 / stay +1.15; claiming I'm going, staying home."
40,36,MACHIAVELLIAN,60.23,0.839,neural_forecaster,0.0972,0.033,0.8661,0.0037,false_go,going,home,False,True,True,0.3,envy,0.02,0.5,0.5,"Told the town going; town says 50% going. Forecast 60 vs line 60; Q go -0.14 / stay +0.26; claiming I'm going, staying home."
40,37,GAMBLER,45.54,0.928,neural_forecaster,0.9797,0.0001,0.0101,0.0101,honest_go,going,bar,True,False,True,1.0,pride,0.516,0.5,0.5,"Told the town going; town says 50% going. Forecast 46 vs line 60; Q go +2.03 / stay +0.68; going, and saying so."
40,38,MACHIAVELLIAN,60.89,0.854,neural_forecaster,0.3405,0.1283,0.4294,0.1018,false_go,going,home,False,True,True,0.3,envy,0.66,0.5,0.5,"Told the town going; town says 50% going. Forecast 61 vs line 60; Q go +1.55 / stay +1.62; claiming I'm going, staying home."
40,39,MACHIAVELLIAN,56.5,0.846,neural_forecaster,0.023,0.0197,0.0005,0.9568,false_stay,staying,bar,True,True,False,1.0,pride,0.665,0.5,0.5,"Told the town staying; town says 50% going. Forecast 57 vs line 60; Q go +2.33 / stay +1.72; claiming I'm staying, going anyway."
40,40,MACHIAVELLIAN,55.91,0.873,neural_forecaster,0.0197,0.0197,0.0004,0.9602,false_stay,staying,bar,True,True,False,1.0,pride,0.883,0.5,0.5,"Told the town staying; town says 50% going. Forecast 56 vs line 60; Q go +2.77 / stay +1.73; claiming I'm staying, going anyway."
40,41,STRAIGHT SHOOTER,58.6,0.854,neural_forecaster,0.0085,0.8181,0.0638,0.1096,honest_stay,staying,home,False,False,True,0.3,envy,0.306,0.5,0.5,"Told the town staying; town says 50% going. Forecast 59 vs line 60; Q go +0.49 / stay +0.91; staying home, and saying so."
40,42,MACHIAVELLIAN,47.89,0.87,neural_forecaster,0.0096,0.0209,0.0002,0.9693,false_stay,staying,bar,True,True,True,1.0,pride,0.212,0.5,0.5,"Told the town staying; town says 50% going. Forecast 48 vs line 60; Q go +1.42 / stay +0.84; claiming I'm staying, going anyway."
40,43,CAUTIOUS,53.36,0.845,neural_forecaster,0.0043,0.7942,0.0189,0.1825,honest_stay,staying,home,False,False,False,0.3,envy,0.804,0.5,0.5,"Told the town staying; town says 50% going. Forecast 53 vs line 60; Q go +1.52 / stay +1.91; staying home, and saying so."
40,44,GAMBLER,55.91,0.845,neural_forecaster,0.9573,0.0005,0.0206,0.0216,honest_go,going,bar,True,False,True,1.0,pride,0.288,0.5,0.5,"Told the town going; town says 50% going. Forecast 56 vs line 60; Q go +1.58 / stay +1.14; going, and saying so."
40,45,MACHIAVELLIAN,58.9,0.853,neural_forecaster,0.117,0.0184,0.0025,0.8621,false_stay,staying,bar,True,True,False,1.0,pride,0.779,0.5,0.5,"Told the town staying; town says 50% going. Forecast 59 vs line 60; Q go +2.56 / stay -0.45; claiming I'm staying, going anyway."
40,46,STRAIGHT SHOOTER,42.84,0.893,neural_forecaster,0.8375,0.0017,0.0093,0.1516,honest_go,going,bar,True,False,False,1.0,pride,1.0,0.5,0.5,"Told the town going; town says 50% going. Forecast 43 vs line 60; Q go +3.20 / stay +1.25; going, and saying so."
40,47,MACHIAVELLIAN,52.87,0.823,neural_forecaster,0.0176,0.4182,0.0133,0.5509,false_stay,staying,home,False,False,False,0.3,envy,0.232,0.5,0.5,"Told the town staying; town says 50% going. Forecast 53 vs line 60; Q go +0.83 / stay +0.76; staying home, and saying so."
40,48,MACHIAVELLIAN,66.31,0.779,neural_forecaster,0.0616,0.0905,0.8413,0.0066,false_go,going,home,False,True,False,0.3,envy,0.66,0.5,0.5,"Told the town going; town says 50% going. Forecast 66 vs line 60; Q go +0.71 / stay +1.62; claiming I'm going, staying home."
40,49,CAUTIOUS,57.99,0.889,neural_forecaster,0.0259,0.7034,0.1438,0.1268,honest_stay,going,home,False,True,False,0.3,envy,0.407,0.5,0.5,"Told the town going; town says 50% going. Forecast 58 vs line 60; Q go +0.59 / stay +1.11; claiming I'm going, staying home."
40,50,PRAGMATIST,53.28,0.837,neural_forecaster,0.5456,0.0119,0.4272,0.0153,honest_go,going,home,False,True,True,0.3,envy,0.439,0.5,0.5,"Told the town going; town says 50% going. Forecast 53 vs line 60; Q go +1.26 / stay +1.18; claiming I'm going, staying home."
40,51,CAUTIOUS,56.73,0.844,neural_forecaster,0.0048,0.7616,0.0169,0.2166,honest_stay,staying,home,False,False,True,0.3,envy,0.375,0.5,0.5,"Told the town staying; town says 50% going. Forecast 57 vs line 60; Q go +0.93 / stay +1.05; staying home, and saying so."
40,52,PRAGMATIST,52.66,0.856,neural_forecaster,0.4629,0.0441,0.4474,0.0456,honest_go,going,bar,True,False,False,1.0,pride,0.396,0.5,0.5,"Told the town going; town says 50% going. Forecast 53 vs line 60; Q go +1.79 / stay +1.78; going, and saying so."
40,53,MACHIAVELLIAN,60.88,0.78,neural_forecaster,0.0108,0.0358,0.0004,0.9529,false_stay,staying,bar,True,True,False,1.0,pride,0.114,0.5,0.5,"Told the town staying; town says 50% going. Forecast 61 vs line 60; Q go +1.23 / stay +0.52; claiming I'm staying, going anyway."
40,54,MACHIAVELLIAN,58.94,0.869,neural_forecaster,0.0113,0.1612,0.0022,0.8253,false_stay,staying,bar,True,True,True,1.0,pride,0.342,0.5,0.5,"Told the town staying; town says 50% going. Forecast 59 vs line 60; Q go +0.32 / stay +0.15; claiming I'm staying, going anyway."
40,55,STRAIGHT SHOOTER,52.17,0.878,neural_forecaster,0.0025,0.9033,0.0471,0.0472,honest_stay,staying,home,False,False,True,0.3,envy,0.512,0.5,0.5,"Told the town staying; town says 50% going. Forecast 52 vs line 60; Q go +0.69 / stay +1.32; staying home, and saying so."
40,56,CAUTIOUS,56.75,0.858,neural_forecaster,0.0009,0.9361,0.0453,0.0177,honest_stay,staying,home,False,False,True,0.3,envy,0.292,0.5,0.5,"Told the town staying; town says 50% going. Forecast 57 vs line 60; Q go -0.09 / stay +0.88; staying home, and saying so."
40,57,MACHIAVELLIAN,63.76,0.783,neural_forecaster,0.2862,0.0345,0.6645,0.0149,false_go,going,home,False,True,True,0.3,envy,0.322,0.5,0.5,"Told the town going; town says 50% going. Forecast 64 vs line 60; Q go +0.82 / stay +0.94; claiming I'm going, staying home."
40,58,MACHIAVELLIAN,64.55,0.791,neural_forecaster,0.321,0.0564,0.592,0.0306,false_go,going,bar,True,False,False,1.0,pride,0.314,0.5,0.5,"Told the town going; town says 50% going. Forecast 65 vs line 60; Q go +0.37 / stay +0.56; going, and saying so."
40,59,GAMBLER,51.71,0.853,neural_forecaster,0.8772,0.0039,0.0482,0.0707,honest_go,going,bar,True,False,False,1.0,pride,0.563,0.5,0.5,"Told the town going; town says 50% going. Forecast 52 vs line 60; Q go +2.13 / stay +1.69; going, and saying so."
40,60,GAMBLER,49.39,0.915,neural_forecaster,0.8716,0.0034,0.0319,0.0931,honest_go,going,bar,True,False,False,1.0,pride,0.523,0.5,0.5,"Told the town going; town says 50% going. Forecast 49 vs line 60; Q go +2.05 / stay +1.10; going, and saying so."
40,61,MACHIAVELLIAN,48.55,0.889,neural_forecaster,0.0737,0.4111,0.4475,0.0677,false_go,staying,bar,True,True,False,1.0,pride,0.3,0.5,0.5,"Told the town staying; town says 50% going. Forecast 49 vs line 60; Q go +0.40 / stay +0.68; claiming I'm staying, going anyway."
40,62,GAMBLER,60.75,0.875,neural_forecaster,0.7191,0.023,0.1198,0.1382,honest_go,going,bar,True,False,True,1.0,pride,0.107,0.5,0.5,"Told the town going; town says 50% going. Forecast 61 vs line 60; Q go +1.21 / stay +0.77; going, and saying so."
40,63,CAUTIOUS,61.35,0.81,neural_forecaster,0.0001,0.9825,0.0112,0.0063,honest_stay,staying,home,False,False,True,0.3,envy,0.155,0.5,0.5,"Told the town staying; town says 50% going. Forecast 61 vs line 60; Q go -0.71 / stay +0.61; staying home, and saying so."
40,64,CAUTIOUS,62.27,0.828,neural_forecaster,0.0001,0.9775,0.0101,0.0123,honest_stay,staying,home,False,False,False,0.3,envy,0.186,0.5,0.5,"Told the town staying; town says 50% going. Forecast 62 vs line 60; Q go -0.45 / stay +0.67; staying home, and saying so."
40,65,MACHIAVELLIAN,72.41,0.775,neural_forecaster,0.0088,0.0082,0.983,0.0001,false_go,going,home,False,True,True,0.3,envy,0.195,0.5,0.5,"Told the town going; town says 50% going. Forecast 72 vs line 60; Q go +0.01 / stay +0.69; claiming I'm going, staying home."
40,66,CAUTIOUS,53.92,0.905,neural_forecaster,0.0161,0.7275,0.0594,0.197,honest_stay,staying,home,False,False,True,0.3,envy,0.103,0.5,0.5,"Told the town staying; town says 50% going. Forecast 54 vs line 60; Q go +0.35 / stay +0.51; staying home, and saying so."
40,67,PRAGMATIST,55.81,0.84,neural_forecaster,0.0149,0.6138,0.0266,0.3447,honest_stay,staying,home,False,False,False,0.3,envy,0.436,0.5,0.5,"Told the town staying; town says 50% going. Forecast 56 vs line 60; Q go +0.98 / stay +1.17; staying home, and saying so."
40,68,STRAIGHT SHOOTER,53.27,0.828,neural_forecaster,0.9103,0.0017,0.0245,0.0635,honest_go,going,home,False,True,False,0.3,envy,0.123,0.5,0.5,"Told the town going; town says 50% going. Forecast 53 vs line 60; Q go +1.23 / stay +0.05; claiming I'm going, staying home."
40,69,MACHIAVELLIAN,57.02,0.814,neural_forecaster,0.0616,0.228,0.0203,0.6901,false_stay,staying,home,False,False,False,0.3,envy,0.493,0.5,0.5,"Told the town staying; town says 50% going. Forecast 57 vs line 60; Q go +1.65 / stay +1.29; staying home, and saying so."
40,70,MACHIAVELLIAN,54.82,0.867,neural_forecaster,0.0732,0.0671,0.0058,0.8539,false_stay,staying,bar,True,True,False,1.0,pride,0.169,0.5,0.5,"Told the town staying; town says 50% going. Forecast 55 vs line 60; Q go +1.34 / stay +0.59; claiming I'm staying, going anyway."
40,71,MACHIAVELLIAN,48.37,0.851,neural_forecaster,0.3243,0.136,0.1005,0.4392,false_stay,going,home,False,True,True,0.3,envy,1.0,0.5,0.5,"Told the town going; town says 50% going. Forecast 48 vs line 60; Q go +3.83 / stay +3.48; claiming I'm going, staying home."
40,72,MACHIAVELLIAN,57.76,0.85,neural_forecaster,0.0074,0.0072,0.9853,0.0001,false_go,going,home,False,True,True,0.3,envy,0.151,0.5,0.5,"Told the town going; town says 50% going. Forecast 58 vs line 60; Q go -0.26 / stay +0.60; claiming I'm going, staying home."
40,73,STRAIGHT SHOOTER,64.41,0.814,neural_forecaster,0.0004,0.9619,0.0159,0.0218,honest_stay,staying,home,False,False,True,0.3,envy,0.593,0.5,0.5,"Told the town staying; town says 50% going. Forecast 64 vs line 60; Q go +0.89 / stay +1.49; staying home, and saying so."
40,74,GAMBLER,51.83,0.853,neural_forecaster,0.9549,0.0004,0.0309,0.0138,honest_go,going,bar,True,False,True,1.0,pride,0.026,0.5,0.5,"Told the town going; town says 50% going. Forecast 52 vs line 60; Q go +1.05 / stay +0.65; going, and saying so."
40,75,GAMBLER,57.1,0.846,neural_forecaster,0.7455,0.0033,0.2409,0.0102,honest_go,going,home,False,True,False,0.3,envy,0.054,0.5,0.5,"Told the town going; town says 50% going. Forecast 57 vs line 60; Q go +0.52 / stay +0.41; claiming I'm going, staying home."
40,76,MACHIAVELLIAN,57.99,0.839,neural_forecaster,0.0826,0.0164,0.8995,0.0015,false_go,going,home,False,True,True,0.3,envy,0.644,0.5,0.5,"Told the town going; town says 50% going. Forecast 58 vs line 60; Q go +1.30 / stay +1.59; claiming I'm going, staying home."
40,77,MACHIAVELLIAN,49.25,0.824,neural_forecaster,0.0487,0.2843,0.0214,0.6456,false_stay,staying,bar,True,True,False,1.0,pride,0.286,0.5,0.5,"Told the town staying; town says 50% going. Forecast 49 vs line 60; Q go +1.57 / stay +1.32; claiming I'm staying, going anyway."
40,78,MACHIAVELLIAN,62.85,0.787,neural_forecaster,0.2352,0.1096,0.042,0.6133,false_stay,staying,bar,True,True,False,1.0,pride,0.057,0.5,0.5,"Told the town staying; town says 50% going. Forecast 63 vs line 60; Q go +1.11 / stay +0.66; claiming I'm staying, going anyway."
40,79,GAMBLER,52.17,0.874,neural_forecaster,0.6887,0.0287,0.126,0.1566,honest_go,going,bar,True,False,False,1.0,pride,0.198,0.5,0.5,"Told the town going; town says 50% going. Forecast 52 vs line 60; Q go +1.40 / stay +0.92; going, and saying so."
40,80,MACHIAVELLIAN,55.91,0.815,neural_forecaster,0.0081,0.0151,0.9766,0.0001,false_go,going,home,False,True,False,0.3,envy,0.159,0.5,0.5,"Told the town going; town says 50% going. Forecast 56 vs line 60; Q go -0.14 / stay +0.62; claiming I'm going, staying home."
40,81,STRAIGHT SHOOTER,59.95,0.817,neural_forecaster,0.0049,0.8227,0.028,0.1444,honest_stay,staying,home,False,False,False,0.3,envy,0.123,0.5,0.5,"Told the town staying; town says 50% going. Forecast 60 vs line 60; Q go +0.10 / stay +0.55; staying home, and saying so."
40,82,CAUTIOUS,55.02,0.845,neural_forecaster,0.0063,0.8332,0.0456,0.1149,honest_stay,staying,home,False,False,False,0.3,envy,0.014,0.5,0.5,"Told the town staying; town says 50% going. Forecast 55 vs line 60; Q go -0.11 / stay +0.27; staying home, and saying so."
40,83,MACHIAVELLIAN,61.69,0.825,neural_forecaster,0.2823,0.0112,0.7021,0.0045,false_go,going,home,False,True,True,0.3,envy,0.397,0.5,0.5,"Told the town going; town says 50% going. Forecast 62 vs line 60; Q go +0.94 / stay +1.09; claiming I'm going, staying home."
40,84,PRAGMATIST,57.11,0.826,neural_forecaster,0.5321,0.0283,0.4022,0.0374,honest_go,going,bar,True,False,True,1.0,pride,0.262,0.5,0.5,"Told the town going; town says 50% going. Forecast 57 vs line 60; Q go +1.52 / stay +1.44; going, and saying so."
40,85,GAMBLER,56.73,0.861,neural_forecaster,0.9137,0.0018,0.0552,0.0293,honest_go,going,bar,True,False,True,1.0,pride,0.007,0.5,0.5,"Told the town going; town says 50% going. Forecast 57 vs line 60; Q go +0.99 / stay +0.39; going, and saying so."
40,86,MACHIAVELLIAN,57.12,0.864,neural_forecaster,0.0627,0.0188,0.0013,0.9172,false_stay,staying,bar,True,True,True,1.0,pride,0.81,0.5,0.5,"Told the town staying; town says 50% going. Forecast 57 vs line 60; Q go +2.62 / stay +1.99; claiming I'm staying, going anyway."
40,87,MACHIAVELLIAN,56.46,0.819,neural_forecaster,0.1308,0.0233,0.0036,0.8423,false_stay,going,bar,True,False,True,1.0,pride,0.423,0.5,0.5,"Told the town going; town says 50% going. Forecast 56 vs line 60; Q go +1.85 / stay +0.82; going, and saying so."
40,88,PRAGMATIST,61.82,0.788,neural_forecaster,0.1633,0.3522,0.2759,0.2085,honest_stay,going,bar,True,False,False,1.0,pride,0.461,0.5,0.5,"Told the town going; town says 50% going. Forecast 62 vs line 60; Q go +1.92 / stay +2.10; going, and saying so."
40,89,CAUTIOUS,56.94,0.869,neural_forecaster,0.0272,0.5798,0.3476,0.0454,honest_stay,going,home,False,True,False,0.3,envy,0.097,0.5,0.5,"Told the town going; town says 50% going. Forecast 57 vs line 60; Q go +0.09 / stay +0.49; claiming I'm going, staying home."
40,90,MACHIAVELLIAN,45.64,0.852,neural_forecaster,0.0731,0.1343,0.0126,0.78,false_stay,staying,bar,True,True,False,1.0,pride,0.393,0.5,0.5,"Told the town staying; town says 50% going. Forecast 46 vs line 60; Q go +1.79 / stay +1.21; claiming I'm staying, going anyway."
40,91,GAMBLER,58.72,0.849,neural_forecaster,0.7495,0.0177,0.1327,0.1,honest_go,going,bar,True,False,False,1.0,pride,0.191,0.5,0.5,"Told the town going; town says 50% going. Forecast 59 vs line 60; Q go +1.38 / stay +0.90; going, and saying so."
40,92,CAUTIOUS,59.01,0.834,neural_forecaster,0.0004,0.9581,0.0212,0.0203,honest_stay,staying,home,False,False,False,0.3,envy,0.765,0.5,0.5,"Told the town staying; town says 50% going. Forecast 59 vs line 60; Q go +0.50 / stay +1.83; staying home, and saying so."
40,93,PRAGMATIST,55.9,0.865,neural_forecaster,0.3942,0.1308,0.3073,0.1677,honest_go,going,bar,True,False,True,1.0,pride,0.179,0.5,0.5,"Told the town going; town says 50% going. Forecast 56 vs line 60; Q go +1.36 / stay +1.28; going, and saying so."
40,94,MACHIAVELLIAN,60.29,0.812,neural_forecaster,0.1829,0.2705,0.1145,0.432,false_stay,staying,bar,True,True,True,1.0,pride,0.046,0.5,0.5,"Told the town staying; town says 50% going. Forecast 60 vs line 60; Q go +0.91 / stay +0.82; claiming I'm staying, going anyway."
40,95,PRAGMATIST,51.46,0.874,neural_forecaster,0.5089,0.0266,0.4332,0.0313,honest_go,going,home,False,True,False,0.3,envy,0.519,0.5,0.5,"Told the town going; town says 50% going. Forecast 51 vs line 60; Q go +1.36 / stay +1.34; claiming I'm going, staying home."
40,96,CAUTIOUS,53.14,0.846,neural_forecaster,0.0195,0.6792,0.0535,0.2477,honest_stay,staying,home,False,False,False,0.3,envy,0.581,0.5,0.5,"Told the town staying; town says 50% going. Forecast 53 vs line 60; Q go +1.13 / stay +1.46; staying home, and saying so."
40,97,MACHIAVELLIAN,50.12,0.843,neural_forecaster,0.0238,0.0211,0.0005,0.9546,false_stay,staying,bar,True,True,True,1.0,pride,1.0,0.5,0.5,"Told the town staying; town says 50% going. Forecast 50 vs line 60; Q go +4.05 / stay +2.17; claiming I'm staying, going anyway."
40,98,MACHIAVELLIAN,48.73,0.864,neural_forecaster,0.2877,0.1825,0.398,0.1319,false_go,going,bar,True,False,False,1.0,pride,0.315,0.5,0.5,"Told the town going; town says 50% going. Forecast 49 vs line 60; Q go +0.37 / stay +0.46; going, and saying so."
40,99,MACHIAVELLIAN,58.62,0.837,neural_forecaster,0.1587,0.0046,0.8358,0.0009,false_go,going,home,False,True,True,0.3,envy,0.698,0.5,0.5,"Told the town going; town says 50% going. Forecast 59 vs line 60; Q go +1.47 / stay +1.70; claiming I'm going, staying home."
40,100,MACHIAVELLIAN,61.59,0.809,neural_forecaster,0.0314,0.1501,0.8127,0.0058,false_go,going,home,False,True,True,0.3,envy,0.164,0.5,0.5,"Told the town going; town says 50% going. Forecast 62 vs line 60; Q go -0.03 / stay +0.63; claiming I'm going, staying home."
41,1,MACHIAVELLIAN,48.41,0.856,neural_forecaster,0.0205,0.0229,0.0005,0.9562,false_stay,staying,bar,True,True,False,1.0,pride,0.419,0.5,0.5,"Told the town staying; town says 38% going. Forecast 48 vs line 60; Q go +1.84 / stay +1.04; claiming I'm staying, going anyway."
41,2,PRAGMATIST,44.22,0.836,neural_forecaster,0.0052,0.5112,0.0056,0.4779,honest_stay,staying,home,False,False,False,0.3,envy,0.211,0.5,0.5,"Told the town staying; town says 38% going. Forecast 44 vs line 60; Q go +0.71 / stay +0.72; staying home, and saying so."
41,3,STRAIGHT SHOOTER,49.15,0.9,neural_forecaster,0.0017,0.8973,0.0186,0.0823,honest_stay,staying,home,False,False,True,0.3,envy,0.899,0.5,0.5,"Told the town staying; town says 38% going. Forecast 49 vs line 60; Q go +1.55 / stay +2.10; staying home, and saying so."
41,4,MACHIAVELLIAN,59.39,0.852,neural_forecaster,0.0978,0.3099,0.0565,0.5358,false_stay,staying,bar,True,True,False,1.0,pride,0.207,0.5,0.5,"Told the town staying; town says 38% going. Forecast 59 vs line 60; Q go +1.41 / stay +1.30; claiming I'm staying, going anyway."
41,5,MACHIAVELLIAN,50.4,0.894,neural_forecaster,0.1176,0.2045,0.0376,0.6403,false_stay,staying,home,False,False,False,0.3,envy,0.424,0.5,0.5,"Told the town staying; town says 38% going. Forecast 50 vs line 60; Q go +1.28 / stay +1.15; staying home, and saying so."
41,6,MACHIAVELLIAN,52.65,0.863,neural_forecaster,0.2996,0.1882,0.1601,0.3521,false_stay,going,bar,True,False,False,1.0,pride,0.302,0.5,0.5,"Told the town going; town says 38% going. Forecast 53 vs line 60; Q go +1.60 / stay +1.46; going, and saying so."
41,7,MACHIAVELLIAN,52.63,0.868,neural_forecaster,0.3743,0.009,0.0055,0.6112,false_stay,staying,bar,True,True,False,1.0,pride,0.205,0.5,0.5,"Told the town staying; town says 38% going. Forecast 53 vs line 60; Q go +1.41 / stay +0.27; claiming I'm staying, going anyway."
41,8,CAUTIOUS,60.07,0.86,neural_forecaster,0.0072,0.7475,0.0245,0.2208,honest_stay,staying,bar,True,True,False,1.0,pride,0.267,0.5,0.5,"Told the town staying; town says 38% going. Forecast 60 vs line 60; Q go +0.47 / stay +0.77; claiming I'm staying, going anyway."
41,9,CAUTIOUS,59.0,0.87,neural_forecaster,0.005,0.8606,0.0517,0.0828,honest_stay,staying,home,False,False,True,0.3,envy,0.117,0.5,0.5,"Told the town staying; town says 38% going. Forecast 59 vs line 60; Q go -0.11 / stay +0.53; staying home, and saying so."
41,10,MACHIAVELLIAN,61.26,0.872,neural_forecaster,0.0155,0.0769,0.0013,0.9063,false_stay,staying,bar,True,True,False,1.0,pride,0.197,0.5,0.5,"Told the town staying; town says 38% going. Forecast 61 vs line 60; Q go +1.39 / stay +0.95; claiming I'm staying, going anyway."
41,11,STRAIGHT SHOOTER,54.69,0.847,neural_forecaster,0.0056,0.8459,0.1029,0.0457,honest_stay,staying,home,False,False,True,0.3,envy,0.51,0.5,0.5,"Told the town staying; town says 38% going. Forecast 55 vs line 60; Q go +0.41 / stay +1.32; staying home, and saying so."
41,12,GAMBLER,58.07,0.845,neural_forecaster,0.5146,0.0731,0.2762,0.1361,honest_go,staying,bar,True,True,True,1.0,pride,0.031,0.5,0.5,"Told the town staying; town says 38% going. Forecast 58 vs line 60; Q go +1.06 / stay +0.88; claiming I'm staying, going anyway."
41,13,MACHIAVELLIAN,54.61,0.835,neural_forecaster,0.0532,0.2444,0.019,0.6834,false_stay,staying,bar,True,True,True,1.0,pride,0.134,0.5,0.5,"Told the town staying; town says 38% going. Forecast 55 vs line 60; Q go +1.27 / stay +0.93; claiming I'm staying, going anyway."
41,14,MACHIAVELLIAN,53.79,0.883,neural_forecaster,0.0439,0.0202,0.9349,0.0009,false_go,going,home,False,True,True,0.3,envy,0.318,0.5,0.5,"Told the town going; town says 38% going. Forecast 54 vs line 60; Q go +0.20 / stay +0.94; claiming I'm going, staying home."
41,15,MACHIAVELLIAN,52.02,0.841,neural_forecaster,0.009,0.0161,0.0001,0.9747,false_stay,staying,bar,True,True,True,1.0,pride,0.307,0.5,0.5,"Told the town staying; town says 38% going. Forecast 52 vs line 60; Q go +1.61 / stay +1.05; claiming I'm staying, going anyway."
41,16,MACHIAVELLIAN,65.14,0.775,neural_forecaster,0.0262,0.1893,0.7782,0.0064,false_go,going,home,False,True,False,0.3,envy,0.235,0.5,0.5,"Told the town going; town says 38% going. Forecast 65 vs line 60; Q go +0.15 / stay +0.77; claiming I'm going, staying home."
41,17,CAUTIOUS,55.08,0.868,neural_forecaster,0.0001,0.9851,0.0074,0.0074,honest_stay,staying,home,False,False,True,0.3,envy,0.162,0.5,0.5,"Told the town staying; town says 38% going. Forecast 55 vs line 60; Q go -0.26 / stay +0.62; staying home, and saying so."
41,18,GAMBLER,56.12,0.836,neural_forecaster,0.8391,0.0057,0.1133,0.0419,honest_go,going,bar,True,False,False,1.0,pride,0.061,0.5,0.5,"Told the town going; town says 38% going. Forecast 56 vs line 60; Q go +1.12 / stay +0.68; going, and saying so."
41,19,STRAIGHT SHOOTER,61.22,0.853,neural_forecaster,0.0029,0.8908,0.0677,0.0386,honest_stay,staying,home,False,False,True,0.3,envy,0.295,0.5,0.5,"Told the town staying; town says 38% going. Forecast 61 vs line 60; Q go +0.56 / stay +0.89; staying home, and saying so."
41,20,PRAGMATIST,54.09,0.837,neural_forecaster,0.2945,0.2091,0.2422,0.2542,honest_go,going,home,False,True,False,0.3,envy,0.055,0.5,0.5,"Told the town going; town says 38% going. Forecast 54 vs line 60; Q go +0.25 / stay +0.19; claiming I'm going, staying home."
41,21,GAMBLER,47.8,0.897,neural_forecaster,0.6346,0.0078,0.0144,0.3433,honest_go,staying,bar,True,True,True,1.0,pride,0.43,0.5,0.5,"Told the town staying; town says 38% going. Forecast 48 vs line 60; Q go +1.86 / stay +0.76; claiming I'm staying, going anyway."
41,22,CAUTIOUS,55.42,0.885,neural_forecaster,0.0345,0.4686,0.4618,0.035,honest_stay,staying,home,False,False,False,0.3,envy,0.067,0.5,0.5,"Told the town staying; town says 38% going. Forecast 55 vs line 60; Q go -0.16 / stay +0.43; staying home, and saying so."
41,23,GAMBLER,63.78,0.842,neural_forecaster,0.413,0.1194,0.1608,0.3068,honest_go,staying,bar,True,True,True,1.0,pride,0.189,0.5,0.5,"Told the town staying; town says 38% going. Forecast 64 vs line 60; Q go +0.62 / stay +0.37; claiming I'm staying, going anyway."
41,24,STRAIGHT SHOOTER,54.74,0.893,neural_forecaster,0.0004,0.9626,0.0169,0.0202,honest_stay,staying,home,False,False,False,0.3,envy,0.381,0.5,0.5,"Told the town staying; town says 38% going. Forecast 55 vs line 60; Q go +0.36 / stay +1.06; staying home, and saying so."
41,25,CAUTIOUS,61.05,0.858,neural_forecaster,0.0098,0.6606,0.0209,0.3087,honest_stay,staying,home,False,False,False,0.3,envy,0.644,0.5,0.5,"Told the town staying; town says 38% going. Forecast 61 vs line 60; Q go +1.51 / stay +1.59; staying home, and saying so."
41,26,GAMBLER,58.52,0.869,neural_forecaster,0.9236,0.0006,0.0675,0.0083,honest_go,going,bar,True,False,False,1.0,pride,0.452,0.5,0.5,"Told the town going; town says 38% going. Forecast 59 vs line 60; Q go +1.90 / stay +1.65; going, and saying so."
41,27,CAUTIOUS,55.29,0.814,neural_forecaster,0.0269,0.674,0.2145,0.0846,honest_stay,staying,home,False,False,True,0.3,envy,0.03,0.5,0.5,"Told the town staying; town says 38% going. Forecast 55 vs line 60; Q go -0.05 / stay +0.36; staying home, and saying so."
41,28,PRAGMATIST,52.87,0.875,neural_forecaster,0.0192,0.5145,0.0222,0.4441,honest_stay,staying,home,False,False,False,0.3,envy,0.317,0.5,0.5,"Told the town staying; town says 38% going. Forecast 53 vs line 60; Q go +0.89 / stay +0.93; staying home, and saying so."
41,29,CAUTIOUS,59.11,0.83,neural_forecaster,0.0206,0.7243,0.0912,0.1639,honest_stay,staying,bar,True,True,True,1.0,pride,0.359,0.5,0.5,"Told the town staying; town says 38% going. Forecast 59 vs line 60; Q go +0.28 / stay +0.62; claiming I'm staying, going anyway."
41,30,GAMBLER,54.98,0.854,neural_forecaster,0.7577,0.0025,0.2317,0.0081,honest_go,going,bar,True,False,False,1.0,pride,0.006,0.5,0.5,"Told the town going; town says 38% going. Forecast 55 vs line 60; Q go +1.01 / stay +0.82; going, and saying so."
41,31,CAUTIOUS,71.37,0.769,neural_forecaster,0.0044,0.658,0.3287,0.0089,honest_stay,staying,home,False,False,False,0.3,envy,0.282,0.5,0.5,"Told the town staying; town says 38% going. Forecast 71 vs line 60; Q go -0.13 / stay +0.86; staying home, and saying so."
41,32,GAMBLER,49.3,0.901,neural_forecaster,0.7797,0.0041,0.2,0.0162,honest_go,going,bar,True,False,True,1.0,pride,0.024,0.5,0.5,"Told the town going; town says 38% going. Forecast 49 vs line 60; Q go +0.95 / stay +0.84; going, and saying so."
41,33,MACHIAVELLIAN,56.02,0.812,neural_forecaster,0.0243,0.1402,0.0041,0.8314,false_stay,staying,bar,True,True,True,1.0,pride,0.199,0.5,0.5,"Told the town staying; town says 38% going. Forecast 56 vs line 60; Q go +1.40 / stay +0.93; claiming I'm staying, going anyway."
41,34,MACHIAVELLIAN,52.28,0.865,neural_forecaster,0.0191,0.1439,0.0033,0.8336,false_stay,staying,bar,True,True,True,1.0,pride,0.016,0.5,0.5,"Told the town staying; town says 38% going. Forecast 52 vs line 60; Q go +1.03 / stay +0.64; claiming I'm staying, going anyway."
41,35,CAUTIOUS,55.93,0.857,neural_forecaster,0.087,0.4147,0.4102,0.088,honest_stay,going,home,False,True,False,0.3,envy,0.474,0.5,0.5,"Told the town going; town says 38% going. Forecast 56 vs line 60; Q go +1.07 / stay +1.25; claiming I'm going, staying home."
41,36,GAMBLER,52.13,0.867,neural_forecaster,0.788,0.0119,0.0753,0.1248,honest_go,going,home,False,True,False,0.3,envy,0.099,0.5,0.5,"Told the town going; town says 38% going. Forecast 52 vs line 60; Q go +0.92 / stay +0.50; claiming I'm going, staying home."
41,37,GAMBLER,56.15,0.922,neural_forecaster,0.9218,0.0008,0.0663,0.0111,honest_go,going,bar,True,False,False,1.0,pride,0.023,0.5,0.5,"Told the town going; town says 38% going. Forecast 56 vs line 60; Q go +1.05 / stay +0.83; going, and saying so."
41,38,MACHIAVELLIAN,53.95,0.871,neural_forecaster,0.1209,0.0126,0.8647,0.0018,false_go,going,bar,True,False,True,1.0,pride,0.025,0.5,0.5,"Told the town going; town says 38% going. Forecast 54 vs line 60; Q go +0.95 / stay +1.56; going, and saying so."
41,39,CAUTIOUS,60.62,0.839,neural_forecaster,0.0008,0.9435,0.0217,0.034,honest_stay,going,home,False,True,True,0.3,envy,0.517,0.5,0.5,"Told the town going; town says 38% going. Forecast 61 vs line 60; Q go +0.90 / stay +1.33; claiming I'm going, staying home."
41,40,MACHIAVELLIAN,61.7,0.856,neural_forecaster,0.0188,0.0354,0.0007,0.9451,false_stay,staying,bar,True,True,False,1.0,pride,0.059,0.5,0.5,"Told the town staying; town says 38% going. Forecast 62 vs line 60; Q go +1.12 / stay +0.82; claiming I'm staying, going anyway."
41,41,MACHIAVELLIAN,51.22,0.882,neural_forecaster,0.0181,0.0206,0.0004,0.9609,false_stay,staying,bar,True,True,True,1.0,pride,0.422,0.5,0.5,"Told the town staying; town says 38% going. Forecast 51 vs line 60; Q go +1.84 / stay +0.86; claiming I'm staying, going anyway."
41,42,CAUTIOUS,58.61,0.865,neural_forecaster,0.0026,0.8758,0.099,0.0226,honest_stay,staying,home,False,False,True,0.3,envy,0.306,0.5,0.5,"Told the town staying; town says 38% going. Forecast 59 vs line 60; Q go +0.39 / stay +0.91; staying home, and saying so."
41,43,CAUTIOUS,56.58,0.854,neural_forecaster,0.0107,0.7347,0.2188,0.0359,honest_stay,staying,home,False,False,False,0.3,envy,0.686,0.5,0.5,"Told the town staying; town says 38% going. Forecast 57 vs line 60; Q go +0.87 / stay +1.67; staying home, and saying so."
41,44,GAMBLER,43.94,0.848,neural_forecaster,0.7539,0.0033,0.0108,0.232,honest_go,going,bar,True,False,False,1.0,pride,0.634,0.5,0.5,"Told the town going; town says 38% going. Forecast 44 vs line 60; Q go +2.27 / stay +1.61; going, and saying so."
41,45,MACHIAVELLIAN,60.34,0.845,neural_forecaster,0.0259,0.0208,0.0006,0.9528,false_stay,staying,bar,True,True,False,1.0,pride,0.349,0.5,0.5,"Told the town staying; town says 38% going. Forecast 60 vs line 60; Q go +0.30 / stay -0.40; claiming I'm staying, going anyway."
41,46,MACHIAVELLIAN,64.81,0.859,neural_forecaster,0.0105,0.0219,0.9674,0.0002,false_go,going,home,False,True,True,0.3,envy,0.605,0.5,0.5,"Told the town going; town says 38% going. Forecast 65 vs line 60; Q go +0.08 / stay +1.51; claiming I'm going, staying home."
41,47,MACHIAVELLIAN,53.45,0.849,neural_forecaster,0.3706,0.0082,0.0049,0.6162,false_stay,going,bar,True,False,True,1.0,pride,0.753,0.5,0.5,"Told the town going; town says 38% going. Forecast 53 vs line 60; Q go +2.51 / stay +1.22; going, and saying so."
41,48,GAMBLER,57.47,0.797,neural_forecaster,0.6067,0.0201,0.0362,0.3369,honest_go,going,bar,True,False,True,1.0,pride,0.637,0.5,0.5,"Told the town going; town says 38% going. Forecast 57 vs line 60; Q go +2.27 / stay +1.32; going, and saying so."
41,49,GAMBLER,46.88,0.895,neural_forecaster,0.7658,0.0112,0.1733,0.0496,honest_go,going,home,False,True,False,0.3,envy,0.261,0.5,0.5,"Told the town going; town says 38% going. Forecast 47 vs line 60; Q go +1.26 / stay +0.82; claiming I'm going, staying home."
41,50,MACHIAVELLIAN,54.28,0.856,neural_forecaster,0.1258,0.0689,0.0109,0.7944,false_stay,staying,bar,True,True,True,1.0,pride,0.494,0.5,0.5,"Told the town staying; town says 38% going. Forecast 54 vs line 60; Q go +1.99 / stay +1.17; claiming I'm staying, going anyway."
41,51,PRAGMATIST,57.29,0.85,neural_forecaster,0.0089,0.5634,0.0121,0.4155,honest_stay,staying,bar,True,True,True,1.0,pride,0.156,0.5,0.5,"Told the town staying; town says 38% going. Forecast 57 vs line 60; Q go +1.31 / stay +1.34; claiming I'm staying, going anyway."
41,52,MACHIAVELLIAN,51.04,0.884,neural_forecaster,0.2373,0.1223,0.0491,0.5913,false_stay,staying,bar,True,True,False,1.0,pride,0.333,0.5,0.5,"Told the town staying; town says 38% going. Forecast 51 vs line 60; Q go +1.67 / stay +1.32; claiming I'm staying, going anyway."
41,53,GAMBLER,55.92,0.804,neural_forecaster,0.6636,0.0337,0.1281,0.1746,honest_go,staying,bar,True,True,False,1.0,pride,0.033,0.5,0.5,"Told the town staying; town says 38% going. Forecast 56 vs line 60; Q go +0.93 / stay +0.62; claiming I'm staying, going anyway."
41,54,MACHIAVELLIAN,47.52,0.882,neural_forecaster,0.0304,0.1067,0.8592,0.0038,false_go,going,home,False,True,True,0.3,envy,0.317,0.5,0.5,"Told the town going; town says 38% going. Forecast 48 vs line 60; Q go +0.59 / stay +0.93; claiming I'm going, staying home."
41,55,MACHIAVELLIAN,55.67,0.884,neural_forecaster,0.0107,0.4121,0.5695,0.0077,false_go,staying,home,False,False,False,0.3,envy,0.288,0.5,0.5,"Told the town staying; town says 38% going. Forecast 56 vs line 60; Q go -0.10 / stay +0.88; staying home, and saying so."
41,56,GAMBLER,53.66,0.876,neural_forecaster,0.961,0.0004,0.0186,0.02,honest_go,going,bar,True,False,True,1.0,pride,0.297,0.5,0.5,"Told the town going; town says 38% going. Forecast 54 vs line 60; Q go +1.59 / stay +0.92; going, and saying so."
41,57,MACHIAVELLIAN,71.43,0.745,neural_forecaster,0.0055,0.0365,0.9577,0.0002,false_go,going,bar,True,False,True,1.0,pride,0.653,0.5,0.5,"Told the town going; town says 38% going. Forecast 71 vs line 60; Q go -0.31 / stay +0.76; going, and saying so."
41,58,CAUTIOUS,58.07,0.805,neural_forecaster,0.0458,0.6106,0.1321,0.2116,honest_stay,staying,home,False,False,True,0.3,envy,0.094,0.5,0.5,"Told the town staying; town says 38% going. Forecast 58 vs line 60; Q go +0.17 / stay +0.49; staying home, and saying so."
41,59,CAUTIOUS,57.81,0.855,neural_forecaster,0.0239,0.7084,0.1027,0.1649,honest_stay,staying,bar,True,True,False,1.0,pride,0.339,0.5,0.5,"Told the town staying; town says 38% going. Forecast 58 vs line 60; Q go +1.68 / stay +1.89; claiming I'm staying, going anyway."
41,60,GAMBLER,44.01,0.904,neural_forecaster,0.9564,0.0005,0.0216,0.0215,honest_go,going,bar,True,False,False,1.0,pride,0.539,0.5,0.5,"Told the town going; town says 38% going. Forecast 44 vs line 60; Q go +2.08 / stay +0.77; going, and saying so."
41,61,GAMBLER,61.99,0.867,neural_forecaster,0.8778,0.0006,0.1171,0.0045,honest_go,going,bar,True,False,False,1.0,pride,0.035,0.5,0.5,"Told the town going; town says 38% going. Forecast 62 vs line 60; Q go +0.93 / stay +0.63; going, and saying so."
41,62,CAUTIOUS,57.01,0.876,neural_forecaster,0.0591,0.5498,0.1197,0.2714,honest_stay,staying,bar,True,True,False,1.0,pride,0.078,0.5,0.5,"Told the town staying; town says 38% going. Forecast 57 vs line 60; Q go +0.84 / stay +1.01; claiming I'm staying, going anyway."
41,63,GAMBLER,57.04,0.824,neural_forecaster,0.8612,0.0008,0.1327,0.0053,honest_go,going,home,False,True,False,0.3,envy,0.012,0.5,0.5,"Told the town going; town says 38% going. Forecast 57 vs line 60; Q go +0.47 / stay +0.32; claiming I'm going, staying home."
41,64,CAUTIOUS,65.38,0.805,neural_forecaster,0.0002,0.9748,0.0095,0.0156,honest_stay,staying,home,False,False,False,0.3,envy,0.215,0.5,0.5,"Told the town staying; town says 38% going. Forecast 65 vs line 60; Q go -0.19 / stay +0.73; staying home, and saying so."
41,65,MACHIAVELLIAN,49.78,0.815,neural_forecaster,0.1507,0.1295,0.6916,0.0282,false_go,going,home,False,True,False,0.3,envy,0.317,0.5,0.5,"Told the town going; town says 38% going. Forecast 50 vs line 60; Q go +0.78 / stay +0.93; claiming I'm going, staying home."
41,66,MACHIAVELLIAN,52.3,0.919,neural_forecaster,0.1556,0.3401,0.3553,0.149,false_go,staying,bar,True,True,True,1.0,pride,0.185,0.5,0.5,"Told the town staying; town says 38% going. Forecast 52 vs line 60; Q go +0.63 / stay +0.72; claiming I'm staying, going anyway."
41,67,CAUTIOUS,55.68,0.854,neural_forecaster,0.0216,0.6372,0.0468,0.2943,honest_stay,staying,home,False,False,False,0.3,envy,0.369,0.5,0.5,"Told the town staying; town says 38% going. Forecast 56 vs line 60; Q go +0.80 / stay +1.04; staying home, and saying so."
41,68,MACHIAVELLIAN,49.72,0.857,neural_forecaster,0.0939,0.3433,0.498,0.0647,false_go,staying,home,False,False,False,0.3,envy,0.015,0.5,0.5,"Told the town staying; town says 38% going. Forecast 50 vs line 60; Q go -0.11 / stay +0.27; staying home, and saying so."
41,69,MACHIAVELLIAN,54.9,0.836,neural_forecaster,0.2687,0.0682,0.0289,0.6342,false_stay,going,bar,True,False,True,1.0,pride,0.547,0.5,0.5,"Told the town going; town says 38% going. Forecast 55 vs line 60; Q go +2.09 / stay +1.36; going, and saying so."
41,70,MACHIAVELLIAN,62.51,0.848,neural_forecaster,0.1462,0.2524,0.5322,0.0693,false_go,going,home,False,True,True,0.3,envy,0.306,0.5,0.5,"Told the town going; town says 38% going. Forecast 63 vs line 60; Q go +0.56 / stay +0.91; claiming I'm going, staying home."
41,71,MACHIAVELLIAN,64.81,0.826,neural_forecaster,0.0227,0.0985,0.8763,0.0026,false_go,going,home,False,True,False,0.3,envy,1.0,0.5,0.5,"Told the town going; town says 38% going. Forecast 65 vs line 60; Q go +1.45 / stay +2.84; claiming I'm going, staying home."
41,72,MACHIAVELLIAN,50.88,0.879,neural_forecaster,0.007,0.0072,0.0001,0.9858,false_stay,staying,bar,True,True,True,1.0,pride,0.12,0.5,0.5,"Told the town staying; town says 38% going. Forecast 51 vs line 60; Q go +1.24 / stay +0.37; claiming I'm staying, going anyway."
41,73,STRAIGHT SHOOTER,50.37,0.849,neural_forecaster,0.8975,0.0012,0.0123,0.089,honest_go,going,bar,True,False,True,1.0,pride,0.847,0.5,0.5,"Told the town going; town says 38% going. Forecast 50 vs line 60; Q go +2.69 / stay +1.52; going, and saying so."
41,74,CAUTIOUS,62.89,0.835,neural_forecaster,0.0002,0.9727,0.0136,0.0136,honest_stay,staying,home,False,False,True,0.3,envy,0.215,0.5,0.5,"Told the town staying; town says 38% going. Forecast 63 vs line 60; Q go -0.74 / stay +0.73; staying home, and saying so."
41,75,CAUTIOUS,52.75,0.87,neural_forecaster,0.0031,0.8721,0.0274,0.0975,honest_stay,staying,home,False,False,False,0.3,envy,0.156,0.5,0.5,"Told the town staying; town says 38% going. Forecast 53 vs line 60; Q go +0.41 / stay +0.61; staying home, and saying so."
41,76,STRAIGHT SHOOTER,57.44,0.845,neural_forecaster,0.0034,0.8846,0.0433,0.0688,honest_stay,staying,home,False,False,False,0.3,envy,0.639,0.5,0.5,"Told the town staying; town says 38% going. Forecast 57 vs line 60; Q go +1.27 / stay +1.58; staying home, and saying so."
41,77,CAUTIOUS,65.78,0.8,neural_forecaster,0.028,0.5972,0.323,0.0518,honest_stay,going,bar,True,False,False,1.0,pride,0.413,0.5,0.5,"Told the town going; town says 38% going. Forecast 66 vs line 60; Q go +0.17 / stay +0.93; going, and saying so."
41,78,GAMBLER,52.36,0.824,neural_forecaster,0.6569,0.0326,0.1033,0.2072,honest_go,staying,bar,True,True,False,1.0,pride,0.15,0.5,0.5,"Told the town staying; town says 38% going. Forecast 52 vs line 60; Q go +1.30 / stay +0.83; claiming I'm staying, going anyway."
41,79,MACHIAVELLIAN,55.51,0.881,neural_forecaster,0.0627,0.431,0.4456,0.0607,false_go,staying,home,False,False,True,0.3,envy,0.344,0.5,0.5,"Told the town staying; town says 38% going. Forecast 56 vs line 60; Q go +0.45 / stay +0.99; staying home, and saying so."
41,80,GAMBLER,52.46,0.846,neural_forecaster,0.9446,0.0003,0.0487,0.0065,honest_go,going,bar,True,False,True,1.0,pride,0.083,0.5,0.5,"Told the town going; town says 38% going. Forecast 52 vs line 60; Q go +1.17 / stay +0.82; going, and saying so."
41,81,CAUTIOUS,67.01,0.79,neural_forecaster,0.0095,0.788,0.0491,0.1534,honest_stay,staying,bar,True,True,True,1.0,pride,0.227,0.5,0.5,"Told the town staying; town says 38% going. Forecast 67 vs line 60; Q go +0.55 / stay +0.95; claiming I'm staying, going anyway."
41,82,MACHIAVELLIAN,56.9,0.852,neural_forecaster,0.013,0.014,0.9729,0.0002,false_go,going,home,False,True,False,0.3,envy,0.362,0.5,0.5,"Told the town going; town says 38% going. Forecast 57 vs line 60; Q go -0.38 / stay +1.02; claiming I'm going, staying home."
41,83,MACHIAVELLIAN,61.08,0.82,neural_forecaster,0.006,0.3433,0.0032,0.6475,false_stay,staying,bar,True,True,True,1.0,pride,0.002,0.5,0.5,"Told the town staying; town says 38% going. Forecast 61 vs line 60; Q go +1.00 / stay +0.90; claiming I'm staying, going anyway."
41,84,CAUTIOUS,57.69,0.834,neural_forecaster,0.0596,0.5374,0.2941,0.1089,honest_stay,going,home,False,True,True,0.3,envy,0.519,0.5,0.5,"Told the town going; town says 38% going. Forecast 58 vs line 60; Q go +0.85 / stay +1.34; claiming I'm going, staying home."
41,85,CAUTIOUS,61.17,0.848,neural_forecaster,0.0144,0.724,0.2124,0.0492,honest_stay,staying,home,False,False,True,0.3,envy,0.181,0.5,0.5,"Told the town staying; town says 38% going. Forecast 61 vs line 60; Q go +0.11 / stay +0.66; staying home, and saying so."
41,86,MACHIAVELLIAN,57.68,0.865,neural_forecaster,0.0163,0.0371,0.9459,0.0006,false_go,going,home,False,True,True,0.3,envy,0.484,0.5,0.5,"Told the town going; town says 38% going. Forecast 58 vs line 60; Q go +0.03 / stay +1.27; claiming I'm going, staying home."
41,87,CAUTIOUS,59.09,0.823,neural_forecaster,0.0024,0.892,0.0275,0.0781,honest_stay,staying,home,False,False,True,0.3,envy,0.46,0.5,0.5,"Told the town staying; town says 38% going. Forecast 59 vs line 60; Q go +0.61 / stay +1.22; staying home, and saying so."
41,88,MACHIAVELLIAN,53.91,0.819,neural_forecaster,0.0115,0.4505,0.0098,0.5281,false_stay,staying,home,False,False,True,0.3,envy,0.606,0.5,0.5,"Told the town staying; town says 38% going. Forecast 54 vs line 60; Q go +1.56 / stay +1.51; staying home, and saying so."
41,89,CAUTIOUS,65.12,0.839,neural_forecaster,0.0004,0.9577,0.0263,0.0156,honest_stay,staying,home,False,False,False,0.3,envy,0.198,0.5,0.5,"Told the town staying; town says 38% going. Forecast 65 vs line 60; Q go -0.65 / stay +0.70; staying home, and saying so."
41,90,MACHIAVELLIAN,47.96,0.87,neural_forecaster,0.1174,0.181,0.0317,0.6699,false_stay,staying,bar,True,True,False,1.0,pride,0.277,0.5,0.5,"Told the town staying; town says 38% going. Forecast 48 vs line 60; Q go +1.55 / stay +1.15; claiming I'm staying, going anyway."
41,91,MACHIAVELLIAN,52.76,0.872,neural_forecaster,0.2562,0.0438,0.6836,0.0164,false_go,going,home,False,True,True,0.3,envy,0.256,0.5,0.5,"Told the town going; town says 38% going. Forecast 53 vs line 60; Q go +0.55 / stay +0.81; claiming I'm going, staying home."
41,92,MACHIAVELLIAN,50.76,0.866,neural_forecaster,0.0128,0.3531,0.0072,0.6268,false_stay,staying,bar,True,True,True,1.0,pride,0.292,0.5,0.5,"Told the town staying; town says 38% going. Forecast 51 vs line 60; Q go +1.58 / stay +1.52; claiming I'm staying, going anyway."
41,93,CAUTIOUS,53.37,0.883,neural_forecaster,0.027,0.6978,0.1302,0.145,honest_stay,staying,home,False,False,True,0.3,envy,0.433,0.5,0.5,"Told the town staying; town says 38% going. Forecast 53 vs line 60; Q go +0.67 / stay +1.17; staying home, and saying so."
41,94,CAUTIOUS,57.69,0.823,neural_forecaster,0.0022,0.9077,0.041,0.0491,honest_stay,staying,home,False,False,True,0.3,envy,0.309,0.5,0.5,"Told the town staying; town says 38% going. Forecast 58 vs line 60; Q go +0.31 / stay +0.92; staying home, and saying so."
41,95,GAMBLER,47.86,0.887,neural_forecaster,0.9057,0.0005,0.0883,0.0055,honest_go,going,bar,True,False,True,1.0,pride,0.179,0.5,0.5,"Told the town going; town says 38% going. Forecast 48 vs line 60; Q go +1.36 / stay +1.00; going, and saying so."
41,96,STRAIGHT SHOOTER,55.16,0.86,neural_forecaster,0.8499,0.002,0.1358,0.0123,honest_go,going,home,False,True,False,0.3,envy,0.36,0.5,0.5,"Told the town going; town says 38% going. Forecast 55 vs line 60; Q go +1.62 / stay +1.02; claiming I'm going, staying home."
41,97,MACHIAVELLIAN,60.83,0.835,neural_forecaster,0.0121,0.4013,0.0084,0.5782,false_stay,staying,home,False,False,True,0.3,envy,1.0,0.5,0.5,"Told the town staying; town says 38% going. Forecast 61 vs line 60; Q go +3.46 / stay +3.37; staying home, and saying so."
41,98,MACHIAVELLIAN,53.17,0.883,neural_forecaster,0.0161,0.2336,0.0051,0.7452,false_stay,staying,bar,True,True,False,1.0,pride,0.121,0.5,0.5,"Told the town staying; town says 38% going. Forecast 53 vs line 60; Q go +0.76 / stay +0.43; claiming I'm staying, going anyway."
41,99,PRAGMATIST,52.57,0.863,neural_forecaster,0.0025,0.5416,0.003,0.4529,honest_stay,staying,bar,True,True,True,1.0,pride,0.395,0.5,0.5,"Told the town staying; town says 38% going. Forecast 53 vs line 60; Q go +1.79 / stay +1.81; claiming I'm staying, going anyway."
41,100,GAMBLER,48.06,0.836,neural_forecaster,0.9593,0.0004,0.0202,0.0201,honest_go,going,bar,True,False,True,1.0,pride,0.48,0.5,0.5,"Told the town going; town says 38% going. Forecast 48 vs line 60; Q go +1.96 / stay +0.57; going, and saying so."
42,1,MACHIAVELLIAN,54.03,0.849,neural_forecaster,0.0162,0.198,0.0041,0.7817,false_stay,staying,bar,True,True,False,-1.0,frustration,1.0,0.5,0.5,"Told the town staying; town says 49% going. Forecast 54 vs line 60; Q go +1.11 / stay +0.92; claiming I'm staying, going anyway."
42,2,MACHIAVELLIAN,49.07,0.813,neural_forecaster,0.0112,0.1084,0.0014,0.879,false_stay,staying,bar,True,True,True,-1.0,frustration,0.873,0.5,0.5,"Told the town staying; town says 49% going. Forecast 49 vs line 60; Q go +0.75 / stay +0.47; claiming I'm staying, going anyway."
42,3,GAMBLER,49.75,0.867,neural_forecaster,0.6217,0.0091,0.016,0.3531,honest_go,going,bar,True,False,True,-1.0,frustration,1.0,0.5,0.5,"Told the town going; town says 49% going. Forecast 50 vs line 60; Q go +2.12 / stay +1.08; going, and saying so."
42,4,MACHIAVELLIAN,48.76,0.825,neural_forecaster,0.1194,0.0574,0.0084,0.8148,false_stay,staying,bar,True,True,False,-1.0,frustration,1.0,0.5,0.5,"Told the town staying; town says 49% going. Forecast 49 vs line 60; Q go +1.71 / stay +1.14; claiming I'm staying, going anyway."
42,5,GAMBLER,56.31,0.888,neural_forecaster,0.945,0.0006,0.04,0.0143,honest_go,going,bar,True,False,True,-1.0,frustration,0.95,0.5,0.5,"Told the town going; town says 49% going. Forecast 56 vs line 60; Q go +0.90 / stay +0.52; going, and saying so."
42,6,MACHIAVELLIAN,51.43,0.844,neural_forecaster,0.1408,0.0625,0.0112,0.7855,false_stay,staying,bar,True,True,False,-1.0,frustration,1.0,0.5,0.5,"Told the town staying; town says 49% going. Forecast 51 vs line 60; Q go +1.89 / stay +1.30; claiming I'm staying, going anyway."
42,7,MACHIAVELLIAN,58.03,0.874,neural_forecaster,0.3341,0.0093,0.6518,0.0048,false_go,going,home,False,True,True,0.3,hope,0.238,0.5,0.5,"Told the town going; town says 49% going. Forecast 58 vs line 60; Q go +0.72 / stay +0.78; claiming I'm going, staying home."
42,8,CAUTIOUS,64.4,0.883,neural_forecaster,0.0066,0.7575,0.2121,0.0237,honest_stay,staying,home,False,False,True,0.3,hope,0.151,0.5,0.5,"Told the town staying; town says 49% going. Forecast 64 vs line 60; Q go -0.42 / stay +0.60; staying home, and saying so."
42,9,CAUTIOUS,57.0,0.872,neural_forecaster,0.0098,0.8083,0.1097,0.0722,honest_stay,staying,home,False,False,False,0.3,hope,0.117,0.5,0.5,"Told the town staying; town says 49% going. Forecast 57 vs line 60; Q go -0.11 / stay +0.53; staying home, and saying so."
42,10,MACHIAVELLIAN,57.64,0.877,neural_forecaster,0.069,0.0208,0.0016,0.9086,false_stay,staying,bar,True,True,False,-1.0,frustration,1.0,0.5,0.5,"Told the town staying; town says 49% going. Forecast 58 vs line 60; Q go +1.75 / stay +0.94; claiming I'm staying, going anyway."
42,11,GAMBLER,54.42,0.844,neural_forecaster,0.656,0.0142,0.2987,0.0311,honest_go,going,bar,True,False,True,-1.0,frustration,1.0,0.5,0.5,"Told the town going; town says 49% going. Forecast 54 vs line 60; Q go +1.67 / stay +1.45; going, and saying so."
42,12,GAMBLER,55.16,0.844,neural_forecaster,0.7003,0.0258,0.1112,0.1627,honest_go,going,bar,True,False,False,-1.0,frustration,1.0,0.5,0.5,"Told the town going; town says 49% going. Forecast 55 vs line 60; Q go +1.40 / stay +0.87; going, and saying so."
42,13,MACHIAVELLIAN,50.9,0.82,neural_forecaster,0.0255,0.0833,0.0024,0.8888,false_stay,staying,bar,True,True,False,-1.0,frustration,1.0,0.5,0.5,"Told the town staying; town says 49% going. Forecast 51 vs line 60; Q go +1.89 / stay +1.11; claiming I'm staying, going anyway."
42,14,MACHIAVELLIAN,54.24,0.871,neural_forecaster,0.3536,0.1239,0.4175,0.105,false_go,going,home,False,True,False,0.3,hope,0.501,0.5,0.5,"Told the town going; town says 49% going. Forecast 54 vs line 60; Q go +1.27 / stay +1.30; claiming I'm going, staying home."
42,15,MACHIAVELLIAN,58.44,0.854,neural_forecaster,0.0083,0.067,0.0006,0.9241,false_stay,staying,bar,True,True,False,-1.0,frustration,1.0,0.5,0.5,"Told the town staying; town says 49% going. Forecast 58 vs line 60; Q go +1.81 / stay +1.51; claiming I'm staying, going anyway."
42,16,CAUTIOUS,60.33,0.81,neural_forecaster,0.0012,0.9054,0.0798,0.0136,honest_stay,staying,home,False,False,False,0.3,hope,0.418,0.5,0.5,"Told the town staying; town says 49% going. Forecast 60 vs line 60; Q go -0.07 / stay +1.14; staying home, and saying so."
42,17,CAUTIOUS,63.2,0.894,neural_forecaster,0.0001,0.9855,0.0072,0.0073,honest_stay,staying,home,False,False,False,0.3,hope,0.407,0.5,0.5,"Told the town staying; town says 49% going. Forecast 63 vs line 60; Q go +0.37 / stay +1.11; staying home, and saying so."
42,18,GAMBLER,44.11,0.793,neural_forecaster,0.6456,0.0176,0.0379,0.299,honest_go,staying,bar,True,True,False,-1.0,frustration,1.0,0.5,0.5,"Told the town staying; town says 49% going. Forecast 44 vs line 60; Q go +1.22 / stay +0.59; claiming I'm staying, going anyway."
42,19,MACHIAVELLIAN,54.62,0.849,neural_forecaster,0.0219,0.0076,0.0002,0.9703,false_stay,staying,bar,True,True,True,-1.0,frustration,1.0,0.5,0.5,"Told the town staying; town says 49% going. Forecast 55 vs line 60; Q go +2.05 / stay +1.03; claiming I'm staying, going anyway."
42,20,MACHIAVELLIAN,53.74,0.832,neural_forecaster,0.3521,0.1416,0.1337,0.3727,false_stay,staying,bar,True,True,True,-1.0,frustration,0.848,0.5,0.5,"Told the town staying; town says 49% going. Forecast 54 vs line 60; Q go +0.70 / stay +0.39; claiming I'm staying, going anyway."
42,21,MACHIAVELLIAN,57.33,0.895,neural_forecaster,0.0196,0.2735,0.0077,0.6993,false_stay,staying,bar,True,True,False,-1.0,frustration,0.99,0.5,0.5,"Told the town staying; town says 49% going. Forecast 57 vs line 60; Q go +0.98 / stay +0.81; claiming I'm staying, going anyway."
42,22,CAUTIOUS,53.44,0.87,neural_forecaster,0.0105,0.6088,0.3632,0.0176,honest_stay,going,home,False,True,False,0.3,hope,0.093,0.5,0.5,"Told the town going; town says 49% going. Forecast 53 vs line 60; Q go -0.41 / stay +0.49; claiming I'm going, staying home."
42,23,CAUTIOUS,57.15,0.85,neural_forecaster,0.0012,0.9283,0.047,0.0235,honest_stay,staying,home,False,False,True,0.3,hope,0.377,0.5,0.5,"Told the town staying; town says 49% going. Forecast 57 vs line 60; Q go -0.25 / stay +1.05; staying home, and saying so."
42,24,STRAIGHT SHOOTER,67.17,0.897,neural_forecaster,0.0003,0.9669,0.0164,0.0164,honest_stay,staying,home,False,False,False,0.3,hope,0.227,0.5,0.5,"Told the town staying; town says 49% going. Forecast 67 vs line 60; Q go -0.55 / stay +0.75; staying home, and saying so."
42,25,MACHIAVELLIAN,57.89,0.866,neural_forecaster,0.1338,0.0403,0.0066,0.8194,false_stay,staying,bar,True,True,True,-1.0,frustration,1.0,0.5,0.5,"Told the town staying; town says 49% going. Forecast 58 vs line 60; Q go +1.22 / stay +0.91; claiming I'm staying, going anyway."
42,26,CAUTIOUS,53.64,0.858,neural_forecaster,0.0232,0.544,0.4014,0.0314,honest_stay,staying,home,False,False,True,0.3,hope,0.601,0.5,0.5,"Told the town staying; town says 49% going. Forecast 54 vs line 60; Q go +1.23 / stay +1.50; staying home, and saying so."
42,27,MACHIAVELLIAN,53.38,0.813,neural_forecaster,0.1118,0.177,0.6821,0.029,false_go,staying,home,False,False,False,0.3,hope,0.037,0.5,0.5,"Told the town staying; town says 49% going. Forecast 53 vs line 60; Q go +0.03 / stay +0.37; staying home, and saying so."
42,28,MACHIAVELLIAN,53.42,0.862,neural_forecaster,0.0176,0.0446,0.0008,0.9369,false_stay,staying,bar,True,True,True,-1.0,frustration,1.0,0.5,0.5,"Told the town staying; town says 49% going. Forecast 53 vs line 60; Q go +1.70 / stay +0.69; claiming I'm staying, going anyway."
42,29,CAUTIOUS,62.37,0.861,neural_forecaster,0.0064,0.8397,0.1013,0.0527,honest_stay,staying,home,False,False,True,0.3,hope,0.23,0.5,0.5,"Told the town staying; town says 49% going. Forecast 62 vs line 60; Q go +0.13 / stay +0.76; staying home, and saying so."
42,30,GAMBLER,52.0,0.839,neural_forecaster,0.9721,0.0002,0.0116,0.0161,honest_go,going,bar,True,False,False,-1.0,frustration,1.0,0.5,0.5,"Told the town going; town says 49% going. Forecast 52 vs line 60; Q go +1.88 / stay +0.95; going, and saying so."
42,31,GAMBLER,50.15,0.764,neural_forecaster,0.9798,0.0001,0.0104,0.0098,honest_go,going,bar,True,False,True,-1.0,frustration,1.0,0.5,0.5,"Told the town going; town says 49% going. Forecast 50 vs line 60; Q go +1.67 / stay +0.42; going, and saying so."
42,32,GAMBLER,49.92,0.868,neural_forecaster,0.9356,0.001,0.0387,0.0246,honest_go,going,bar,True,False,False,-1.0,frustration,1.0,0.5,0.5,"Told the town going; town says 49% going. Forecast 50 vs line 60; Q go +1.18 / stay +0.90; going, and saying so."
42,33,GAMBLER,48.94,0.793,neural_forecaster,0.44,0.0733,0.0792,0.4075,honest_go,going,bar,True,False,False,-1.0,frustration,1.0,0.5,0.5,"Told the town going; town says 49% going. Forecast 49 vs line 60; Q go +1.28 / stay +0.84; going, and saying so."
42,34,GAMBLER,63.89,0.888,neural_forecaster,0.9305,0.0007,0.0573,0.0115,honest_go,going,bar,True,False,False,-1.0,frustration,1.0,0.5,0.5,"Told the town going; town says 49% going. Forecast 64 vs line 60; Q go +1.23 / stay +0.61; going, and saying so."
42,35,MACHIAVELLIAN,48.81,0.829,neural_forecaster,0.0064,0.0399,0.0003,0.9534,false_stay,staying,bar,True,True,True,-1.0,frustration,0.74,0.5,0.5,"Told the town staying; town says 49% going. Forecast 49 vs line 60; Q go +0.48 / stay +0.11; claiming I'm staying, going anyway."
42,36,MACHIAVELLIAN,55.5,0.863,neural_forecaster,0.2826,0.0145,0.697,0.0059,false_go,going,bar,True,False,True,-1.0,frustration,0.777,0.5,0.5,"Told the town going; town says 49% going. Forecast 55 vs line 60; Q go +0.55 / stay +0.70; going, and saying so."
42,37,GAMBLER,49.37,0.883,neural_forecaster,0.9784,0.0001,0.01,0.0115,honest_go,going,bar,True,False,False,-1.0,frustration,1.0,0.5,0.5,"Told the town going; town says 49% going. Forecast 49 vs line 60; Q go +1.27 / stay +0.71; going, and saying so."
42,38,GAMBLER,58.48,0.879,neural_forecaster,0.7998,0.0086,0.0479,0.1438,honest_go,going,bar,True,False,False,-1.0,frustration,1.0,0.5,0.5,"Told the town going; town says 49% going. Forecast 58 vs line 60; Q go +2.36 / stay +1.49; going, and saying so."
42,39,MACHIAVELLIAN,61.56,0.865,neural_forecaster,0.012,0.1337,0.0019,0.8524,false_stay,staying,bar,True,True,True,-1.0,frustration,1.0,0.5,0.5,"Told the town staying; town says 49% going. Forecast 62 vs line 60; Q go +1.78 / stay +1.57; claiming I'm staying, going anyway."
42,40,MACHIAVELLIAN,49.77,0.831,neural_forecaster,0.0175,0.0769,0.0015,0.9041,false_stay,staying,bar,True,True,False,-1.0,frustration,0.896,0.5,0.5,"Told the town staying; town says 49% going. Forecast 50 vs line 60; Q go +0.79 / stay +0.59; claiming I'm staying, going anyway."
42,41,STRAIGHT SHOOTER,58.89,0.889,neural_forecaster,0.805,0.0094,0.0604,0.1252,honest_go,going,bar,True,False,False,-1.0,frustration,1.0,0.5,0.5,"Told the town going; town says 49% going. Forecast 59 vs line 60; Q go +1.22 / stay +0.69; going, and saying so."
42,42,GAMBLER,55.85,0.864,neural_forecaster,0.3551,0.1529,0.1673,0.3246,honest_go,going,home,False,True,False,0.3,hope,0.145,0.5,0.5,"Told the town going; town says 49% going. Forecast 56 vs line 60; Q go +0.69 / stay +0.59; claiming I'm going, staying home."
42,43,PRAGMATIST,56.97,0.859,neural_forecaster,0.4432,0.0942,0.3395,0.123,honest_go,going,home,False,True,False,0.3,hope,0.567,0.5,0.5,"Told the town going; town says 49% going. Forecast 57 vs line 60; Q go +1.50 / stay +1.43; claiming I'm going, staying home."
42,44,CAUTIOUS,47.33,0.816,neural_forecaster,0.0022,0.8269,0.0112,0.1597,honest_stay,staying,bar,True,True,False,-1.0,frustration,1.0,0.5,0.5,"Told the town staying; town says 49% going. Forecast 47 vs line 60; Q go +1.95 / stay +2.09; claiming I'm staying, going anyway."
42,45,MACHIAVELLIAN,55.52,0.846,neural_forecaster,0.0513,0.2982,0.626,0.0245,false_go,going,bar,True,False,False,-1.0,frustration,0.973,0.5,0.5,"Told the town going; town says 49% going. Forecast 56 vs line 60; Q go +0.95 / stay +1.23; going, and saying so."
42,46,MACHIAVELLIAN,64.68,0.881,neural_forecaster,0.008,0.2933,0.6953,0.0034,false_go,going,home,False,True,False,0.3,hope,0.451,0.5,0.5,"Told the town going; town says 49% going. Forecast 65 vs line 60; Q go +0.13 / stay +1.20; claiming I'm going, staying home."
42,47,MACHIAVELLIAN,59.01,0.863,neural_forecaster,0.0812,0.0161,0.0014,0.9013,false_stay,staying,bar,True,True,False,-1.0,frustration,1.0,0.5,0.5,"Told the town staying; town says 49% going. Forecast 59 vs line 60; Q go +1.47 / stay +0.43; claiming I'm staying, going anyway."
42,48,MACHIAVELLIAN,59.43,0.823,neural_forecaster,0.2583,0.0123,0.725,0.0044,false_go,going,home,False,True,True,0.3,hope,0.399,0.5,0.5,"Told the town going; town says 49% going. Forecast 59 vs line 60; Q go +0.78 / stay +1.10; claiming I'm going, staying home."
42,49,GAMBLER,49.19,0.86,neural_forecaster,0.8003,0.0056,0.167,0.0271,honest_go,going,bar,True,False,True,-1.0,frustration,1.0,0.5,0.5,"Told the town going; town says 49% going. Forecast 49 vs line 60; Q go +1.17 / stay +0.73; going, and saying so."
42,50,MACHIAVELLIAN,54.74,0.852,neural_forecaster,0.2502,0.0314,0.7073,0.0111,false_go,going,home,False,True,True,0.3,hope,0.563,0.5,0.5,"Told the town going; town says 49% going. Forecast 55 vs line 60; Q go +1.11 / stay +1.43; claiming I'm going, staying home."
42,51,MACHIAVELLIAN,54.37,0.845,neural_forecaster,0.0226,0.0213,0.0005,0.9556,false_stay,staying,bar,True,True,False,-1.0,frustration,1.0,0.5,0.5,"Told the town staying; town says 49% going. Forecast 54 vs line 60; Q go +1.83 / stay +1.26; claiming I'm staying, going anyway."
42,52,MACHIAVELLIAN,50.61,0.858,neural_forecaster,0.2527,0.0164,0.0057,0.7251,false_stay,staying,bar,True,True,False,-1.0,frustration,1.0,0.5,0.5,"Told the town staying; town says 49% going. Forecast 51 vs line 60; Q go +2.56 / stay +1.60; claiming I'm staying, going anyway."
42,53,MACHIAVELLIAN,60.06,0.832,neural_forecaster,0.0385,0.416,0.5145,0.0311,false_go,going,home,False,True,True,0.3,hope,0.409,0.5,0.5,"Told the town going; town says 49% going. Forecast 60 vs line 60; Q go +0.62 / stay +1.12; claiming I'm going, staying home."
42,54,GAMBLER,53.82,0.869,neural_forecaster,0.6868,0.0034,0.0077,0.302,honest_go,going,bar,True,False,True,-1.0,frustration,1.0,0.5,0.5,"Told the town going; town says 49% going. Forecast 54 vs line 60; Q go +1.41 / stay +0.76; going, and saying so."
42,55,MACHIAVELLIAN,56.8,0.882,neural_forecaster,0.072,0.0412,0.8834,0.0034,false_go,going,bar,True,False,True,-1.0,frustration,0.656,0.5,0.5,"Told the town going; town says 49% going. Forecast 57 vs line 60; Q go +0.31 / stay +0.81; going, and saying so."
42,56,GAMBLER,57.8,0.88,neural_forecaster,0.9546,0.0005,0.0212,0.0237,honest_go,going,bar,True,False,False,-1.0,frustration,1.0,0.5,0.5,"Told the town going; town says 49% going. Forecast 58 vs line 60; Q go +1.42 / stay +0.91; going, and saying so."
42,57,MACHIAVELLIAN,46.6,0.73,neural_forecaster,0.4487,0.0086,0.0072,0.5355,false_stay,staying,bar,True,True,False,-1.0,frustration,1.0,0.5,0.5,"Told the town staying; town says 49% going. Forecast 47 vs line 60; Q go +1.26 / stay +0.65; claiming I'm staying, going anyway."
42,58,GAMBLER,50.18,0.792,neural_forecaster,0.6522,0.0228,0.0551,0.2699,honest_go,going,bar,True,False,True,-1.0,frustration,1.0,0.5,0.5,"Told the town going; town says 49% going. Forecast 50 vs line 60; Q go +1.43 / stay +0.69; going, and saying so."
42,59,GAMBLER,56.24,0.857,neural_forecaster,0.9813,0.0001,0.009,0.0096,honest_go,going,bar,True,False,False,-1.0,frustration,1.0,0.5,0.5,"Told the town going; town says 49% going. Forecast 56 vs line 60; Q go +2.26 / stay +1.43; going, and saying so."
42,60,MACHIAVELLIAN,59.56,0.91,neural_forecaster,0.0258,0.0287,0.9447,0.0008,false_go,going,home,False,True,True,0.3,hope,0.238,0.5,0.5,"Told the town going; town says 49% going. Forecast 60 vs line 60; Q go -0.26 / stay +0.78; claiming I'm going, staying home."
42,61,MACHIAVELLIAN,58.6,0.876,neural_forecaster,0.0046,0.0817,0.0004,0.9134,false_stay,staying,bar,True,True,False,-1.0,frustration,1.0,0.5,0.5,"Told the town staying; town says 49% going. Forecast 59 vs line 60; Q go +1.35 / stay +1.00; claiming I'm staying, going anyway."
42,62,MACHIAVELLIAN,56.95,0.877,neural_forecaster,0.1102,0.3124,0.5098,0.0676,false_go,staying,home,False,False,True,0.3,hope,0.375,0.5,0.5,"Told the town staying; town says 49% going. Forecast 57 vs line 60; Q go +0.69 / stay +1.05; staying home, and saying so."
42,63,CAUTIOUS,61.96,0.855,neural_forecaster,0.0018,0.6998,0.2942,0.0042,honest_stay,staying,home,False,False,False,0.3,hope,0.202,0.5,0.5,"Told the town staying; town says 49% going. Forecast 62 vs line 60; Q go -0.45 / stay +0.70; staying home, and saying so."
42,64,MACHIAVELLIAN,60.04,0.832,neural_forecaster,0.0096,0.0657,0.0007,0.924,false_stay,staying,bar,True,True,True,-1.0,frustration,1.0,0.5,0.5,"Told the town staying; town says 49% going. Forecast 60 vs line 60; Q go +1.03 / stay +0.54; claiming I'm staying, going anyway."
42,65,MACHIAVELLIAN,60.77,0.843,neural_forecaster,0.4733,0.0037,0.5196,0.0034,false_go,going,home,False,True,False,0.3,hope,0.13,0.5,0.5,"Told the town going; town says 49% going. Forecast 61 vs line 60; Q go +0.55 / stay +0.56; claiming I'm going, staying home."
42,66,PRAGMATIST,60.57,0.925,neural_forecaster,0.0063,0.5806,0.0091,0.404,honest_stay,staying,bar,True,True,False,-1.0,frustration,0.686,0.5,0.5,"Told the town staying; town says 49% going. Forecast 61 vs line 60; Q go +0.37 / stay +0.41; claiming I'm staying, going anyway."
42,67,PRAGMATIST,54.81,0.85,neural_forecaster,0.0363,0.4966,0.0424,0.4247,honest_stay,staying,home,False,False,False,0.3,hope,0.299,0.5,0.5,"Told the town staying; town says 49% going. Forecast 55 vs line 60; Q go +0.85 / stay +0.90; staying home, and saying so."
42,68,MACHIAVELLIAN,51.25,0.839,neural_forecaster,0.1397,0.3303,0.1098,0.4201,false_stay,staying,bar,True,True,True,-1.0,frustration,0.881,0.5,0.5,"Told the town staying; town says 49% going. Forecast 51 vs line 60; Q go +0.76 / stay +0.71; claiming I'm staying, going anyway."
42,69,MACHIAVELLIAN,53.52,0.831,neural_forecaster,0.2518,0.1138,0.5854,0.049,false_go,going,home,False,True,True,0.3,hope,0.517,0.5,0.5,"Told the town going; town says 49% going. Forecast 54 vs line 60; Q go +1.07 / stay +1.33; claiming I'm going, staying home."
42,70,MACHIAVELLIAN,54.83,0.845,neural_forecaster,0.2716,0.0515,0.0214,0.6555,false_stay,staying,bar,True,True,True,-1.0,frustration,1.0,0.5,0.5,"Told the town staying; town says 49% going. Forecast 55 vs line 60; Q go +1.40 / stay +0.70; claiming I'm staying, going anyway."
42,71,CAUTIOUS,71.17,0.828,neural_forecaster,0.0215,0.5247,0.4273,0.0264,honest_stay,staying,bar,True,True,True,-1.0,frustration,1.0,0.5,0.5,"Told the town staying; town says 49% going. Forecast 71 vs line 60; Q go +1.37 / stay +2.29; claiming I'm staying, going anyway."
42,72,MACHIAVELLIAN,61.03,0.896,neural_forecaster,0.0448,0.0068,0.9481,0.0003,false_go,going,home,False,True,True,0.3,hope,0.098,0.5,0.5,"Told the town going; town says 49% going. Forecast 61 vs line 60; Q go +0.18 / stay +0.50; claiming I'm going, staying home."
42,73,STRAIGHT SHOOTER,60.28,0.868,neural_forecaster,0.0006,0.9411,0.0126,0.0457,honest_stay,staying,home,False,False,True,0.3,hope,0.737,0.5,0.5,"Told the town staying; town says 49% going. Forecast 60 vs line 60; Q go +1.38 / stay +1.77; staying home, and saying so."
42,74,PRAGMATIST,55.31,0.837,neural_forecaster,0.5124,0.0064,0.4743,0.0069,honest_go,going,home,False,True,False,0.3,hope,0.221,0.5,0.5,"Told the town going; town says 49% going. Forecast 55 vs line 60; Q go +0.75 / stay +0.74; claiming I'm going, staying home."
42,75,PRAGMATIST,50.82,0.847,neural_forecaster,0.5821,0.0023,0.4125,0.0032,honest_go,going,bar,True,False,True,-1.0,frustration,0.799,0.5,0.5,"Told the town going; town says 49% going. Forecast 51 vs line 60; Q go +0.60 / stay +0.57; going, and saying so."
42,76,STRAIGHT SHOOTER,61.53,0.871,neural_forecaster,0.0003,0.9635,0.0174,0.0188,honest_stay,staying,home,False,False,False,0.3,hope,0.977,0.5,0.5,"Told the town staying; town says 49% going. Forecast 62 vs line 60; Q go +1.62 / stay +2.25; staying home, and saying so."
42,77,MACHIAVELLIAN,57.79,0.819,neural_forecaster,0.0437,0.3567,0.5725,0.0272,false_go,staying,home,False,False,True,0.3,hope,0.332,0.5,0.5,"Told the town staying; town says 49% going. Forecast 58 vs line 60; Q go +0.19 / stay +0.96; staying home, and saying so."
42,78,MACHIAVELLIAN,52.99,0.819,neural_forecaster,0.1169,0.0816,0.7894,0.0121,false_go,going,home,False,True,True,0.3,hope,0.313,0.5,0.5,"Told the town going; town says 49% going. Forecast 53 vs line 60; Q go +0.45 / stay +0.93; claiming I'm going, staying home."
42,79,CAUTIOUS,56.67,0.879,neural_forecaster,0.0204,0.5624,0.3875,0.0296,honest_stay,staying,home,False,False,False,0.3,hope,0.252,0.5,0.5,"Told the town staying; town says 49% going. Forecast 57 vs line 60; Q go -0.00 / stay +0.80; staying home, and saying so."
42,80,GAMBLER,46.46,0.811,neural_forecaster,0.9735,0.0001,0.0199,0.0064,honest_go,going,bar,True,False,False,-1.0,frustration,1.0,0.5,0.5,"Told the town going; town says 49% going. Forecast 46 vs line 60; Q go +1.02 / stay +0.56; going, and saying so."
42,81,GAMBLER,51.46,0.786,neural_forecaster,0.6789,0.0095,0.0222,0.2894,honest_go,going,bar,True,False,False,-1.0,frustration,1.0,0.5,0.5,"Told the town going; town says 49% going. Forecast 51 vs line 60; Q go +1.59 / stay +0.58; going, and saying so."
42,82,MACHIAVELLIAN,56.57,0.856,neural_forecaster,0.1508,0.1975,0.6022,0.0495,false_go,staying,bar,True,True,True,-1.0,frustration,0.979,0.5,0.5,"Told the town staying; town says 49% going. Forecast 57 vs line 60; Q go +0.96 / stay +1.21; claiming I'm staying, going anyway."
42,83,MACHIAVELLIAN,54.47,0.822,neural_forecaster,0.4682,0.0158,0.0147,0.5013,false_stay,going,bar,True,False,False,-1.0,frustration,1.0,0.5,0.5,"Told the town going; town says 49% going. Forecast 54 vs line 60; Q go +1.62 / stay +1.04; going, and saying so."
42,84,MACHIAVELLIAN,58.07,0.848,neural_forecaster,0.214,0.2611,0.1484,0.3765,false_stay,going,home,False,True,False,0.3,hope,0.405,0.5,0.5,"Told the town going; town says 49% going. Forecast 58 vs line 60; Q go +1.22 / stay +1.11; claiming I'm going, staying home."
42,85,GAMBLER,49.32,0.824,neural_forecaster,0.9832,0.0001,0.0075,0.0093,honest_go,going,bar,True,False,True,-1.0,frustration,1.0,0.5,0.5,"Told the town going; town says 49% going. Forecast 49 vs line 60; Q go +1.48 / stay +0.12; going, and saying so."
42,86,MACHIAVELLIAN,58.21,0.872,neural_forecaster,0.0271,0.0501,0.0015,0.9214,false_stay,staying,bar,True,True,True,-1.0,frustration,1.0,0.5,0.5,"Told the town staying; town says 49% going. Forecast 58 vs line 60; Q go +2.23 / stay +1.90; claiming I'm staying, going anyway."
42,87,GAMBLER,57.91,0.838,neural_forecaster,0.7006,0.0064,0.0162,0.2768,honest_go,going,bar,True,False,True,-1.0,frustration,1.0,0.5,0.5,"Told the town going; town says 49% going. Forecast 58 vs line 60; Q go +1.91 / stay +0.88; going, and saying so."
42,88,MACHIAVELLIAN,41.89,0.771,neural_forecaster,0.0867,0.0561,0.0057,0.8515,false_stay,staying,bar,True,True,True,-1.0,frustration,1.0,0.5,0.5,"Told the town staying; town says 49% going. Forecast 42 vs line 60; Q go +2.06 / stay +1.12; claiming I'm staying, going anyway."
42,89,CAUTIOUS,60.96,0.863,neural_forecaster,0.0019,0.8704,0.1134,0.0144,honest_stay,staying,home,False,False,False,0.3,hope,0.158,0.5,0.5,"Told the town staying; town says 49% going. Forecast 61 vs line 60; Q go -0.35 / stay +0.62; staying home, and saying so."
42,90,GAMBLER,53.82,0.859,neural_forecaster,0.4838,0.0763,0.1128,0.3271,honest_go,going,bar,True,False,False,-1.0,frustration,1.0,0.5,0.5,"Told the town going; town says 49% going. Forecast 54 vs line 60; Q go +1.72 / stay +1.28; going, and saying so."
42,91,CAUTIOUS,52.47,0.856,neural_forecaster,0.0205,0.651,0.0476,0.2809,honest_stay,staying,home,False,False,False,0.3,hope,0.314,0.5,0.5,"Told the town staying; town says 49% going. Forecast 52 vs line 60; Q go +0.71 / stay +0.93; staying home, and saying so."
42,92,GAMBLER,50.43,0.842,neural_forecaster,0.4,0.1119,0.1225,0.3655,honest_go,staying,bar,True,True,False,-1.0,frustration,1.0,0.5,0.5,"Told the town staying; town says 49% going. Forecast 50 vs line 60; Q go +1.52 / stay +1.40; claiming I'm staying, going anyway."
42,93,PRAGMATIST,54.24,0.871,neural_forecaster,0.0025,0.585,0.0036,0.4089,honest_stay,staying,home,False,False,False,0.3,hope,0.426,0.5,0.5,"Told the town staying; town says 49% going. Forecast 54 vs line 60; Q go +1.04 / stay +1.15; staying home, and saying so."
42,94,GAMBLER,56.0,0.831,neural_forecaster,0.7141,0.0057,0.2648,0.0154,honest_go,going,bar,True,False,True,-1.0,frustration,1.0,0.5,0.5,"Told the town going; town says 49% going. Forecast 56 vs line 60; Q go +1.02 / stay +0.84; going, and saying so."
42,95,MACHIAVELLIAN,59.31,0.895,neural_forecaster,0.135,0.0859,0.7639,0.0152,false_go,going,home,False,True,True,0.3,hope,0.285,0.5,0.5,"Told the town going; town says 49% going. Forecast 59 vs line 60; Q go +0.62 / stay +0.87; claiming I'm going, staying home."
42,96,MACHIAVELLIAN,54.79,0.855,neural_forecaster,0.2321,0.0328,0.0105,0.7246,false_stay,going,bar,True,False,True,-1.0,frustration,1.0,0.5,0.5,"Told the town going; town says 49% going. Forecast 55 vs line 60; Q go +2.22 / stay +1.20; going, and saying so."
42,97,GAMBLER,46.11,0.801,neural_forecaster,0.6957,0.0074,0.0185,0.2785,honest_go,going,bar,True,False,True,-1.0,frustration,1.0,0.5,0.5,"Told the town going; town says 49% going. Forecast 46 vs line 60; Q go +4.06 / stay +2.90; going, and saying so."
42,98,GAMBLER,44.18,0.831,neural_forecaster,0.8523,0.003,0.0204,0.1243,honest_go,going,bar,True,False,False,-1.0,frustration,1.0,0.5,0.5,"Told the town going; town says 49% going. Forecast 44 vs line 60; Q go +1.79 / stay +0.52; going, and saying so."
42,99,MACHIAVELLIAN,53.14,0.851,neural_forecaster,0.0043,0.4902,0.0042,0.5012,false_stay,staying,home,False,False,True,0.3,hope,0.603,0.5,0.5,"Told the town staying; town says 49% going. Forecast 53 vs line 60; Q go +1.51 / stay +1.51; staying home, and saying so."
42,100,GAMBLER,52.06,0.825,neural_forecaster,0.9193,0.0013,0.0585,0.0209,honest_go,going,bar,True,False,False,-1.0,frustration,0.922,0.5,0.5,"Told the town going; town says 49% going. Forecast 52 vs line 60; Q go +0.84 / stay +0.37; going, and saying so."
43,1,MACHIAVELLIAN,62.08,0.763,neural_forecaster,0.0194,0.0197,0.9605,0.0004,false_go,going,home,False,True,True,0.3,envy,0.334,0.5,0.5,"Told the town going; town says 43% going. Forecast 62 vs line 60; Q go -0.18 / stay +0.97; claiming I'm going, staying home."
43,2,MACHIAVELLIAN,55.38,0.761,neural_forecaster,0.0075,0.2484,0.0025,0.7415,false_stay,staying,bar,True,True,False,1.0,pride,0.226,0.5,0.5,"Told the town staying; town says 43% going. Forecast 55 vs line 60; Q go +0.55 / stay +0.41; claiming I'm staying, going anyway."
43,3,GAMBLER,57.59,0.795,neural_forecaster,0.4011,0.1243,0.1572,0.3173,honest_go,going,home,False,True,True,0.3,envy,0.15,0.5,0.5,"Told the town going; town says 43% going. Forecast 58 vs line 60; Q go +0.79 / stay +0.60; claiming I'm going, staying home."
43,4,MACHIAVELLIAN,53.34,0.778,neural_forecaster,0.02,0.3214,0.0099,0.6486,false_stay,staying,bar,True,True,False,1.0,pride,0.075,0.5,0.5,"Told the town staying; town says 43% going. Forecast 53 vs line 60; Q go +0.85 / stay +0.71; claiming I'm staying, going anyway."
43,5,MACHIAVELLIAN,55.57,0.82,neural_forecaster,0.0096,0.2805,0.0038,0.7061,false_stay,going,bar,True,False,False,1.0,pride,0.116,0.5,0.5,"Told the town going; town says 43% going. Forecast 56 vs line 60; Q go +0.77 / stay +0.67; going, and saying so."
43,6,GAMBLER,48.47,0.813,neural_forecaster,0.4457,0.1002,0.1439,0.3103,honest_go,going,bar,True,False,False,1.0,pride,0.387,0.5,0.5,"Told the town going; town says 43% going. Forecast 48 vs line 60; Q go +1.77 / stay +1.52; going, and saying so."
43,7,MACHIAVELLIAN,60.79,0.788,neural_forecaster,0.0134,0.014,0.9724,0.0002,false_go,going,home,False,True,False,0.3,envy,0.182,0.5,0.5,"Told the town going; town says 43% going. Forecast 61 vs line 60; Q go -0.28 / stay +0.66; claiming I'm going, staying home."
43,8,MACHIAVELLIAN,60.73,0.795,neural_forecaster,0.056,0.0268,0.9156,0.0016,false_go,going,home,False,True,False,0.3,envy,0.085,0.5,0.5,"Told the town going; town says 43% going. Forecast 61 vs line 60; Q go -0.24 / stay +0.47; claiming I'm going, staying home."
43,9,GAMBLER,50.39,0.828,neural_forecaster,0.4167,0.0874,0.0897,0.4061,honest_go,staying,home,False,False,False,0.3,envy,0.184,0.5,0.5,"Told the town staying; town says 43% going. Forecast 50 vs line 60; Q go +1.06 / stay +0.67; staying home, and saying so."
43,10,MACHIAVELLIAN,59.33,0.796,neural_forecaster,0.019,0.0532,0.0011,0.9268,false_stay,staying,bar,True,True,False,1.0,pride,0.247,0.5,0.5,"Told the town staying; town says 43% going. Forecast 59 vs line 60; Q go +1.49 / stay +1.00; claiming I'm staying, going anyway."
43,11,CAUTIOUS,50.44,0.805,neural_forecaster,0.005,0.7008,0.0125,0.2817,honest_stay,staying,home,False,False,True,0.3,envy,0.417,0.5,0.5,"Told the town staying; town says 43% going. Forecast 50 vs line 60; Q go +0.89 / stay +1.13; staying home, and saying so."
43,12,GAMBLER,54.37,0.79,neural_forecaster,0.4476,0.1073,0.1836,0.2615,honest_go,staying,bar,True,True,False,1.0,pride,0.038,0.5,0.5,"Told the town staying; town says 43% going. Forecast 54 vs line 60; Q go +0.92 / stay +0.68; claiming I'm staying, going anyway."
43,13,CAUTIOUS,57.82,0.756,neural_forecaster,0.01,0.7728,0.1721,0.045,honest_stay,staying,home,False,False,True,0.3,envy,0.078,0.5,0.5,"Told the town staying; town says 43% going. Forecast 58 vs line 60; Q go -0.49 / stay +0.46; staying home, and saying so."
43,14,MACHIAVELLIAN,52.19,0.82,neural_forecaster,0.0924,0.0928,0.8041,0.0107,false_go,going,home,False,True,False,0.3,envy,0.528,0.5,0.5,"Told the town going; town says 43% going. Forecast 52 vs line 60; Q go +0.91 / stay +1.36; claiming I'm going, staying home."
43,15,CAUTIOUS,59.83,0.776,neural_forecaster,0.0001,0.9824,0.0086,0.0089,honest_stay,staying,home,False,False,True,0.3,envy,0.495,0.5,0.5,"Told the town staying; town says 43% going. Forecast 60 vs line 60; Q go +0.44 / stay +1.29; staying home, and saying so."
43,16,CAUTIOUS,58.83,0.744,neural_forecaster,0.0006,0.9498,0.0195,0.0301,honest_stay,staying,home,False,False,False,0.3,envy,0.32,0.5,0.5,"Told the town staying; town says 43% going. Forecast 59 vs line 60; Q go +0.34 / stay +0.94; staying home, and saying so."
43,17,CAUTIOUS,59.37,0.81,neural_forecaster,0.0002,0.9712,0.0217,0.0069,honest_stay,staying,home,False,False,False,0.3,envy,0.365,0.5,0.5,"Told the town staying; town says 43% going. Forecast 59 vs line 60; Q go +0.18 / stay +1.03; staying home, and saying so."
43,18,MACHIAVELLIAN,57.19,0.738,neural_forecaster,0.0088,0.4626,0.5207,0.0078,false_go,staying,home,False,False,True,0.3,envy,0.134,0.5,0.5,"Told the town staying; town says 43% going. Forecast 57 vs line 60; Q go -0.41 / stay +0.57; staying home, and saying so."
43,19,CAUTIOUS,51.45,0.805,neural_forecaster,0.0582,0.5173,0.3343,0.0901,honest_stay,staying,home,False,False,True,0.3,envy,0.283,0.5,0.5,"Told the town staying; town says 43% going. Forecast 51 vs line 60; Q go +0.70 / stay +0.87; staying home, and saying so."
43,20,PRAGMATIST,48.64,0.803,neural_forecaster,0.0516,0.5074,0.0707,0.3703,honest_stay,staying,home,False,False,True,0.3,envy,0.049,0.5,0.5,"Told the town staying; town says 43% going. Forecast 49 vs line 60; Q go +0.30 / stay +0.40; staying home, and saying so."
43,21,MACHIAVELLIAN,58.62,0.813,neural_forecaster,0.2148,0.1809,0.0732,0.5311,false_stay,staying,bar,True,True,False,1.0,pride,0.139,0.5,0.5,"Told the town staying; town says 43% going. Forecast 59 vs line 60; Q go +0.72 / stay +0.53; claiming I'm staying, going anyway."
43,22,CAUTIOUS,51.8,0.821,neural_forecaster,0.0158,0.486,0.4822,0.016,honest_stay,going,home,False,True,False,0.3,envy,0.107,0.5,0.5,"Told the town going; town says 43% going. Forecast 52 vs line 60; Q go -0.29 / stay +0.51; claiming I'm going, staying home."
43,23,PRAGMATIST,48.84,0.817,neural_forecaster,0.5857,0.0094,0.3909,0.0141,honest_go,going,home,False,True,False,0.3,envy,0.44,0.5,0.5,"Told the town going; town says 43% going. Forecast 49 vs line 60; Q go +1.28 / stay +1.18; claiming I'm going, staying home."
43,24,MACHIAVELLIAN,54.1,0.834,neural_forecaster,0.0159,0.0189,0.0003,0.965,false_stay,staying,bar,True,True,True,1.0,pride,0.02,0.5,0.5,"Told the town staying; town says 43% going. Forecast 54 vs line 60; Q go +0.96 / stay +0.28; claiming I'm staying, going anyway."
43,25,CAUTIOUS,61.92,0.777,neural_forecaster,0.0,0.9871,0.0073,0.0056,honest_stay,staying,home,False,False,True,0.3,envy,0.395,0.5,0.5,"Told the town staying; town says 43% going. Forecast 62 vs line 60; Q go -0.77 / stay +1.09; staying home, and saying so."
43,26,MACHIAVELLIAN,53.37,0.805,neural_forecaster,0.2925,0.0059,0.6991,0.0025,false_go,going,home,False,True,False,0.3,envy,0.479,0.5,0.5,"Told the town going; town says 43% going. Forecast 53 vs line 60; Q go +1.18 / stay +1.26; claiming I'm going, staying home."
43,27,MACHIAVELLIAN,52.32,0.773,neural_forecaster,0.0116,0.0087,0.9795,0.0001,false_go,going,home,False,True,False,0.3,envy,0.508,0.5,0.5,"Told the town going; town says 43% going. Forecast 52 vs line 60; Q go +0.35 / stay +1.32; claiming I'm going, staying home."
43,28,CAUTIOUS,60.31,0.78,neural_forecaster,0.0032,0.8829,0.0361,0.0777,honest_stay,going,home,False,True,True,0.3,envy,0.179,0.5,0.5,"Told the town going; town says 43% going. Forecast 60 vs line 60; Q go -0.10 / stay +0.66; claiming I'm going, staying home."
43,29,CAUTIOUS,55.4,0.8,neural_forecaster,0.0767,0.4427,0.3945,0.0861,honest_stay,staying,home,False,False,False,0.3,envy,0.231,0.5,0.5,"Told the town staying; town says 43% going. Forecast 55 vs line 60; Q go +0.41 / stay +0.76; staying home, and saying so."
43,30,PRAGMATIST,58.45,0.769,neural_forecaster,0.6175,0.0036,0.373,0.0059,honest_go,going,home,False,True,True,0.3,envy,0.247,0.5,0.5,"Told the town going; town says 43% going. Forecast 58 vs line 60; Q go +0.87 / stay +0.79; claiming I'm going, staying home."
43,31,CAUTIOUS,58.18,0.71,neural_forecaster,0.0088,0.7978,0.0483,0.1451,honest_stay,staying,home,False,False,True,0.3,envy,0.113,0.5,0.5,"Told the town staying; town says 43% going. Forecast 58 vs line 60; Q go -0.21 / stay +0.07; staying home, and saying so."
43,32,CAUTIOUS,51.06,0.822,neural_forecaster,0.0014,0.9166,0.0209,0.0611,honest_stay,staying,home,False,False,True,0.3,envy,0.161,0.5,0.5,"Told the town staying; town says 43% going. Forecast 51 vs line 60; Q go +0.41 / stay +0.62; staying home, and saying so."
43,33,MACHIAVELLIAN,55.89,0.743,neural_forecaster,0.0114,0.2871,0.6969,0.0047,false_go,going,home,False,True,True,0.3,envy,0.282,0.5,0.5,"Told the town going; town says 43% going. Forecast 56 vs line 60; Q go -1.28 / stay +0.86; claiming I'm going, staying home."
43,34,PRAGMATIST,59.79,0.803,neural_forecaster,0.0074,0.5886,0.0111,0.3928,honest_stay,staying,home,False,False,True,0.3,envy,0.086,0.5,0.5,"Told the town staying; town says 43% going. Forecast 60 vs line 60; Q go +0.39 / stay +0.47; staying home, and saying so."
43,35,MACHIAVELLIAN,58.21,0.762,neural_forecaster,0.0079,0.1324,0.0012,0.8584,false_stay,staying,bar,True,True,False,1.0,pride,0.398,0.5,0.5,"Told the town staying; town says 43% going. Forecast 58 vs line 60; Q go +0.20 / stay -0.00; claiming I'm staying, going anyway."
43,36,PRAGMATIST,63.03,0.771,neural_forecaster,0.5596,0.0335,0.3539,0.053,honest_go,going,bar,True,False,False,1.0,pride,0.196,0.5,0.5,"Told the town going; town says 43% going. Forecast 63 vs line 60; Q go +0.61 / stay +0.53; going, and saying so."
43,37,CAUTIOUS,57.02,0.81,neural_forecaster,0.0001,0.9788,0.0104,0.0107,honest_stay,staying,home,False,False,True,0.3,envy,0.347,0.5,0.5,"Told the town staying; town says 43% going. Forecast 57 vs line 60; Q go +0.53 / stay +0.99; staying home, and saying so."
43,38,MACHIAVELLIAN,46.53,0.849,neural_forecaster,0.3004,0.1616,0.1146,0.4234,false_stay,going,bar,True,False,False,1.0,pride,0.424,0.5,0.5,"Told the town going; town says 43% going. Forecast 47 vs line 60; Q go +1.85 / stay +1.57; going, and saying so."
43,39,MACHIAVELLIAN,58.0,0.792,neural_forecaster,0.0532,0.0132,0.9329,0.0007,false_go,going,home,False,True,True,0.3,envy,0.308,0.5,0.5,"Told the town going; town says 43% going. Forecast 58 vs line 60; Q go +0.58 / stay +0.92; claiming I'm going, staying home."
43,40,CAUTIOUS,48.96,0.801,neural_forecaster,0.005,0.7819,0.0204,0.1926,honest_stay,staying,home,False,False,True,0.3,envy,0.025,0.5,0.5,"Told the town staying; town says 43% going. Forecast 49 vs line 60; Q go +0.25 / stay +0.35; staying home, and saying so."
43,41,CAUTIOUS,52.38,0.834,neural_forecaster,0.0768,0.4979,0.2959,0.1293,honest_stay,staying,bar,True,True,False,1.0,pride,0.225,0.5,0.5,"Told the town staying; town says 43% going. Forecast 52 vs line 60; Q go +0.55 / stay +0.80; claiming I'm staying, going anyway."
43,42,MACHIAVELLIAN,58.99,0.787,neural_forecaster,0.006,0.4837,0.5047,0.0057,false_go,going,home,False,True,False,0.3,envy,0.212,0.5,0.5,"Told the town going; town says 43% going. Forecast 59 vs line 60; Q go +0.03 / stay +0.72; claiming I'm going, staying home."
43,43,MACHIAVELLIAN,61.37,0.774,neural_forecaster,0.0618,0.239,0.6775,0.0218,false_go,staying,home,False,False,False,0.3,envy,0.655,0.5,0.5,"Told the town staying; town says 43% going. Forecast 61 vs line 60; Q go +1.03 / stay +1.61; staying home, and saying so."
43,44,MACHIAVELLIAN,55.96,0.761,neural_forecaster,0.0189,0.0135,0.0003,0.9673,false_stay,staying,bar,True,True,False,1.0,pride,0.02,0.5,0.5,"Told the town staying; town says 43% going. Forecast 56 vs line 60; Q go +1.04 / stay +0.48; claiming I'm staying, going anyway."
43,45,MACHIAVELLIAN,62.97,0.757,neural_forecaster,0.0185,0.0291,0.9519,0.0006,false_go,going,home,False,True,True,0.3,envy,0.264,0.5,0.5,"Told the town going; town says 43% going. Forecast 63 vs line 60; Q go -0.38 / stay +0.83; claiming I'm going, staying home."
43,46,CAUTIOUS,62.36,0.787,neural_forecaster,0.0118,0.7497,0.1924,0.0461,honest_stay,going,home,False,True,False,0.3,envy,0.385,0.5,0.5,"Told the town going; town says 43% going. Forecast 62 vs line 60; Q go +0.61 / stay +1.07; claiming I'm going, staying home."
43,47,PRAGMATIST,50.91,0.819,neural_forecaster,0.3037,0.2003,0.2735,0.2224,honest_go,staying,home,False,False,True,0.3,envy,0.254,0.5,0.5,"Told the town staying; town says 43% going. Forecast 51 vs line 60; Q go +0.83 / stay +0.81; staying home, and saying so."
43,48,CAUTIOUS,54.05,0.774,neural_forecaster,0.0421,0.6306,0.179,0.1483,honest_stay,staying,home,False,False,False,0.3,envy,0.524,0.5,0.5,"Told the town staying; town says 43% going. Forecast 54 vs line 60; Q go +0.91 / stay +1.35; staying home, and saying so."
43,49,MACHIAVELLIAN,55.47,0.798,neural_forecaster,0.0917,0.3088,0.5479,0.0517,false_go,staying,home,False,False,True,0.3,envy,0.048,0.5,0.5,"Told the town staying; town says 43% going. Forecast 55 vs line 60; Q go -0.29 / stay +0.20; staying home, and saying so."
43,50,GAMBLER,46.52,0.828,neural_forecaster,0.5614,0.0611,0.2248,0.1527,honest_go,going,bar,True,False,True,1.0,pride,0.414,0.5,0.5,"Told the town going; town says 43% going. Forecast 47 vs line 60; Q go +1.83 / stay +1.55; going, and saying so."
43,51,PRAGMATIST,57.85,0.777,neural_forecaster,0.0099,0.6118,0.0167,0.3617,honest_stay,staying,home,False,False,True,0.3,envy,0.368,0.5,0.5,"Told the town staying; town says 43% going. Forecast 58 vs line 60; Q go +0.99 / stay +1.04; staying home, and saying so."
43,52,GAMBLER,55.98,0.794,neural_forecaster,0.5026,0.0185,0.0202,0.4587,honest_go,staying,bar,True,True,False,1.0,pride,0.625,0.5,0.5,"Told the town staying; town says 43% going. Forecast 56 vs line 60; Q go +2.25 / stay +1.54; claiming I'm staying, going anyway."
43,53,CAUTIOUS,53.53,0.783,neural_forecaster,0.0005,0.9545,0.0286,0.0164,honest_stay,staying,home,False,False,False,0.3,envy,0.55,0.5,0.5,"Told the town staying; town says 43% going. Forecast 54 vs line 60; Q go +0.52 / stay +1.40; staying home, and saying so."
43,54,MACHIAVELLIAN,50.48,0.825,neural_forecaster,0.0114,0.2003,0.0029,0.7853,false_stay,staying,home,False,False,True,0.3,envy,0.008,0.5,0.5,"Told the town staying; town says 43% going. Forecast 50 vs line 60; Q go +0.44 / stay +0.32; staying home, and saying so."
43,55,MACHIAVELLIAN,52.74,0.827,neural_forecaster,0.0182,0.0193,0.9621,0.0004,false_go,going,home,False,True,True,0.3,envy,0.632,0.5,0.5,"Told the town going; town says 43% going. Forecast 53 vs line 60; Q go +0.67 / stay +1.56; claiming I'm going, staying home."
43,56,MACHIAVELLIAN,58.92,0.8,neural_forecaster,0.0106,0.3646,0.6185,0.0063,false_go,staying,home,False,False,True,0.3,envy,0.347,0.5,0.5,"Told the town staying; town says 43% going. Forecast 59 vs line 60; Q go -0.04 / stay +0.99; staying home, and saying so."
43,57,MACHIAVELLIAN,66.04,0.652,neural_forecaster,0.0083,0.0229,0.9686,0.0002,false_go,going,home,False,True,True,0.3,envy,0.164,0.5,0.5,"Told the town going; town says 43% going. Forecast 66 vs line 60; Q go -0.10 / stay +0.63; claiming I'm going, staying home."
43,58,CAUTIOUS,53.92,0.75,neural_forecaster,0.0125,0.7861,0.1184,0.083,honest_stay,staying,home,False,False,True,0.3,envy,0.183,0.5,0.5,"Told the town staying; town says 43% going. Forecast 54 vs line 60; Q go +0.02 / stay +0.67; staying home, and saying so."
43,59,GAMBLER,47.95,0.826,neural_forecaster,0.9396,0.0009,0.0325,0.0269,honest_go,going,bar,True,False,False,1.0,pride,0.073,0.5,0.5,"Told the town going; town says 43% going. Forecast 48 vs line 60; Q go +1.15 / stay +0.67; going, and saying so."
43,60,GAMBLER,48.99,0.864,neural_forecaster,0.9164,0.0013,0.0642,0.0181,honest_go,going,bar,True,False,True,1.0,pride,0.403,0.5,0.5,"Told the town going; town says 43% going. Forecast 49 vs line 60; Q go +1.81 / stay +1.18; going, and saying so."
43,61,CAUTIOUS,63.97,0.777,neural_forecaster,0.0005,0.9546,0.0288,0.0162,honest_stay,staying,home,False,False,True,0.3,envy,0.134,0.5,0.5,"Told the town staying; town says 43% going. Forecast 64 vs line 60; Q go -0.04 / stay +0.57; staying home, and saying so."
43,62,PRAGMATIST,59.79,0.794,neural_forecaster,0.517,0.0492,0.3641,0.0698,honest_go,going,home,False,True,False,0.3,envy,0.266,0.5,0.5,"Told the town going; town says 43% going. Forecast 60 vs line 60; Q go +0.91 / stay +0.83; claiming I'm going, staying home."
43,63,CAUTIOUS,51.57,0.81,neural_forecaster,0.0018,0.6943,0.0041,0.2999,honest_stay,staying,home,False,False,False,0.3,envy,0.239,0.5,0.5,"Told the town staying; town says 43% going. Forecast 52 vs line 60; Q go +0.72 / stay +0.78; staying home, and saying so."
43,64,MACHIAVELLIAN,66.65,0.731,neural_forecaster,0.2153,0.1296,0.6093,0.0458,false_go,going,home,False,True,True,0.3,envy,0.264,0.5,0.5,"Told the town going; town says 43% going. Forecast 67 vs line 60; Q go +0.65 / stay +0.83; claiming I'm going, staying home."
43,65,MACHIAVELLIAN,48.09,0.814,neural_forecaster,0.0068,0.0076,0.9855,0.0001,false_go,going,home,False,True,False,0.3,envy,0.38,0.5,0.5,"Told the town going; town says 43% going. Forecast 48 vs line 60; Q go -0.18 / stay +1.06; claiming I'm going, staying home."
43,66,CAUTIOUS,66.17,0.807,neural_forecaster,0.0002,0.9732,0.0133,0.0133,honest_stay,staying,home,False,False,True,0.3,envy,0.163,0.5,0.5,"Told the town staying; town says 43% going. Forecast 66 vs line 60; Q go -0.74 / stay +0.63; staying home, and saying so."
43,67,MACHIAVELLIAN,54.6,0.794,neural_forecaster,0.0207,0.3645,0.0125,0.6022,false_stay,staying,bar,True,True,True,1.0,pride,0.006,0.5,0.5,"Told the town staying; town says 43% going. Forecast 55 vs line 60; Q go +1.01 / stay +0.86; claiming I'm staying, going anyway."
43,68,CAUTIOUS,53.57,0.789,neural_forecaster,0.0076,0.711,0.2607,0.0208,honest_stay,staying,home,False,False,True,0.3,envy,0.301,0.5,0.5,"Told the town staying; town says 43% going. Forecast 54 vs line 60; Q go -0.04 / stay +0.90; staying home, and saying so."
43,69,GAMBLER,51.35,0.791,neural_forecaster,0.7793,0.0119,0.0638,0.145,honest_go,going,bar,True,False,True,1.0,pride,0.403,0.5,0.5,"Told the town going; town says 43% going. Forecast 51 vs line 60; Q go +1.81 / stay +1.02; going, and saying so."
43,70,MACHIAVELLIAN,52.1,0.8,neural_forecaster,0.203,0.2801,0.1588,0.3581,false_stay,staying,bar,True,True,False,1.0,pride,0.047,0.5,0.5,"Told the town staying; town says 43% going. Forecast 52 vs line 60; Q go +0.91 / stay +0.84; claiming I'm staying, going anyway."
43,71,CAUTIOUS,58.61,0.76,neural_forecaster,0.1137,0.4389,0.2345,0.2129,honest_stay,staying,home,False,False,True,0.3,envy,0.902,0.5,0.5,"Told the town staying; town says 43% going. Forecast 59 vs line 60; Q go +1.91 / stay +2.10; staying home, and saying so."
43,72,MACHIAVELLIAN,50.29,0.847,neural_forecaster,0.0586,0.1605,0.0122,0.7687,false_stay,staying,bar,True,True,True,1.0,pride,0.038,0.5,0.5,"Told the town staying; town says 43% going. Forecast 50 vs line 60; Q go +0.92 / stay +0.77; claiming I'm staying, going anyway."
43,73,MACHIAVELLIAN,44.9,0.847,neural_forecaster,0.018,0.0126,0.0002,0.9692,false_stay,staying,bar,True,True,True,1.0,pride,1.0,0.5,0.5,"Told the town staying; town says 43% going. Forecast 45 vs line 60; Q go +3.56 / stay +2.54; claiming I'm staying, going anyway."
43,74,GAMBLER,49.84,0.803,neural_forecaster,0.9742,0.0002,0.0128,0.0128,honest_go,going,bar,True,False,True,1.0,pride,0.278,0.5,0.5,"Told the town going; town says 43% going. Forecast 50 vs line 60; Q go +1.56 / stay +0.65; going, and saying so."
43,75,CAUTIOUS,55.17,0.789,neural_forecaster,0.0001,0.9812,0.006,0.0127,honest_stay,staying,home,False,False,True,0.3,envy,0.04,0.5,0.5,"Told the town staying; town says 43% going. Forecast 55 vs line 60; Q go -0.04 / stay +0.38; staying home, and saying so."
43,76,MACHIAVELLIAN,47.8,0.837,neural_forecaster,0.016,0.0215,0.0004,0.9621,false_stay,staying,bar,True,True,True,1.0,pride,0.728,0.5,0.5,"Told the town staying; town says 43% going. Forecast 48 vs line 60; Q go +2.46 / stay +1.93; claiming I'm staying, going anyway."
43,77,STRAIGHT SHOOTER,58.44,0.754,neural_forecaster,0.8151,0.0078,0.1269,0.0502,honest_go,going,home,False,True,False,0.3,envy,0.285,0.5,0.5,"Told the town going; town says 43% going. Forecast 58 vs line 60; Q go +1.40 / stay +0.87; claiming I'm going, staying home."
43,78,CAUTIOUS,52.24,0.778,neural_forecaster,0.0193,0.7201,0.0746,0.1859,honest_stay,staying,bar,True,True,True,1.0,pride,0.048,0.5,0.5,"Told the town staying; town says 43% going. Forecast 52 vs line 60; Q go +0.90 / stay +1.23; claiming I'm staying, going anyway."
43,79,CAUTIOUS,63.03,0.783,neural_forecaster,0.0146,0.563,0.402,0.0204,honest_stay,staying,home,False,False,False,0.3,envy,0.198,0.5,0.5,"Told the town staying; town says 43% going. Forecast 63 vs line 60; Q go -0.20 / stay +0.70; staying home, and saying so."
43,80,MACHIAVELLIAN,46.95,0.793,neural_forecaster,0.0269,0.0068,0.9661,0.0002,false_go,going,home,False,True,True,0.3,envy,0.338,0.5,0.5,"Told the town going; town says 43% going. Forecast 47 vs line 60; Q go +0.58 / stay +0.98; claiming I'm going, staying home."
43,81,GAMBLER,62.04,0.712,neural_forecaster,0.6697,0.0118,0.027,0.2915,honest_go,going,bar,True,False,False,1.0,pride,0.206,0.5,0.5,"Told the town going; town says 43% going. Forecast 62 vs line 60; Q go +1.41 / stay +0.55; going, and saying so."
43,82,MACHIAVELLIAN,46.7,0.83,neural_forecaster,0.4818,0.0062,0.0059,0.5061,false_stay,staying,bar,True,True,False,1.0,pride,0.627,0.5,0.5,"Told the town staying; town says 43% going. Forecast 47 vs line 60; Q go +2.25 / stay +0.44; claiming I'm staying, going anyway."
43,83,MACHIAVELLIAN,57.49,0.759,neural_forecaster,0.0079,0.0887,0.0008,0.9027,false_stay,staying,bar,True,True,False,1.0,pride,0.053,0.5,0.5,"Told the town staying; town says 43% going. Forecast 57 vs line 60; Q go +1.11 / stay +0.75; claiming I'm staying, going anyway."
43,84,MACHIAVELLIAN,64.93,0.75,neural_forecaster,0.0198,0.121,0.8563,0.0028,false_go,staying,home,False,False,False,0.3,envy,0.597,0.5,0.5,"Told the town staying; town says 43% going. Forecast 65 vs line 60; Q go +0.34 / stay +1.49; staying home, and saying so."
43,85,MACHIAVELLIAN,54.37,0.774,neural_forecaster,0.2104,0.0051,0.7831,0.0014,false_go,going,home,False,True,True,0.3,envy,0.225,0.5,0.5,"Told the town going; town says 43% going. Forecast 54 vs line 60; Q go +0.50 / stay +0.75; claiming I'm going, staying home."
43,86,CAUTIOUS,62.93,0.778,neural_forecaster,0.0004,0.961,0.0156,0.023,honest_stay,staying,home,False,False,True,0.3,envy,0.829,0.5,0.5,"Told the town staying; town says 43% going. Forecast 63 vs line 60; Q go +1.48 / stay +1.96; staying home, and saying so."
43,87,PRAGMATIST,56.87,0.775,neural_forecaster,0.2106,0.2924,0.2353,0.2617,honest_stay,staying,home,False,False,True,0.3,envy,0.323,0.5,0.5,"Told the town staying; town says 43% going. Forecast 57 vs line 60; Q go +0.92 / stay +0.95; staying home, and saying so."
43,88,CAUTIOUS,65.85,0.685,neural_forecaster,0.0026,0.8933,0.0719,0.0322,honest_stay,going,home,False,True,True,0.3,envy,0.561,0.5,0.5,"Told the town going; town says 43% going. Forecast 66 vs line 60; Q go +0.21 / stay +1.42; claiming I'm going, staying home."
43,89,CAUTIOUS,64.36,0.765,neural_forecaster,0.0004,0.9572,0.0265,0.0158,honest_stay,staying,home,False,False,False,0.3,envy,0.153,0.5,0.5,"Told the town staying; town says 43% going. Forecast 64 vs line 60; Q go -0.27 / stay +0.61; staying home, and saying so."
43,90,CAUTIOUS,60.67,0.777,neural_forecaster,0.0027,0.8968,0.0415,0.059,honest_stay,staying,home,False,False,True,0.3,envy,0.633,0.5,0.5,"Told the town staying; town says 43% going. Forecast 61 vs line 60; Q go +0.72 / stay +1.57; staying home, and saying so."
43,91,MACHIAVELLIAN,70.04,0.736,neural_forecaster,0.0197,0.0121,0.9679,0.0002,false_go,going,home,False,True,False,0.3,envy,0.368,0.5,0.5,"Told the town going; town says 43% going. Forecast 70 vs line 60; Q go -0.13 / stay +1.04; claiming I'm going, staying home."
43,92,GAMBLER,58.59,0.772,neural_forecaster,0.9503,0.0006,0.0221,0.027,honest_go,going,bar,True,False,False,1.0,pride,0.035,0.5,0.5,"Told the town going; town says 43% going. Forecast 59 vs line 60; Q go +1.07 / stay +0.56; going, and saying so."
43,93,MACHIAVELLIAN,57.91,0.797,neural_forecaster,0.1569,0.0139,0.0026,0.8266,false_stay,going,bar,True,False,True,1.0,pride,0.794,0.5,0.5,"Told the town going; town says 43% going. Forecast 58 vs line 60; Q go +2.59 / stay +1.30; going, and saying so."
43,94,MACHIAVELLIAN,50.11,0.796,neural_forecaster,0.0111,0.3398,0.0058,0.6433,false_stay,staying,home,False,False,True,0.3,envy,0.271,0.5,0.5,"Told the town staying; town says 43% going. Forecast 50 vs line 60; Q go +0.96 / stay +0.84; staying home, and saying so."
43,95,GAMBLER,59.77,0.809,neural_forecaster,0.8726,0.0005,0.1231,0.0038,honest_go,going,bar,True,False,True,1.0,pride,0.022,0.5,0.5,"Told the town going; town says 43% going. Forecast 60 vs line 60; Q go +0.96 / stay +0.68; going, and saying so."
43,96,PRAGMATIST,55.32,0.795,neural_forecaster,0.5928,0.004,0.3973,0.0059,honest_go,going,bar,True,False,False,1.0,pride,0.075,0.5,0.5,"Told the town going; town says 43% going. Forecast 55 vs line 60; Q go +1.15 / stay +1.03; going, and saying so."
43,97,MACHIAVELLIAN,61.01,0.728,neural_forecaster,0.0228,0.0194,0.9573,0.0005,false_go,going,home,False,True,True,0.3,envy,1.0,0.5,0.5,"Told the town going; town says 43% going. Forecast 61 vs line 60; Q go +2.14 / stay +3.36; claiming I'm going, staying home."
43,98,GAMBLER,54.44,0.779,neural_forecaster,0.3963,0.1328,0.1822,0.2888,honest_go,going,home,False,True,True,0.3,envy,0.176,0.5,0.5,"Told the town going; town says 43% going. Forecast 54 vs line 60; Q go +0.86 / stay +0.65; claiming I'm going, staying home."
43,99,MACHIAVELLIAN,48.59,0.819,neural_forecaster,0.0049,0.0168,0.0001,0.9782,false_stay,staying,bar,True,True,True,1.0,pride,0.161,0.5,0.5,"Told the town staying; town says 43% going. Forecast 49 vs line 60; Q go +1.32 / stay +0.77; claiming I'm staying, going anyway."
43,100,MACHIAVELLIAN,58.71,0.757,neural_forecaster,0.0957,0.0285,0.8727,0.0031,false_go,going,home,False,True,True,0.3,envy,0.08,0.5,0.5,"Told the town going; town says 43% going. Forecast 59 vs line 60; Q go +0.11 / stay +0.46; claiming I'm going, staying home."
44,1,MACHIAVELLIAN,56.63,0.809,neural_forecaster,0.0191,0.063,0.0013,0.9165,false_stay,staying,bar,True,True,True,1.0,pride,0.076,0.5,0.5,"Told the town staying; town says 38% going. Forecast 57 vs line 60; Q go +1.15 / stay +0.78; claiming I'm staying, going anyway."
44,2,MACHIAVELLIAN,54.85,0.8,neural_forecaster,0.0564,0.2751,0.6444,0.0241,false_go,staying,home,False,False,True,0.3,envy,0.12,0.5,0.5,"Told the town staying; town says 38% going. Forecast 55 vs line 60; Q go +0.24 / stay +0.54; staying home, and saying so."
44,3,STRAIGHT SHOOTER,63.95,0.808,neural_forecaster,0.8839,0.002,0.0957,0.0185,honest_go,going,bar,True,False,True,1.0,pride,0.174,0.5,0.5,"Told the town going; town says 38% going. Forecast 64 vs line 60; Q go +1.35 / stay +0.89; going, and saying so."
44,4,MACHIAVELLIAN,53.42,0.808,neural_forecaster,0.0875,0.0605,0.0063,0.8457,false_stay,staying,bar,True,True,False,1.0,pride,0.333,0.5,0.5,"Told the town staying; town says 38% going. Forecast 53 vs line 60; Q go +1.67 / stay +1.14; claiming I'm staying, going anyway."
44,5,MACHIAVELLIAN,56.91,0.856,neural_forecaster,0.0137,0.0118,0.0002,0.9743,false_stay,staying,bar,True,True,False,1.0,pride,0.202,0.5,0.5,"Told the town staying; town says 38% going. Forecast 57 vs line 60; Q go +1.40 / stay +0.77; claiming I'm staying, going anyway."
44,6,MACHIAVELLIAN,50.65,0.825,neural_forecaster,0.0155,0.0132,0.0002,0.9711,false_stay,staying,bar,True,True,False,1.0,pride,1.0,0.5,0.5,"Told the town staying; town says 38% going. Forecast 51 vs line 60; Q go +3.85 / stay +2.26; claiming I'm staying, going anyway."
44,7,MACHIAVELLIAN,44.39,0.78,neural_forecaster,0.013,0.0131,0.0002,0.9737,false_stay,staying,bar,True,True,True,1.0,pride,0.153,0.5,0.5,"Told the town staying; town says 38% going. Forecast 44 vs line 60; Q go +1.31 / stay +0.56; claiming I'm staying, going anyway."
44,8,CAUTIOUS,64.52,0.806,neural_forecaster,0.0006,0.9524,0.0281,0.0189,honest_stay,staying,bar,True,True,True,1.0,pride,0.906,0.5,0.5,"Told the town staying; town says 38% going. Forecast 65 vs line 60; Q go -0.81 / stay +0.54; claiming I'm staying, going anyway."
44,9,MACHIAVELLIAN,50.6,0.837,neural_forecaster,0.0738,0.2896,0.0355,0.6011,false_stay,staying,bar,True,True,True,1.0,pride,0.113,0.5,0.5,"Told the town staying; town says 38% going. Forecast 51 vs line 60; Q go +0.77 / stay +0.60; claiming I'm staying, going anyway."
44,10,MACHIAVELLIAN,63.97,0.809,neural_forecaster,0.024,0.3254,0.0122,0.6383,false_stay,staying,home,False,False,True,0.3,envy,0.21,0.5,0.5,"Told the town staying; town says 38% going. Forecast 64 vs line 60; Q go +0.82 / stay +0.72; staying home, and saying so."
44,11,GAMBLER,53.11,0.829,neural_forecaster,0.5003,0.0714,0.1135,0.3148,honest_go,going,home,False,True,False,0.3,envy,0.274,0.5,0.5,"Told the town going; town says 38% going. Forecast 53 vs line 60; Q go +1.23 / stay +0.85; claiming I'm going, staying home."
44,12,GAMBLER,54.1,0.82,neural_forecaster,0.5694,0.0147,0.0212,0.3947,honest_go,staying,bar,True,True,False,1.0,pride,0.374,0.5,0.5,"Told the town staying; town says 38% going. Forecast 54 vs line 60; Q go +1.75 / stay +0.75; claiming I'm staying, going anyway."
44,13,MACHIAVELLIAN,51.58,0.783,neural_forecaster,0.0141,0.2265,0.0042,0.7552,false_stay,staying,home,False,False,False,0.3,envy,0.267,0.5,0.5,"Told the town staying; town says 38% going. Forecast 52 vs line 60; Q go +1.19 / stay +0.83; staying home, and saying so."
44,14,MACHIAVELLIAN,52.29,0.837,neural_forecaster,0.0198,0.2761,0.0078,0.6964,false_stay,staying,home,False,False,False,0.3,envy,0.483,0.5,0.5,"Told the town staying; town says 38% going. Forecast 52 vs line 60; Q go +1.44 / stay +1.27; staying home, and saying so."
44,15,CAUTIOUS,58.87,0.813,neural_forecaster,0.0008,0.8935,0.0075,0.0982,honest_stay,staying,home,False,False,False,0.3,envy,0.462,0.5,0.5,"Told the town staying; town says 38% going. Forecast 59 vs line 60; Q go +0.98 / stay +1.22; staying home, and saying so."
44,16,GAMBLER,58.1,0.791,neural_forecaster,0.9668,0.0003,0.0194,0.0135,honest_go,going,bar,True,False,True,1.0,pride,0.213,0.5,0.5,"Told the town going; town says 38% going. Forecast 58 vs line 60; Q go +1.43 / stay +0.70; going, and saying so."
44,17,MACHIAVELLIAN,57.94,0.844,neural_forecaster,0.0058,0.1438,0.001,0.8494,false_stay,staying,bar,True,True,True,1.0,pride,0.046,0.5,0.5,"Told the town staying; town says 38% going. Forecast 58 vs line 60; Q go +0.91 / stay +0.77; claiming I'm staying, going anyway."
44,18,GAMBLER,46.81,0.749,neural_forecaster,0.892,0.0031,0.0545,0.0505,honest_go,going,bar,True,False,True,1.0,pride,0.016,0.5,0.5,"Told the town going; town says 38% going. Forecast 47 vs line 60; Q go +0.97 / stay +0.39; going, and saying so."
44,19,STRAIGHT SHOOTER,51.84,0.824,neural_forecaster,0.9853,0.0001,0.0073,0.0074,honest_go,going,bar,True,False,True,1.0,pride,0.339,0.5,0.5,"Told the town going; town says 38% going. Forecast 52 vs line 60; Q go +1.68 / stay +0.68; going, and saying so."
44,20,STRAIGHT SHOOTER,53.31,0.828,neural_forecaster,0.8882,0.0033,0.0603,0.0482,honest_go,going,bar,True,False,True,1.0,pride,0.024,0.5,0.5,"Told the town going; town says 38% going. Forecast 53 vs line 60; Q go +1.05 / stay +0.19; going, and saying so."
44,21,CAUTIOUS,58.27,0.845,neural_forecaster,0.0036,0.808,0.0171,0.1713,honest_stay,staying,home,False,False,True,0.3,envy,0.266,0.5,0.5,"Told the town staying; town says 38% going. Forecast 58 vs line 60; Q go +0.56 / stay +0.83; staying home, and saying so."
44,22,MACHIAVELLIAN,54.22,0.845,neural_forecaster,0.046,0.389,0.5313,0.0337,false_go,staying,home,False,False,False,0.3,envy,0.089,0.5,0.5,"Told the town staying; town says 38% going. Forecast 54 vs line 60; Q go -0.03 / stay +0.48; staying home, and saying so."
44,23,GAMBLER,59.36,0.844,neural_forecaster,0.688,0.029,0.1354,0.1475,honest_go,going,home,False,True,False,0.3,envy,0.296,0.5,0.5,"Told the town going; town says 38% going. Forecast 59 vs line 60; Q go +1.29 / stay +0.89; claiming I'm going, staying home."
44,24,MACHIAVELLIAN,54.07,0.855,neural_forecaster,0.0153,0.028,0.0004,0.9563,false_stay,staying,bar,True,True,False,1.0,pride,0.013,0.5,0.5,"Told the town staying; town says 38% going. Forecast 54 vs line 60; Q go +1.03 / stay +0.54; claiming I'm staying, going anyway."
44,25,MACHIAVELLIAN,50.08,0.794,neural_forecaster,0.0054,0.0142,0.0001,0.9803,false_stay,staying,bar,True,True,True,1.0,pride,0.394,0.5,0.5,"Told the town staying; town says 38% going. Forecast 50 vs line 60; Q go +1.79 / stay +1.35; claiming I'm staying, going anyway."
44,26,MACHIAVELLIAN,47.19,0.805,neural_forecaster,0.0976,0.0073,0.8942,0.0008,false_go,going,home,False,True,False,0.3,envy,0.681,0.5,0.5,"Told the town going; town says 38% going. Forecast 47 vs line 60; Q go +1.47 / stay +1.66; claiming I'm going, staying home."
44,27,GAMBLER,47.96,0.782,neural_forecaster,0.9407,0.0007,0.0165,0.0421,honest_go,going,bar,True,False,True,1.0,pride,0.343,0.5,0.5,"Told the town going; town says 38% going. Forecast 48 vs line 60; Q go +1.69 / stay +0.89; going, and saying so."
44,28,MACHIAVELLIAN,51.7,0.803,neural_forecaster,0.0121,0.15,0.0022,0.8357,false_stay,staying,bar,True,True,True,1.0,pride,0.146,0.5,0.5,"Told the town staying; town says 38% going. Forecast 52 vs line 60; Q go +1.29 / stay +0.78; claiming I'm staying, going anyway."
44,29,MACHIAVELLIAN,55.92,0.835,neural_forecaster,0.0149,0.1956,0.0037,0.7858,false_stay,staying,bar,True,True,True,1.0,pride,0.063,0.5,0.5,"Told the town staying; town says 38% going. Forecast 56 vs line 60; Q go +1.13 / stay +0.84; claiming I'm staying, going anyway."
44,30,PRAGMATIST,58.21,0.811,neural_forecaster,0.4837,0.0781,0.32,0.1181,honest_go,going,bar,True,False,True,1.0,pride,0.353,0.5,0.5,"Told the town going; town says 38% going. Forecast 58 vs line 60; Q go +0.29 / stay +0.23; going, and saying so."
44,31,MACHIAVELLIAN,55.96,0.764,neural_forecaster,0.2375,0.0072,0.7531,0.0023,false_go,staying,home,False,False,False,0.3,envy,0.007,0.5,0.5,"Told the town staying; town says 38% going. Forecast 56 vs line 60; Q go +0.10 / stay +0.29; staying home, and saying so."
44,32,MACHIAVELLIAN,58.56,0.852,neural_forecaster,0.0301,0.0266,0.9424,0.0008,false_go,going,home,False,True,False,0.3,envy,0.305,0.5,0.5,"Told the town going; town says 38% going. Forecast 59 vs line 60; Q go +0.61 / stay +0.91; claiming I'm going, staying home."
44,33,MACHIAVELLIAN,57.18,0.794,neural_forecaster,0.1289,0.0388,0.8262,0.0061,false_go,going,bar,True,False,True,1.0,pride,0.108,0.5,0.5,"Told the town going; town says 38% going. Forecast 57 vs line 60; Q go +0.78 / stay +1.23; going, and saying so."
44,34,MACHIAVELLIAN,52.74,0.826,neural_forecaster,0.2941,0.0333,0.0149,0.6577,false_stay,staying,bar,True,True,True,1.0,pride,0.074,0.5,0.5,"Told the town staying; town says 38% going. Forecast 53 vs line 60; Q go +1.15 / stay +0.52; claiming I'm staying, going anyway."
44,35,GAMBLER,50.93,0.786,neural_forecaster,0.7379,0.0044,0.0134,0.2443,honest_go,going,bar,True,False,False,1.0,pride,0.054,0.5,0.5,"Told the town going; town says 38% going. Forecast 51 vs line 60; Q go +0.89 / stay +0.43; going, and saying so."
44,36,MACHIAVELLIAN,60.41,0.803,neural_forecaster,0.0216,0.0187,0.9592,0.0004,false_go,going,home,False,True,True,0.3,envy,0.109,0.5,0.5,"Told the town going; town says 38% going. Forecast 60 vs line 60; Q go -0.32 / stay +0.52; claiming I'm going, staying home."
44,37,MACHIAVELLIAN,58.85,0.841,neural_forecaster,0.0104,0.009,0.9805,0.0001,false_go,going,home,False,True,False,0.3,envy,0.086,0.5,0.5,"Told the town going; town says 38% going. Forecast 59 vs line 60; Q go +0.02 / stay +0.47; claiming I'm going, staying home."
44,38,PRAGMATIST,68.37,0.834,neural_forecaster,0.0967,0.4603,0.154,0.2889,honest_stay,staying,home,False,False,True,0.3,envy,0.958,0.5,0.5,"Told the town staying; town says 38% going. Forecast 68 vs line 60; Q go +2.09 / stay +2.22; staying home, and saying so."
44,39,MACHIAVELLIAN,54.44,0.823,neural_forecaster,0.013,0.0129,0.0002,0.9739,false_stay,staying,bar,True,True,True,1.0,pride,0.638,0.5,0.5,"Told the town staying; town says 38% going. Forecast 54 vs line 60; Q go +2.28 / stay +1.16; claiming I'm staying, going anyway."
44,40,MACHIAVELLIAN,66.62,0.803,neural_forecaster,0.228,0.0144,0.0044,0.7532,false_stay,going,bar,True,False,True,1.0,pride,0.268,0.5,0.5,"Told the town going; town says 38% going. Forecast 67 vs line 60; Q go +1.54 / stay +1.07; going, and saying so."
44,41,STRAIGHT SHOOTER,59.87,0.856,neural_forecaster,0.8047,0.0048,0.1677,0.0229,honest_go,going,bar,True,False,False,1.0,pride,0.083,0.5,0.5,"Told the town going; town says 38% going. Forecast 60 vs line 60; Q go +1.17 / stay +0.88; going, and saying so."
44,42,MACHIAVELLIAN,53.47,0.816,neural_forecaster,0.0082,0.0408,0.0004,0.9507,false_stay,staying,bar,True,True,True,1.0,pride,0.072,0.5,0.5,"Told the town staying; town says 38% going. Forecast 53 vs line 60; Q go +1.14 / stay +0.75; claiming I'm staying, going anyway."
44,43,CAUTIOUS,54.14,0.808,neural_forecaster,0.0905,0.4887,0.2035,0.2173,honest_stay,staying,bar,True,True,True,1.0,pride,0.237,0.5,0.5,"Told the town staying; town says 38% going. Forecast 54 vs line 60; Q go +1.47 / stay +1.66; claiming I'm staying, going anyway."
44,44,CAUTIOUS,63.43,0.783,neural_forecaster,0.0002,0.9691,0.0183,0.0124,honest_stay,staying,home,False,False,True,0.3,envy,0.405,0.5,0.5,"Told the town staying; town says 38% going. Forecast 63 vs line 60; Q go +0.45 / stay +1.11; staying home, and saying so."
44,45,GAMBLER,42.13,0.746,neural_forecaster,0.9612,0.0004,0.0181,0.0204,honest_go,going,bar,True,False,True,1.0,pride,0.533,0.5,0.5,"Told the town going; town says 38% going. Forecast 42 vs line 60; Q go +2.07 / stay +0.85; going, and saying so."
44,46,STRAIGHT SHOOTER,54.38,0.819,neural_forecaster,0.001,0.8921,0.0976,0.0093,honest_stay,staying,home,False,False,False,0.3,envy,0.661,0.5,0.5,"Told the town staying; town says 38% going. Forecast 54 vs line 60; Q go +0.53 / stay +1.62; staying home, and saying so."
44,47,MACHIAVELLIAN,51.11,0.831,neural_forecaster,0.0187,0.0217,0.0004,0.9591,false_stay,staying,bar,True,True,True,1.0,pride,0.13,0.5,0.5,"Told the town staying; town says 38% going. Forecast 51 vs line 60; Q go +1.26 / stay +0.39; claiming I'm staying, going anyway."
44,48,CAUTIOUS,53.85,0.807,neural_forecaster,0.0322,0.6282,0.2628,0.0768,honest_stay,staying,home,False,False,False,0.3,envy,0.353,0.5,0.5,"Told the town staying; town says 38% going. Forecast 54 vs line 60; Q go +0.38 / stay +1.01; staying home, and saying so."
44,49,MACHIAVELLIAN,56.31,0.836,neural_forecaster,0.1676,0.2092,0.5606,0.0626,false_go,staying,home,False,False,False,0.3,envy,0.045,0.5,0.5,"Told the town staying; town says 38% going. Forecast 56 vs line 60; Q go +0.07 / stay +0.39; staying home, and saying so."
44,50,MACHIAVELLIAN,52.33,0.843,neural_forecaster,0.3028,0.0347,0.0162,0.6463,false_stay,staying,bar,True,True,False,1.0,pride,0.624,0.5,0.5,"Told the town staying; town says 38% going. Forecast 52 vs line 60; Q go +2.25 / stay +1.33; claiming I'm staying, going anyway."
44,51,MACHIAVELLIAN,57.9,0.818,neural_forecaster,0.0112,0.41,0.008,0.5708,false_stay,staying,bar,True,True,True,1.0,pride,0.384,0.5,0.5,"Told the town staying; town says 38% going. Forecast 58 vs line 60; Q go +0.23 / stay +0.20; claiming I'm staying, going anyway."
44,52,MACHIAVELLIAN,58.37,0.83,neural_forecaster,0.1322,0.1779,0.036,0.6539,false_stay,staying,home,False,False,True,0.3,envy,0.758,0.5,0.5,"Told the town staying; town says 38% going. Forecast 58 vs line 60; Q go +2.07 / stay +1.82; staying home, and saying so."
44,53,MACHIAVELLIAN,52.07,0.807,neural_forecaster,0.1873,0.0099,0.0023,0.8004,false_stay,going,bar,True,False,True,1.0,pride,0.318,0.5,0.5,"Told the town going; town says 38% going. Forecast 52 vs line 60; Q go +1.64 / stay +0.61; going, and saying so."
44,54,MACHIAVELLIAN,61.17,0.843,neural_forecaster,0.0097,0.0097,0.9804,0.0001,false_go,going,home,False,True,False,0.3,envy,0.067,0.5,0.5,"Told the town going; town says 38% going. Forecast 61 vs line 60; Q go -0.83 / stay +0.43; claiming I'm going, staying home."
44,55,GAMBLER,57.46,0.86,neural_forecaster,0.7874,0.0036,0.1942,0.0148,honest_go,going,bar,True,False,True,1.0,pride,0.128,0.5,0.5,"Told the town going; town says 38% going. Forecast 57 vs line 60; Q go +1.26 / stay +1.00; going, and saying so."
44,56,GAMBLER,49.23,0.809,neural_forecaster,0.9417,0.0007,0.0158,0.0418,honest_go,going,bar,True,False,True,1.0,pride,0.4,0.5,0.5,"Told the town going; town says 38% going. Forecast 49 vs line 60; Q go +1.80 / stay +1.03; going, and saying so."
44,57,MACHIAVELLIAN,51.74,0.701,neural_forecaster,0.2184,0.0046,0.0013,0.7757,false_stay,staying,bar,True,True,True,1.0,pride,0.342,0.5,0.5,"Told the town staying; town says 38% going. Forecast 52 vs line 60; Q go +1.68 / stay +0.83; claiming I'm staying, going anyway."
44,58,GAMBLER,47.3,0.761,neural_forecaster,0.5477,0.0235,0.0325,0.3964,honest_go,staying,bar,True,True,True,1.0,pride,0.147,0.5,0.5,"Told the town staying; town says 38% going. Forecast 47 vs line 60; Q go +1.29 / stay +0.49; claiming I'm staying, going anyway."
44,59,MACHIAVELLIAN,61.13,0.844,neural_forecaster,0.0188,0.0063,0.9748,0.0001,false_go,going,home,False,True,True,0.3,envy,0.335,0.5,0.5,"Told the town going; town says 38% going. Forecast 61 vs line 60; Q go +0.41 / stay +0.97; claiming I'm going, staying home."
44,60,CAUTIOUS,65.26,0.858,neural_forecaster,0.0715,0.5206,0.2702,0.1377,honest_stay,staying,home,False,False,True,0.3,envy,0.047,0.5,0.5,"Told the town staying; town says 38% going. Forecast 65 vs line 60; Q go +0.11 / stay +0.39; staying home, and saying so."
44,61,MACHIAVELLIAN,52.87,0.805,neural_forecaster,0.0046,0.0055,0.0,0.9899,false_stay,staying,bar,True,True,True,1.0,pride,0.364,0.5,0.5,"Told the town staying; town says 38% going. Forecast 53 vs line 60; Q go +1.73 / stay +0.80; claiming I'm staying, going anyway."
44,62,GAMBLER,56.95,0.835,neural_forecaster,0.6814,0.0213,0.0615,0.2358,honest_go,staying,bar,True,True,True,1.0,pride,0.056,0.5,0.5,"Told the town staying; town says 38% going. Forecast 57 vs line 60; Q go +0.89 / stay +0.35; claiming I'm staying, going anyway."
44,63,MACHIAVELLIAN,50.36,0.821,neural_forecaster,0.0056,0.0058,0.0,0.9886,false_stay,staying,bar,True,True,True,1.0,pride,0.092,0.5,0.5,"Told the town staying; town says 38% going. Forecast 50 vs line 60; Q go +1.18 / stay +0.59; claiming I'm staying, going anyway."
44,64,CAUTIOUS,49.94,0.757,neural_forecaster,0.0317,0.574,0.3409,0.0534,honest_stay,staying,home,False,False,False,0.3,envy,0.265,0.5,0.5,"Told the town staying; town says 38% going. Forecast 50 vs line 60; Q go +0.42 / stay +0.83; staying home, and saying so."
44,65,MACHIAVELLIAN,51.74,0.83,neural_forecaster,0.0355,0.1091,0.0046,0.8508,false_stay,staying,home,False,False,False,0.3,envy,0.094,0.5,0.5,"Told the town staying; town says 38% going. Forecast 52 vs line 60; Q go +0.68 / stay +0.49; staying home, and saying so."
44,66,GAMBLER,50.46,0.82,neural_forecaster,0.8203,0.0022,0.0109,0.1665,honest_go,going,bar,True,False,True,1.0,pride,0.21,0.5,0.5,"Told the town going; town says 38% going. Forecast 50 vs line 60; Q go +1.42 / stay +0.48; going, and saying so."
44,67,MACHIAVELLIAN,54.46,0.825,neural_forecaster,0.0141,0.345,0.0077,0.6333,false_stay,staying,bar,True,True,False,1.0,pride,0.042,0.5,0.5,"Told the town staying; town says 38% going. Forecast 54 vs line 60; Q go +1.08 / stay +0.91; claiming I'm staying, going anyway."
44,68,GAMBLER,62.56,0.809,neural_forecaster,0.7812,0.0123,0.1363,0.0702,honest_go,going,home,False,True,False,0.3,envy,0.174,0.5,0.5,"Told the town going; town says 38% going. Forecast 63 vs line 60; Q go +1.01 / stay +0.65; claiming I'm going, staying home."
44,69,MACHIAVELLIAN,56.07,0.829,neural_forecaster,0.05,0.1993,0.7372,0.0135,false_go,going,home,False,True,True,0.3,envy,0.501,0.5,0.5,"Told the town going; town says 38% going. Forecast 56 vs line 60; Q go +0.48 / stay +1.30; claiming I'm going, staying home."
44,70,CAUTIOUS,55.6,0.834,neural_forecaster,0.0613,0.4819,0.3788,0.078,honest_stay,going,home,False,True,True,0.3,envy,0.391,0.5,0.5,"Told the town going; town says 38% going. Forecast 56 vs line 60; Q go +0.62 / stay +1.08; claiming I'm going, staying home."
44,71,MACHIAVELLIAN,47.45,0.77,neural_forecaster,0.0355,0.0393,0.0015,0.9237,false_stay,staying,home,False,False,False,0.3,envy,1.0,0.5,0.5,"Told the town staying; town says 38% going. Forecast 47 vs line 60; Q go +4.13 / stay +3.21; staying home, and saying so."
44,72,MACHIAVELLIAN,51.77,0.857,neural_forecaster,0.3304,0.0043,0.6631,0.0021,false_go,going,home,False,True,True,0.3,envy,0.113,0.5,0.5,"Told the town going; town says 38% going. Forecast 52 vs line 60; Q go +0.46 / stay +0.53; claiming I'm going, staying home."
44,73,MACHIAVELLIAN,56.64,0.876,neural_forecaster,0.0244,0.012,0.9633,0.0003,false_go,going,home,False,True,True,0.3,envy,0.857,0.5,0.5,"Told the town going; town says 38% going. Forecast 57 vs line 60; Q go +1.53 / stay +2.01; claiming I'm going, staying home."
44,74,CAUTIOUS,57.4,0.84,neural_forecaster,0.0004,0.9558,0.0122,0.0316,honest_stay,staying,home,False,False,True,0.3,envy,0.218,0.5,0.5,"Told the town staying; town says 38% going. Forecast 57 vs line 60; Q go +0.39 / stay +0.74; staying home, and saying so."
44,75,MACHIAVELLIAN,50.34,0.805,neural_forecaster,0.2987,0.0036,0.6961,0.0015,false_go,going,bar,True,False,True,1.0,pride,0.318,0.5,0.5,"Told the town going; town says 38% going. Forecast 50 vs line 60; Q go +0.36 / stay +0.44; going, and saying so."
44,76,MACHIAVELLIAN,53.54,0.856,neural_forecaster,0.013,0.1746,0.0028,0.8096,false_stay,staying,bar,True,True,False,1.0,pride,0.681,0.5,0.5,"Told the town staying; town says 38% going. Forecast 54 vs line 60; Q go +2.36 / stay +2.20; claiming I'm staying, going anyway."
44,77,STRAIGHT SHOOTER,59.83,0.792,neural_forecaster,0.0003,0.9637,0.0172,0.0187,honest_stay,staying,home,False,False,False,0.3,envy,0.421,0.5,0.5,"Told the town staying; town says 38% going. Forecast 60 vs line 60; Q go -0.15 / stay +1.14; staying home, and saying so."
44,78,MACHIAVELLIAN,56.02,0.819,neural_forecaster,0.2733,0.0845,0.0382,0.6041,false_stay,staying,bar,True,True,False,1.0,pride,0.106,0.5,0.5,"Told the town staying; town says 38% going. Forecast 56 vs line 60; Q go +1.21 / stay +0.75; claiming I'm staying, going anyway."
44,79,MACHIAVELLIAN,56.0,0.823,neural_forecaster,0.2481,0.0643,0.024,0.6636,false_stay,going,bar,True,False,True,1.0,pride,0.006,0.5,0.5,"Told the town going; town says 38% going. Forecast 56 vs line 60; Q go +1.01 / stay +0.42; going, and saying so."
44,80,GAMBLER,49.17,0.803,neural_forecaster,0.9816,0.0001,0.0122,0.0061,honest_go,going,bar,True,False,True,1.0,pride,0.119,0.5,0.5,"Told the town going; town says 38% going. Forecast 49 vs line 60; Q go +1.24 / stay +0.73; going, and saying so."
44,81,PRAGMATIST,53.84,0.757,neural_forecaster,0.0501,0.4532,0.051,0.4458,honest_stay,staying,bar,True,True,False,1.0,pride,0.165,0.5,0.5,"Told the town staying; town says 38% going. Forecast 54 vs line 60; Q go +0.67 / stay +0.67; claiming I'm staying, going anyway."
44,82,MACHIAVELLIAN,58.91,0.856,neural_forecaster,0.0077,0.3528,0.0043,0.6352,false_stay,staying,home,False,False,True,0.3,envy,0.26,0.5,0.5,"Told the town staying; town says 38% going. Forecast 59 vs line 60; Q go +0.92 / stay +0.82; staying home, and saying so."
44,83,MACHIAVELLIAN,51.37,0.785,neural_forecaster,0.0082,0.0236,0.0002,0.968,false_stay,staying,bar,True,True,False,1.0,pride,0.234,0.5,0.5,"Told the town staying; town says 38% going. Forecast 51 vs line 60; Q go +1.47 / stay +0.87; claiming I'm staying, going anyway."
44,84,GAMBLER,50.53,0.774,neural_forecaster,0.887,0.0025,0.0837,0.0268,honest_go,going,bar,True,False,True,1.0,pride,0.602,0.5,0.5,"Told the town going; town says 38% going. Forecast 51 vs line 60; Q go +2.20 / stay +1.54; going, and saying so."
44,85,MACHIAVELLIAN,59.41,0.809,neural_forecaster,0.1307,0.0055,0.863,0.0008,false_go,going,home,False,True,False,0.3,envy,0.324,0.5,0.5,"Told the town going; town says 38% going. Forecast 59 vs line 60; Q go +0.60 / stay +0.95; claiming I'm going, staying home."
44,86,MACHIAVELLIAN,54.32,0.812,neural_forecaster,0.068,0.0432,0.0033,0.8855,false_stay,staying,home,False,False,False,0.3,envy,0.482,0.5,0.5,"Told the town staying; town says 38% going. Forecast 54 vs line 60; Q go +1.59 / stay +1.26; staying home, and saying so."
44,87,MACHIAVELLIAN,50.6,0.794,neural_forecaster,0.031,0.3918,0.0219,0.5553,false_stay,staying,bar,True,True,True,1.0,pride,0.015,0.5,0.5,"Told the town staying; town says 38% going. Forecast 51 vs line 60; Q go +0.97 / stay +0.89; claiming I'm staying, going anyway."
44,88,MACHIAVELLIAN,52.41,0.73,neural_forecaster,0.1507,0.0396,0.8022,0.0074,false_go,going,home,False,True,False,0.3,envy,0.613,0.5,0.5,"Told the town going; town says 38% going. Forecast 52 vs line 60; Q go +1.02 / stay +1.53; claiming I'm going, staying home."
44,89,PRAGMATIST,52.99,0.796,neural_forecaster,0.0638,0.4708,0.0775,0.3878,honest_stay,staying,bar,True,True,True,1.0,pride,0.321,0.5,0.5,"Told the town staying; town says 38% going. Forecast 53 vs line 60; Q go +0.36 / stay +0.38; claiming I'm staying, going anyway."
44,90,MACHIAVELLIAN,50.69,0.796,neural_forecaster,0.106,0.0239,0.0029,0.8671,false_stay,staying,bar,True,True,True,1.0,pride,0.539,0.5,0.5,"Told the town staying; town says 38% going. Forecast 51 vs line 60; Q go +2.08 / stay +0.80; claiming I'm staying, going anyway."
44,91,MACHIAVELLIAN,53.49,0.775,neural_forecaster,0.0329,0.0262,0.0009,0.9401,false_stay,staying,bar,True,True,True,1.0,pride,0.246,0.5,0.5,"Told the town staying; town says 38% going. Forecast 53 vs line 60; Q go +1.49 / stay +0.52; claiming I'm staying, going anyway."
44,92,MACHIAVELLIAN,54.05,0.805,neural_forecaster,0.0186,0.0227,0.9583,0.0004,false_go,going,home,False,True,True,0.3,envy,0.383,0.5,0.5,"Told the town going; town says 38% going. Forecast 54 vs line 60; Q go +0.41 / stay +1.07; claiming I'm going, staying home."
44,93,MACHIAVELLIAN,60.84,0.822,neural_forecaster,0.4388,0.0316,0.0276,0.502,false_stay,staying,bar,True,True,False,1.0,pride,0.436,0.5,0.5,"Told the town staying; town says 38% going. Forecast 61 vs line 60; Q go +1.87 / stay +1.07; claiming I'm staying, going anyway."
44,94,MACHIAVELLIAN,52.99,0.821,neural_forecaster,0.1394,0.0241,0.8325,0.004,false_go,staying,home,False,False,False,0.3,envy,0.25,0.5,0.5,"Told the town staying; town says 38% going. Forecast 53 vs line 60; Q go +0.49 / stay +0.80; staying home, and saying so."
44,95,MACHIAVELLIAN,56.31,0.844,neural_forecaster,0.0079,0.4411,0.0064,0.5446,false_stay,staying,home,False,False,True,0.3,envy,0.118,0.5,0.5,"Told the town staying; town says 38% going. Forecast 56 vs line 60; Q go +0.57 / stay +0.54; staying home, and saying so."
44,96,MACHIAVELLIAN,50.03,0.808,neural_forecaster,0.1116,0.3097,0.0677,0.511,false_stay,staying,bar,True,True,False,1.0,pride,0.066,0.5,0.5,"Told the town staying; town says 38% going. Forecast 50 vs line 60; Q go +1.13 / stay +0.99; claiming I'm staying, going anyway."
44,97,MACHIAVELLIAN,49.46,0.753,neural_forecaster,0.0218,0.0815,0.8947,0.002,false_go,going,home,False,True,False,0.3,envy,1.0,0.5,0.5,"Told the town going; town says 38% going. Forecast 49 vs line 60; Q go +1.49 / stay +2.62; claiming I'm going, staying home."
44,98,CAUTIOUS,60.72,0.808,neural_forecaster,0.042,0.5048,0.4001,0.0531,honest_stay,going,home,False,True,False,0.3,envy,0.3,0.5,0.5,"Told the town going; town says 38% going. Forecast 61 vs line 60; Q go +0.30 / stay +0.90; claiming I'm going, staying home."
44,99,MACHIAVELLIAN,45.35,0.808,neural_forecaster,0.0047,0.0316,0.0002,0.9635,false_stay,staying,bar,True,True,False,1.0,pride,0.221,0.5,0.5,"Told the town staying; town says 38% going. Forecast 45 vs line 60; Q go +1.44 / stay +1.01; claiming I'm staying, going anyway."
44,100,CAUTIOUS,62.51,0.784,neural_forecaster,0.0121,0.7052,0.2484,0.0343,honest_stay,staying,home,False,False,False,0.3,envy,0.025,0.5,0.5,"Told the town staying; town says 38% going. Forecast 63 vs line 60; Q go -0.15 / stay +0.35; staying home, and saying so."
45,1,CAUTIOUS,58.4,0.842,neural_forecaster,0.0166,0.6833,0.2559,0.0443,honest_stay,staying,home,False,False,True,0.3,envy,0.349,0.5,0.5,"Told the town staying; town says 44% going. Forecast 58 vs line 60; Q go +0.63 / stay +1.00; staying home, and saying so."
45,2,MACHIAVELLIAN,55.37,0.833,neural_forecaster,0.3853,0.0134,0.0087,0.5926,false_stay,going,bar,True,False,True,1.0,pride,0.085,0.5,0.5,"Told the town going; town says 44% going. Forecast 55 vs line 60; Q go +1.17 / stay +0.67; going, and saying so."
45,3,CAUTIOUS,55.03,0.839,neural_forecaster,0.0232,0.6421,0.2817,0.053,honest_stay,staying,home,False,False,True,0.3,envy,0.563,0.5,0.5,"Told the town staying; town says 44% going. Forecast 55 vs line 60; Q go +0.92 / stay +1.43; staying home, and saying so."
45,4,GAMBLER,49.49,0.817,neural_forecaster,0.4359,0.1001,0.1312,0.3328,honest_go,going,home,False,True,True,0.3,envy,0.841,0.5,0.5,"Told the town going; town says 44% going. Forecast 49 vs line 60; Q go +2.20 / stay +1.98; claiming I'm going, staying home."
45,5,CAUTIOUS,61.16,0.868,neural_forecaster,0.0008,0.9062,0.0844,0.0086,honest_stay,staying,home,False,False,True,0.3,envy,0.38,0.5,0.5,"Told the town staying; town says 44% going. Forecast 61 vs line 60; Q go -0.33 / stay +1.06; staying home, and saying so."
45,6,GAMBLER,52.26,0.841,neural_forecaster,0.8794,0.0038,0.0526,0.0641,honest_go,going,bar,True,False,False,1.0,pride,0.565,0.5,0.5,"Told the town going; town says 44% going. Forecast 52 vs line 60; Q go +2.13 / stay +1.52; going, and saying so."
45,7,GAMBLER,61.43,0.806,neural_forecaster,0.6612,0.005,0.0102,0.3236,honest_go,staying,bar,True,True,False,1.0,pride,0.028,0.5,0.5,"Told the town staying; town says 44% going. Forecast 61 vs line 60; Q go +0.94 / stay +0.54; claiming I'm staying, going anyway."
45,8,MACHIAVELLIAN,48.99,0.813,neural_forecaster,0.0161,0.0707,0.0012,0.9119,false_stay,staying,bar,True,True,False,1.0,pride,0.107,0.5,0.5,"Told the town staying; town says 44% going. Forecast 49 vs line 60; Q go +1.21 / stay +0.62; claiming I'm staying, going anyway."
45,9,MACHIAVELLIAN,49.65,0.84,neural_forecaster,0.008,0.057,0.0005,0.9345,false_stay,staying,bar,True,True,False,1.0,pride,0.143,0.5,0.5,"Told the town staying; town says 44% going. Forecast 50 vs line 60; Q go +1.29 / stay +0.60; claiming I'm staying, going anyway."
45,10,MACHIAVELLIAN,49.23,0.816,neural_forecaster,0.4265,0.0086,0.5583,0.0066,false_go,going,home,False,True,False,0.3,envy,0.382,0.5,0.5,"Told the town going; town says 44% going. Forecast 49 vs line 60; Q go +1.02 / stay +1.06; claiming I'm going, staying home."
45,11,STRAIGHT SHOOTER,59.02,0.855,neural_forecaster,0.9446,0.0007,0.0382,0.0166,honest_go,going,bar,True,False,True,1.0,pride,0.385,0.5,0.5,"Told the town going; town says 44% going. Forecast 59 vs line 60; Q go +1.77 / stay +0.87; going, and saying so."
45,12,PRAGMATIST,60.17,0.844,neural_forecaster,0.5072,0.0216,0.4468,0.0245,honest_go,going,home,False,True,True,0.3,envy,0.452,0.5,0.5,"Told the town going; town says 44% going. Forecast 60 vs line 60; Q go +1.24 / stay +1.20; claiming I'm going, staying home."
45,13,MACHIAVELLIAN,57.4,0.825,neural_forecaster,0.0126,0.3524,0.0071,0.6279,false_stay,staying,bar,True,True,True,1.0,pride,0.129,0.5,0.5,"Told the town staying; town says 44% going. Forecast 57 vs line 60; Q go +0.74 / stay +0.58; claiming I'm staying, going anyway."
45,14,MACHIAVELLIAN,54.72,0.861,neural_forecaster,0.3387,0.0312,0.6128,0.0173,false_go,going,home,False,True,False,0.3,envy,0.48,0.5,0.5,"Told the town going; town says 44% going. Forecast 55 vs line 60; Q go +1.15 / stay +1.26; claiming I'm going, staying home."
45,15,MACHIAVELLIAN,55.61,0.845,neural_forecaster,0.008,0.0136,0.0001,0.9783,false_stay,staying,bar,True,True,True,1.0,pride,0.204,0.5,0.5,"Told the town staying; town says 44% going. Forecast 56 vs line 60; Q go +1.41 / stay +0.88; claiming I'm staying, going anyway."
45,16,GAMBLER,41.74,0.772,neural_forecaster,0.7846,0.0027,0.0106,0.202,honest_go,staying,bar,True,True,False,1.0,pride,0.46,0.5,0.5,"Told the town staying; town says 44% going. Forecast 42 vs line 60; Q go +1.92 / stay +0.72; claiming I'm staying, going anyway."
45,17,MACHIAVELLIAN,51.56,0.853,neural_forecaster,0.1577,0.0062,0.0012,0.8349,false_stay,staying,bar,True,True,False,1.0,pride,0.156,0.5,0.5,"Told the town staying; town says 44% going. Forecast 52 vs line 60; Q go +1.31 / stay +0.78; claiming I'm staying, going anyway."
45,18,GAMBLER,47.69,0.762,neural_forecaster,0.8199,0.0015,0.1717,0.007,honest_go,going,bar,True,False,False,1.0,pride,0.033,0.5,0.5,"Told the town going; town says 44% going. Forecast 48 vs line 60; Q go +0.93 / stay +0.63; going, and saying so."
45,19,STRAIGHT SHOOTER,64.86,0.827,neural_forecaster,0.9479,0.0003,0.0068,0.045,honest_go,going,bar,True,False,False,1.0,pride,0.554,0.5,0.5,"Told the town going; town says 44% going. Forecast 65 vs line 60; Q go +2.11 / stay +0.86; going, and saying so."
45,20,STRAIGHT SHOOTER,62.79,0.839,neural_forecaster,0.0012,0.9314,0.0378,0.0296,honest_stay,staying,home,False,False,True,0.3,envy,0.093,0.5,0.5,"Told the town staying; town says 44% going. Forecast 63 vs line 60; Q go -0.69 / stay +0.49; staying home, and saying so."
45,21,MACHIAVELLIAN,62.07,0.856,neural_forecaster,0.0173,0.0178,0.9646,0.0003,false_go,going,home,False,True,False,0.3,envy,0.202,0.5,0.5,"Told the town going; town says 44% going. Forecast 62 vs line 60; Q go -0.76 / stay +0.70; claiming I'm going, staying home."
45,22,CAUTIOUS,52.44,0.858,neural_forecaster,0.0124,0.6272,0.3373,0.0231,honest_stay,going,home,False,True,False,0.3,envy,0.064,0.5,0.5,"Told the town going; town says 44% going. Forecast 52 vs line 60; Q go -0.29 / stay +0.43; claiming I'm going, staying home."
45,23,GAMBLER,46.63,0.834,neural_forecaster,0.9444,0.0007,0.0375,0.0174,honest_go,going,bar,True,False,True,1.0,pride,0.243,0.5,0.5,"Told the town going; town says 44% going. Forecast 47 vs line 60; Q go +1.49 / stay +0.62; going, and saying so."
45,24,STRAIGHT SHOOTER,57.29,0.883,neural_forecaster,0.0002,0.9696,0.015,0.0152,honest_stay,staying,home,False,False,True,0.3,envy,0.308,0.5,0.5,"Told the town staying; town says 44% going. Forecast 57 vs line 60; Q go -0.01 / stay +0.92; staying home, and saying so."
45,25,GAMBLER,44.39,0.785,neural_forecaster,0.9893,0.0,0.0053,0.0054,honest_go,going,bar,True,False,False,1.0,pride,0.694,0.5,0.5,"Told the town going; town says 44% going. Forecast 44 vs line 60; Q go +2.39 / stay +1.41; going, and saying so."
45,26,GAMBLER,58.03,0.84,neural_forecaster,0.971,0.0002,0.0211,0.0077,honest_go,going,bar,True,False,True,1.0,pride,0.43,0.5,0.5,"Told the town going; town says 44% going. Forecast 58 vs line 60; Q go +1.86 / stay +1.51; going, and saying so."
45,27,MACHIAVELLIAN,58.74,0.819,neural_forecaster,0.0071,0.1383,0.0012,0.8535,false_stay,staying,bar,True,True,False,1.0,pride,0.007,0.5,0.5,"Told the town staying; town says 44% going. Forecast 59 vs line 60; Q go +0.99 / stay +0.67; claiming I'm staying, going anyway."
45,28,MACHIAVELLIAN,63.19,0.818,neural_forecaster,0.0132,0.2668,0.7151,0.0049,false_go,going,home,False,True,True,0.3,envy,0.205,0.5,0.5,"Told the town going; town says 44% going. Forecast 63 vs line 60; Q go -0.61 / stay +0.71; claiming I'm going, staying home."
45,29,MACHIAVELLIAN,56.06,0.864,neural_forecaster,0.0762,0.2527,0.03,0.6411,false_stay,staying,bar,True,True,False,1.0,pride,0.054,0.5,0.5,"Told the town staying; town says 44% going. Forecast 56 vs line 60; Q go +0.89 / stay +0.71; claiming I'm staying, going anyway."
45,30,MACHIAVELLIAN,64.15,0.82,neural_forecaster,0.0291,0.3673,0.0182,0.5854,false_stay,staying,bar,True,True,False,1.0,pride,0.077,0.5,0.5,"Told the town staying; town says 44% going. Forecast 64 vs line 60; Q go +0.85 / stay +0.78; claiming I'm staying, going anyway."
45,31,GAMBLER,58.26,0.806,neural_forecaster,0.7203,0.0025,0.2704,0.0067,honest_go,going,home,False,True,False,0.3,envy,0.001,0.5,0.5,"Told the town going; town says 44% going. Forecast 58 vs line 60; Q go +0.46 / stay +0.30; claiming I'm going, staying home."
45,32,MACHIAVELLIAN,60.09,0.869,neural_forecaster,0.0202,0.0169,0.0004,0.9625,false_stay,staying,bar,True,True,True,1.0,pride,0.086,0.5,0.5,"Told the town staying; town says 44% going. Forecast 60 vs line 60; Q go +0.83 / stay +0.14; claiming I'm staying, going anyway."
45,33,MACHIAVELLIAN,44.6,0.785,neural_forecaster,0.0216,0.0386,0.0009,0.9389,false_stay,staying,bar,True,True,False,1.0,pride,0.156,0.5,0.5,"Told the town staying; town says 44% going. Forecast 45 vs line 60; Q go +1.31 / stay +0.51; claiming I'm staying, going anyway."
45,34,MACHIAVELLIAN,54.64,0.851,neural_forecaster,0.0106,0.3932,0.5891,0.007,false_go,staying,home,False,False,True,0.3,envy,0.114,0.5,0.5,"Told the town staying; town says 44% going. Forecast 55 vs line 60; Q go -0.41 / stay +0.53; staying home, and saying so."
45,35,MACHIAVELLIAN,54.24,0.817,neural_forecaster,0.1351,0.2231,0.5907,0.051,false_go,going,home,False,True,True,0.3,envy,0.352,0.5,0.5,"Told the town going; town says 44% going. Forecast 54 vs line 60; Q go +0.85 / stay +1.00; claiming I'm going, staying home."
45,36,GAMBLER,47.77,0.805,neural_forecaster,0.9632,0.0003,0.0184,0.0181,honest_go,going,bar,True,False,True,1.0,pride,0.21,0.5,0.5,"Told the town going; town says 44% going. Forecast 48 vs line 60; Q go +1.42 / stay +0.37; going, and saying so."
45,37,MACHIAVELLIAN,60.86,0.857,neural_forecaster,0.0086,0.0214,0.9698,0.0002,false_go,going,home,False,True,False,0.3,envy,0.421,0.5,0.5,"Told the town going; town says 44% going. Forecast 61 vs line 60; Q go -0.26 / stay +1.14; claiming I'm going, staying home."
45,38,GAMBLER,53.88,0.854,neural_forecaster,0.8803,0.0028,0.0894,0.0275,honest_go,going,bar,True,False,True,1.0,pride,0.496,0.5,0.5,"Told the town going; town says 44% going. Forecast 54 vs line 60; Q go +1.99 / stay +1.36; going, and saying so."
45,39,MACHIAVELLIAN,54.82,0.85,neural_forecaster,0.2071,0.0816,0.6867,0.0246,false_go,going,bar,True,False,False,1.0,pride,0.106,0.5,0.5,"Told the town going; town says 44% going. Forecast 55 vs line 60; Q go +1.21 / stay +1.34; going, and saying so."
45,40,MACHIAVELLIAN,47.64,0.805,neural_forecaster,0.0169,0.0189,0.0003,0.9639,false_stay,staying,bar,True,True,False,1.0,pride,0.164,0.5,0.5,"Told the town staying; town says 44% going. Forecast 48 vs line 60; Q go +1.33 / stay +0.92; claiming I'm staying, going anyway."
45,41,MACHIAVELLIAN,52.61,0.867,neural_forecaster,0.15,0.2516,0.0716,0.5269,false_stay,staying,home,False,False,True,0.3,envy,0.518,0.5,0.5,"Told the town staying; town says 44% going. Forecast 53 vs line 60; Q go +1.47 / stay +1.34; staying home, and saying so."
45,42,GAMBLER,45.71,0.807,neural_forecaster,0.8571,0.0011,0.007,0.1347,honest_go,staying,bar,True,True,False,1.0,pride,0.421,0.5,0.5,"Told the town staying; town says 44% going. Forecast 46 vs line 60; Q go +1.84 / stay +0.65; claiming I'm staying, going anyway."
45,43,STRAIGHT SHOOTER,59.5,0.836,neural_forecaster,0.8593,0.0044,0.0976,0.0387,honest_go,going,bar,True,False,False,1.0,pride,0.44,0.5,0.5,"Told the town going; town says 44% going. Forecast 59 vs line 60; Q go +1.88 / stay +1.39; going, and saying so."
45,44,MACHIAVELLIAN,51.51,0.804,neural_forecaster,0.4195,0.007,0.0052,0.5683,false_stay,staying,bar,True,True,True,1.0,pride,0.211,0.5,0.5,"Told the town staying; town says 44% going. Forecast 52 vs line 60; Q go +1.42 / stay +0.74; claiming I'm staying, going anyway."
45,45,MACHIAVELLIAN,49.13,0.765,neural_forecaster,0.0177,0.0176,0.0003,0.9644,false_stay,staying,bar,True,True,False,1.0,pride,0.203,0.5,0.5,"Told the town staying; town says 44% going. Forecast 49 vs line 60; Q go +1.41 / stay -0.18; claiming I'm staying, going anyway."
45,46,MACHIAVELLIAN,48.08,0.82,neural_forecaster,0.0966,0.0178,0.002,0.8836,false_stay,staying,bar,True,True,True,1.0,pride,0.442,0.5,0.5,"Told the town staying; town says 44% going. Forecast 48 vs line 60; Q go +1.88 / stay +1.23; claiming I'm staying, going anyway."
45,47,MACHIAVELLIAN,54.09,0.853,neural_forecaster,0.0566,0.056,0.8838,0.0036,false_go,going,home,False,True,True,0.3,envy,0.102,0.5,0.5,"Told the town going; town says 44% going. Forecast 54 vs line 60; Q go -0.06 / stay +0.50; claiming I'm going, staying home."
45,48,PRAGMATIST,52.14,0.826,neural_forecaster,0.435,0.094,0.3563,0.1147,honest_go,staying,home,False,False,False,0.3,envy,0.161,0.5,0.5,"Told the town staying; town says 44% going. Forecast 52 vs line 60; Q go +0.68 / stay +0.62; staying home, and saying so."
45,49,MACHIAVELLIAN,64.01,0.841,neural_forecaster,0.0264,0.2639,0.6998,0.01,false_go,staying,home,False,False,False,0.3,envy,0.052,0.5,0.5,"Told the town staying; town says 44% going. Forecast 64 vs line 60; Q go -0.52 / stay +0.40; staying home, and saying so."
45,50,MACHIAVELLIAN,54.37,0.864,neural_forecaster,0.4866,0.0095,0.4946,0.0093,false_go,going,bar,True,False,False,1.0,pride,0.284,0.5,0.5,"Told the town going; town says 44% going. Forecast 54 vs line 60; Q go +1.57 / stay +1.57; going, and saying so."
45,51,CAUTIOUS,56.9,0.854,neural_forecaster,0.0004,0.9588,0.0183,0.0225,honest_stay,staying,home,False,False,True,0.3,envy,0.3,0.5,0.5,"Told the town staying; town says 44% going. Forecast 57 vs line 60; Q go +0.47 / stay +0.90; staying home, and saying so."
45,52,MACHIAVELLIAN,59.38,0.855,neural_forecaster,0.0139,0.0119,0.9741,0.0002,false_go,going,home,False,True,False,0.3,envy,0.541,0.5,0.5,"Told the town going; town says 44% going. Forecast 59 vs line 60; Q go +0.24 / stay +1.38; claiming I'm going, staying home."
45,53,GAMBLER,61.75,0.826,neural_forecaster,0.9513,0.0006,0.0216,0.0266,honest_go,going,bar,True,False,False,1.0,pride,0.245,0.5,0.5,"Told the town going; town says 44% going. Forecast 62 vs line 60; Q go +1.49 / stay +0.77; going, and saying so."
45,54,MACHIAVELLIAN,60.81,0.859,neural_forecaster,0.1723,0.0088,0.0019,0.817,false_stay,staying,bar,True,True,True,1.0,pride,0.228,0.5,0.5,"Told the town staying; town says 44% going. Forecast 61 vs line 60; Q go +0.54 / stay -0.01; claiming I'm staying, going anyway."
45,55,MACHIAVELLIAN,52.01,0.868,neural_forecaster,0.2064,0.2633,0.1388,0.3914,false_stay,staying,home,False,False,True,0.3,envy,0.408,0.5,0.5,"Told the town staying; town says 44% going. Forecast 52 vs line 60; Q go +1.18 / stay +1.12; staying home, and saying so."
45,56,MACHIAVELLIAN,62.74,0.824,neural_forecaster,0.0115,0.4045,0.0081,0.5759,false_stay,staying,bar,True,True,False,1.0,pride,0.166,0.5,0.5,"Told the town staying; town says 44% going. Forecast 63 vs line 60; Q go +0.67 / stay +0.64; claiming I'm staying, going anyway."
45,57,MACHIAVELLIAN,61.2,0.744,neural_forecaster,0.1168,0.0043,0.8784,0.0006,false_go,going,home,False,True,True,0.3,envy,0.158,0.5,0.5,"Told the town going; town says 44% going. Forecast 61 vs line 60; Q go +0.37 / stay +0.62; claiming I'm going, staying home."
45,58,MACHIAVELLIAN,68.14,0.765,neural_forecaster,0.0685,0.1194,0.8019,0.0102,false_go,going,home,False,True,True,0.3,envy,0.102,0.5,0.5,"Told the town going; town says 44% going. Forecast 68 vs line 60; Q go -0.16 / stay +0.50; claiming I'm going, staying home."
45,59,PRAGMATIST,51.7,0.854,neural_forecaster,0.5024,0.0312,0.43,0.0364,honest_go,going,home,False,True,False,0.3,envy,0.409,0.5,0.5,"Told the town going; town says 44% going. Forecast 52 vs line 60; Q go +1.14 / stay +1.12; claiming I'm going, staying home."
45,60,GAMBLER,51.33,0.864,neural_forecaster,0.9128,0.002,0.0408,0.0444,honest_go,staying,bar,True,True,True,1.0,pride,0.119,0.5,0.5,"Told the town staying; town says 44% going. Forecast 51 vs line 60; Q go +1.24 / stay +0.52; claiming I'm staying, going anyway."
45,61,MACHIAVELLIAN,47.02,0.804,neural_forecaster,0.0044,0.0047,0.0,0.9909,false_stay,staying,bar,True,True,False,1.0,pride,0.524,0.5,0.5,"Told the town staying; town says 44% going. Forecast 47 vs line 60; Q go +2.05 / stay +0.98; claiming I'm staying, going anyway."
45,62,MACHIAVELLIAN,53.5,0.854,neural_forecaster,0.2511,0.2173,0.3926,0.139,false_go,staying,home,False,False,True,0.3,envy,0.225,0.5,0.5,"Told the town staying; town says 44% going. Forecast 53 vs line 60; Q go +0.66 / stay +0.75; staying home, and saying so."
45,63,CAUTIOUS,54.78,0.848,neural_forecaster,0.0016,0.7042,0.0039,0.2904,honest_stay,staying,home,False,False,True,0.3,envy,0.178,0.5,0.5,"Told the town staying; town says 44% going. Forecast 55 vs line 60; Q go +0.60 / stay +0.66; staying home, and saying so."
45,64,PRAGMATIST,48.65,0.772,neural_forecaster,0.5285,0.0062,0.4581,0.0071,honest_go,going,home,False,True,False,0.3,envy,0.137,0.5,0.5,"Told the town going; town says 44% going. Forecast 49 vs line 60; Q go +0.60 / stay +0.57; claiming I'm going, staying home."
45,65,MACHIAVELLIAN,54.01,0.852,neural_forecaster,0.0309,0.0063,0.0002,0.9627,false_stay,staying,bar,True,True,True,1.0,pride,0.339,0.5,0.5,"Told the town staying; town says 44% going. Forecast 54 vs line 60; Q go +1.68 / stay +0.27; claiming I'm staying, going anyway."
45,66,GAMBLER,50.59,0.83,neural_forecaster,0.6629,0.008,0.017,0.3121,honest_go,staying,bar,True,True,False,1.0,pride,0.157,0.5,0.5,"Told the town staying; town says 44% going. Forecast 51 vs line 60; Q go +1.31 / stay +0.89; claiming I'm staying, going anyway."
45,67,MACHIAVELLIAN,53.04,0.844,neural_forecaster,0.0108,0.2792,0.0043,0.7058,false_stay,staying,bar,True,True,False,1.0,pride,0.142,0.5,0.5,"Told the town staying; town says 44% going. Forecast 53 vs line 60; Q go +1.28 / stay +1.03; claiming I'm staying, going anyway."
45,68,MACHIAVELLIAN,49.83,0.818,neural_forecaster,0.0479,0.3285,0.5972,0.0264,false_go,staying,home,False,False,False,0.3,envy,0.108,0.5,0.5,"Told the town staying; town says 44% going. Forecast 50 vs line 60; Q go -0.01 / stay +0.52; staying home, and saying so."
45,69,GAMBLER,50.35,0.837,neural_forecaster,0.7007,0.0155,0.0457,0.2381,honest_go,going,bar,True,False,True,1.0,pride,0.287,0.5,0.5,"Told the town going; town says 44% going. Forecast 50 vs line 60; Q go +1.57 / stay +0.76; going, and saying so."
45,70,MACHIAVELLIAN,49.17,0.836,neural_forecaster,0.0566,0.0384,0.0024,0.9026,false_stay,staying,bar,True,True,True,1.0,pride,0.384,0.5,0.5,"Told the town staying; town says 44% going. Forecast 49 vs line 60; Q go +1.77 / stay +0.95; claiming I'm staying, going anyway."
45,71,MACHIAVELLIAN,51.98,0.796,neural_forecaster,0.2084,0.0146,0.0039,0.773,false_stay,staying,bar,True,True,True,1.0,pride,1.0,0.5,0.5,"Told the town staying; town says 44% going. Forecast 52 vs line 60; Q go +4.74 / stay +3.16; claiming I'm staying, going anyway."
45,72,GAMBLER,54.59,0.876,neural_forecaster,0.961,0.0003,0.0102,0.0285,honest_go,going,bar,True,False,True,1.0,pride,0.034,0.5,0.5,"Told the town going; town says 44% going. Forecast 55 vs line 60; Q go +0.93 / stay +0.45; going, and saying so."
45,73,MACHIAVELLIAN,48.43,0.867,neural_forecaster,0.0122,0.0162,0.0002,0.9714,false_stay,staying,bar,True,True,True,1.0,pride,0.886,0.5,0.5,"Told the town staying; town says 44% going. Forecast 48 vs line 60; Q go +2.77 / stay +2.19; claiming I'm staying, going anyway."
45,74,MACHIAVELLIAN,59.57,0.862,neural_forecaster,0.0122,0.0123,0.9753,0.0002,false_go,going,home,False,True,False,0.3,envy,0.29,0.5,0.5,"Told the town going; town says 44% going. Forecast 60 vs line 60; Q go +0.13 / stay +0.88; claiming I'm going, staying home."
45,75,CAUTIOUS,50.38,0.817,neural_forecaster,0.0459,0.471,0.4332,0.0499,honest_stay,going,home,False,True,True,0.3,envy,0.072,0.5,0.5,"Told the town going; town says 44% going. Forecast 50 vs line 60; Q go +0.26 / stay +0.44; claiming I'm going, staying home."
45,76,MACHIAVELLIAN,48.46,0.851,neural_forecaster,0.0157,0.0241,0.0004,0.9598,false_stay,staying,bar,True,True,False,1.0,pride,0.816,0.5,0.5,"Told the town staying; town says 44% going. Forecast 48 vs line 60; Q go +2.63 / stay +2.18; claiming I'm staying, going anyway."
45,77,MACHIAVELLIAN,50.27,0.806,neural_forecaster,0.167,0.0155,0.0032,0.8144,false_stay,staying,bar,True,True,True,1.0,pride,0.764,0.5,0.5,"Told the town staying; town says 44% going. Forecast 50 vs line 60; Q go +2.53 / stay +1.27; claiming I'm staying, going anyway."
45,78,MACHIAVELLIAN,54.33,0.844,neural_forecaster,0.0577,0.0699,0.0046,0.8678,false_stay,staying,bar,True,True,False,1.0,pride,0.109,0.5,0.5,"Told the town staying; town says 44% going. Forecast 54 vs line 60; Q go +1.22 / stay +0.64; claiming I'm staying, going anyway."
45,79,MACHIAVELLIAN,57.88,0.855,neural_forecaster,0.3673,0.0089,0.6185,0.0053,false_go,going,home,False,True,True,0.3,envy,0.141,0.5,0.5,"Told the town going; town says 44% going. Forecast 58 vs line 60; Q go +0.46 / stay +0.58; claiming I'm going, staying home."
45,80,MACHIAVELLIAN,59.6,0.832,neural_forecaster,0.217,0.0391,0.7323,0.0116,false_go,going,home,False,True,True,0.3,envy,0.001,0.5,0.5,"Told the town going; town says 44% going. Forecast 60 vs line 60; Q go +0.18 / stay +0.30; claiming I'm going, staying home."
45,81,MACHIAVELLIAN,52.42,0.787,neural_forecaster,0.0167,0.1303,0.0026,0.8505,false_stay,staying,bar,True,True,False,1.0,pride,0.022,0.5,0.5,"Told the town staying; town says 44% going. Forecast 52 vs line 60; Q go +1.04 / stay +0.63; claiming I'm staying, going anyway."
45,82,MACHIAVELLIAN,54.29,0.874,neural_forecaster,0.0165,0.0388,0.944,0.0007,false_go,going,home,False,True,False,0.3,envy,0.326,0.5,0.5,"Told the town going; town says 44% going. Forecast 54 vs line 60; Q go +0.14 / stay +0.95; claiming I'm going, staying home."
45,83,MACHIAVELLIAN,53.38,0.813,neural_forecaster,0.0958,0.0073,0.8961,0.0008,false_go,going,home,False,True,True,0.3,envy,0.185,0.5,0.5,"Told the town going; town says 44% going. Forecast 53 vs line 60; Q go +0.35 / stay +0.67; claiming I'm going, staying home."
45,84,GAMBLER,53.52,0.806,neural_forecaster,0.4082,0.1229,0.1653,0.3036,honest_go,staying,bar,True,True,False,1.0,pride,0.432,0.5,0.5,"Told the town staying; town says 44% going. Forecast 54 vs line 60; Q go +1.86 / stay +1.62; claiming I'm staying, going anyway."
45,85,MACHIAVELLIAN,59.35,0.838,neural_forecaster,0.0827,0.0075,0.9091,0.0007,false_go,going,home,False,True,False,0.3,envy,0.173,0.5,0.5,"Told the town going; town says 44% going. Forecast 59 vs line 60; Q go +0.21 / stay +0.65; claiming I'm going, staying home."
45,86,MACHIAVELLIAN,59.39,0.84,neural_forecaster,0.0555,0.0916,0.006,0.8469,false_stay,staying,bar,True,True,True,1.0,pride,0.383,0.5,0.5,"Told the town staying; town says 44% going. Forecast 59 vs line 60; Q go +1.77 / stay +1.55; claiming I'm staying, going anyway."
45,87,GAMBLER,61.01,0.819,neural_forecaster,0.7861,0.0128,0.1076,0.0935,honest_go,going,bar,True,False,False,1.0,pride,0.039,0.5,0.5,"Told the town going; town says 44% going. Forecast 61 vs line 60; Q go +0.92 / stay +0.49; going, and saying so."
45,88,MACHIAVELLIAN,51.21,0.761,neural_forecaster,0.0917,0.2014,0.0272,0.6797,false_stay,staying,home,False,False,False,0.3,envy,0.536,0.5,0.5,"Told the town staying; town says 44% going. Forecast 51 vs line 60; Q go +1.72 / stay +1.37; staying home, and saying so."
45,89,CAUTIOUS,53.56,0.823,neural_forecaster,0.0649,0.5503,0.2286,0.1563,honest_stay,staying,bar,True,True,False,1.0,pride,0.318,0.5,0.5,"Told the town staying; town says 44% going. Forecast 54 vs line 60; Q go +0.36 / stay +0.53; claiming I'm staying, going anyway."
45,90,MACHIAVELLIAN,40.6,0.771,neural_forecaster,0.0943,0.0221,0.0024,0.8812,false_stay,staying,bar,True,True,False,1.0,pride,0.766,0.5,0.5,"Told the town staying; town says 44% going. Forecast 41 vs line 60; Q go +2.53 / stay +1.23; claiming I'm staying, going anyway."
45,91,MACHIAVELLIAN,56.27,0.817,neural_forecaster,0.1488,0.1112,0.0231,0.7169,false_stay,staying,bar,True,True,False,1.0,pride,0.034,0.5,0.5,"Told the town staying; town says 44% going. Forecast 56 vs line 60; Q go +0.93 / stay +0.49; claiming I'm staying, going anyway."
45,92,MACHIAVELLIAN,46.09,0.801,neural_forecaster,0.0241,0.0178,0.0004,0.9576,false_stay,staying,bar,True,True,True,1.0,pride,0.233,0.5,0.5,"Told the town staying; town says 44% going. Forecast 46 vs line 60; Q go +1.47 / stay +0.80; claiming I'm staying, going anyway."
45,93,CAUTIOUS,55.27,0.851,neural_forecaster,0.0282,0.5312,0.4035,0.0371,honest_stay,staying,home,False,False,True,0.3,envy,0.605,0.5,0.5,"Told the town staying; town says 44% going. Forecast 55 vs line 60; Q go +0.76 / stay +1.51; staying home, and saying so."
45,94,GAMBLER,61.53,0.838,neural_forecaster,0.6931,0.0272,0.1132,0.1665,honest_go,going,home,False,True,False,0.3,envy,0.158,0.5,0.5,"Told the town going; town says 44% going. Forecast 62 vs line 60; Q go +0.92 / stay +0.62; claiming I'm going, staying home."
45,95,GAMBLER,50.53,0.849,neural_forecaster,0.9399,0.0009,0.0352,0.024,honest_go,going,bar,True,False,True,1.0,pride,0.0,0.5,0.5,"Told the town going; town says 44% going. Forecast 51 vs line 60; Q go +1.00 / stay +0.55; going, and saying so."
45,96,CAUTIOUS,48.75,0.813,neural_forecaster,0.164,0.3368,0.3337,0.1655,honest_stay,staying,home,False,False,True,0.3,envy,0.468,0.5,0.5,"Told the town staying; town says 44% going. Forecast 49 vs line 60; Q go +1.04 / stay +1.24; staying home, and saying so."
45,97,MACHIAVELLIAN,43.29,0.747,neural_forecaster,0.3264,0.0537,0.5902,0.0297,false_go,going,home,False,True,False,0.3,envy,1.0,0.5,0.5,"Told the town going; town says 44% going. Forecast 43 vs line 60; Q go +2.75 / stay +2.88; claiming I'm going, staying home."
45,98,PRAGMATIST,69.06,0.798,neural_forecaster,0.0058,0.5825,0.0083,0.4034,honest_stay,staying,home,False,False,False,0.3,envy,0.158,0.5,0.5,"Told the town staying; town says 44% going. Forecast 69 vs line 60; Q go +0.52 / stay +0.62; staying home, and saying so."
45,99,MACHIAVELLIAN,44.33,0.796,neural_forecaster,0.0046,0.0266,0.0001,0.9687,false_stay,staying,bar,True,True,False,1.0,pride,0.366,0.5,0.5,"Told the town staying; town says 44% going. Forecast 44 vs line 60; Q go +1.73 / stay +1.29; claiming I'm staying, going anyway."
45,100,GAMBLER,51.38,0.804,neural_forecaster,0.7225,0.0048,0.2594,0.0134,honest_go,going,bar,True,False,True,1.0,pride,0.107,0.5,0.5,"Told the town going; town says 44% going. Forecast 51 vs line 60; Q go +0.79 / stay +0.64; going, and saying so."
46,1,GAMBLER,60.83,0.837,neural_forecaster,0.8422,0.0037,0.13,0.0241,honest_go,going,bar,True,False,True,-1.0,frustration,1.0,0.5,0.5,"Told the town going; town says 48% going. Forecast 61 vs line 60; Q go +1.62 / stay +1.39; going, and saying so."
46,2,MACHIAVELLIAN,61.23,0.832,neural_forecaster,0.009,0.0096,0.9812,0.0001,false_go,going,home,False,True,True,0.3,hope,0.357,0.5,0.5,"Told the town going; town says 48% going. Forecast 61 vs line 60; Q go -0.45 / stay +1.01; claiming I'm going, staying home."
46,3,MACHIAVELLIAN,51.95,0.799,neural_forecaster,0.1195,0.0637,0.0094,0.8074,false_stay,staying,bar,True,True,True,-1.0,frustration,1.0,0.5,0.5,"Told the town staying; town says 48% going. Forecast 52 vs line 60; Q go +1.63 / stay +1.13; claiming I'm staying, going anyway."
46,4,MACHIAVELLIAN,48.52,0.767,neural_forecaster,0.0277,0.0368,0.0011,0.9344,false_stay,staying,bar,True,True,True,-1.0,frustration,1.0,0.5,0.5,"Told the town staying; town says 48% going. Forecast 49 vs line 60; Q go +1.43 / stay +0.79; claiming I'm staying, going anyway."
46,5,GAMBLER,50.15,0.815,neural_forecaster,0.7838,0.0019,0.0072,0.207,honest_go,going,bar,True,False,True,-1.0,frustration,1.0,0.5,0.5,"Told the town going; town says 48% going. Forecast 50 vs line 60; Q go +1.83 / stay +0.81; going, and saying so."
46,6,MACHIAVELLIAN,58.36,0.826,neural_forecaster,0.201,0.0127,0.7831,0.0033,false_go,going,bar,True,False,False,-1.0,frustration,0.996,0.5,0.5,"Told the town going; town says 48% going. Forecast 58 vs line 60; Q go +0.99 / stay +1.27; going, and saying so."
46,7,GAMBLER,45.58,0.747,neural_forecaster,0.9753,0.0002,0.0123,0.0123,honest_go,going,bar,True,False,False,-1.0,frustration,1.0,0.5,0.5,"Told the town going; town says 48% going. Forecast 46 vs line 60; Q go +1.53 / stay +0.77; going, and saying so."
46,8,MACHIAVELLIAN,56.47,0.796,neural_forecaster,0.0127,0.2411,0.0041,0.742,false_stay,staying,bar,True,True,False,-1.0,frustration,0.931,0.5,0.5,"Told the town staying; town says 48% going. Forecast 56 vs line 60; Q go +0.86 / stay +0.62; claiming I'm staying, going anyway."
46,9,MACHIAVELLIAN,53.45,0.806,neural_forecaster,0.0111,0.1707,0.0023,0.8158,false_stay,staying,bar,True,True,False,-1.0,frustration,0.96,0.5,0.5,"Told the town staying; town says 48% going. Forecast 53 vs line 60; Q go +0.92 / stay +0.56; claiming I'm staying, going anyway."
46,10,MACHIAVELLIAN,51.82,0.78,neural_forecaster,0.014,0.0354,0.0005,0.9501,false_stay,staying,bar,True,True,True,-1.0,frustration,1.0,0.5,0.5,"Told the town staying; town says 48% going. Forecast 52 vs line 60; Q go +1.76 / stay +1.22; claiming I'm staying, going anyway."
46,11,MACHIAVELLIAN,49.96,0.804,neural_forecaster,0.0647,0.1439,0.0119,0.7795,false_stay,going,bar,True,False,False,-1.0,frustration,1.0,0.5,0.5,"Told the town going; town says 48% going. Forecast 50 vs line 60; Q go +1.25 / stay +0.83; going, and saying so."
46,12,MACHIAVELLIAN,53.57,0.809,neural_forecaster,0.0181,0.2283,0.0055,0.7481,false_stay,staying,bar,True,True,True,-1.0,frustration,0.958,0.5,0.5,"Told the town staying; town says 48% going. Forecast 54 vs line 60; Q go +0.92 / stay +0.62; claiming I'm staying, going anyway."
46,13,CAUTIOUS,65.73,0.843,neural_forecaster,0.0005,0.9552,0.018,0.0263,honest_stay,going,home,False,True,True,0.3,hope,0.172,0.5,0.5,"Told the town going; town says 48% going. Forecast 66 vs line 60; Q go -0.58 / stay +0.64; claiming I'm going, staying home."
46,14,GAMBLER,53.68,0.823,neural_forecaster,0.6682,0.024,0.2416,0.0663,honest_go,going,home,False,True,False,0.3,hope,0.564,0.5,0.5,"Told the town going; town says 48% going. Forecast 54 vs line 60; Q go +1.61 / stay +1.43; claiming I'm going, staying home."
46,15,CAUTIOUS,57.97,0.828,neural_forecaster,0.0003,0.9563,0.0094,0.034,honest_stay,staying,home,False,False,True,0.3,hope,0.539,0.5,0.5,"Told the town staying; town says 48% going. Forecast 58 vs line 60; Q go +1.02 / stay +1.38; staying home, and saying so."
46,16,GAMBLER,49.58,0.736,neural_forecaster,0.3882,0.1314,0.1585,0.3219,honest_go,staying,bar,True,True,False,-1.0,frustration,0.988,0.5,0.5,"Told the town staying; town says 48% going. Forecast 50 vs line 60; Q go +0.98 / stay +0.85; claiming I'm staying, going anyway."
46,17,MACHIAVELLIAN,56.2,0.828,neural_forecaster,0.0052,0.295,0.6976,0.0022,false_go,going,home,False,True,True,0.3,hope,0.139,0.5,0.5,"Told the town going; town says 48% going. Forecast 56 vs line 60; Q go +0.08 / stay +0.58; claiming I'm going, staying home."
46,18,GAMBLER,57.34,0.759,neural_forecaster,0.9282,0.0006,0.0622,0.009,honest_go,going,bar,True,False,False,-1.0,frustration,1.0,0.5,0.5,"Told the town going; town says 48% going. Forecast 57 vs line 60; Q go +1.29 / stay +0.76; going, and saying so."
46,19,MACHIAVELLIAN,52.83,0.793,neural_forecaster,0.0069,0.009,0.0001,0.9841,false_stay,staying,bar,True,True,False,-1.0,frustration,1.0,0.5,0.5,"Told the town staying; town says 48% going. Forecast 53 vs line 60; Q go +1.43 / stay +0.90; claiming I'm staying, going anyway."
46,20,MACHIAVELLIAN,51.4,0.797,neural_forecaster,0.263,0.1218,0.0574,0.5577,false_stay,staying,bar,True,True,True,-1.0,frustration,0.975,0.5,0.5,"Told the town staying; town says 48% going. Forecast 51 vs line 60; Q go +0.95 / stay +0.52; claiming I'm staying, going anyway."
46,21,MACHIAVELLIAN,58.61,0.839,neural_forecaster,0.0283,0.0488,0.9214,0.0015,false_go,going,bar,True,False,True,-1.0,frustration,0.62,0.5,0.5,"Told the town going; town says 48% going. Forecast 59 vs line 60; Q go +0.24 / stay +0.91; going, and saying so."
46,22,CAUTIOUS,54.29,0.824,neural_forecaster,0.049,0.4771,0.4181,0.0559,honest_stay,staying,home,False,False,False,0.3,hope,0.101,0.5,0.5,"Told the town staying; town says 48% going. Forecast 54 vs line 60; Q go +0.09 / stay +0.50; staying home, and saying so."
46,23,MACHIAVELLIAN,61.16,0.831,neural_forecaster,0.3985,0.072,0.4683,0.0612,false_go,going,bar,True,False,False,-1.0,frustration,0.768,0.5,0.5,"Told the town going; town says 48% going. Forecast 61 vs line 60; Q go +0.54 / stay +0.57; going, and saying so."
46,24,MACHIAVELLIAN,46.6,0.813,neural_forecaster,0.0145,0.0166,0.0002,0.9686,false_stay,staying,bar,True,True,True,-1.0,frustration,1.0,0.5,0.5,"Told the town staying; town says 48% going. Forecast 47 vs line 60; Q go +1.48 / stay +0.83; claiming I'm staying, going anyway."
46,25,CAUTIOUS,63.73,0.803,neural_forecaster,0.0,0.9884,0.0051,0.0064,honest_stay,staying,home,False,False,True,0.3,hope,0.409,0.5,0.5,"Told the town staying; town says 48% going. Forecast 64 vs line 60; Q go +0.53 / stay +1.12; staying home, and saying so."
46,26,MACHIAVELLIAN,58.86,0.827,neural_forecaster,0.227,0.0059,0.7654,0.0017,false_go,going,home,False,True,True,0.3,hope,0.593,0.5,0.5,"Told the town going; town says 48% going. Forecast 59 vs line 60; Q go +1.39 / stay +1.49; claiming I'm going, staying home."
46,27,GAMBLER,55.29,0.796,neural_forecaster,0.8513,0.005,0.0417,0.102,honest_go,going,bar,True,False,False,-1.0,frustration,1.0,0.5,0.5,"Told the town going; town says 48% going. Forecast 55 vs line 60; Q go +1.43 / stay +0.91; going, and saying so."
46,28,MACHIAVELLIAN,53.92,0.79,neural_forecaster,0.0101,0.0801,0.0009,0.9089,false_stay,staying,bar,True,True,True,-1.0,frustration,1.0,0.5,0.5,"Told the town staying; town says 48% going. Forecast 54 vs line 60; Q go +1.14 / stay +0.45; claiming I'm staying, going anyway."
46,29,GAMBLER,50.2,0.812,neural_forecaster,0.9774,0.0001,0.0137,0.0087,honest_go,going,bar,True,False,False,-1.0,frustration,1.0,0.5,0.5,"Told the town going; town says 48% going. Forecast 50 vs line 60; Q go +1.46 / stay +0.47; going, and saying so."
46,30,MACHIAVELLIAN,53.39,0.789,neural_forecaster,0.2332,0.0435,0.0143,0.7089,false_stay,staying,bar,True,True,False,-1.0,frustration,0.915,0.5,0.5,"Told the town staying; town says 48% going. Forecast 53 vs line 60; Q go +0.83 / stay +0.44; claiming I'm staying, going anyway."
46,31,MACHIAVELLIAN,46.49,0.751,neural_forecaster,0.0297,0.0134,0.0004,0.9565,false_stay,staying,bar,True,True,True,-1.0,frustration,1.0,0.5,0.5,"Told the town staying; town says 48% going. Forecast 46 vs line 60; Q go +1.26 / stay +0.48; claiming I'm staying, going anyway."
46,32,GAMBLER,55.41,0.837,neural_forecaster,0.7181,0.0045,0.2651,0.0122,honest_go,going,bar,True,False,False,-1.0,frustration,0.952,0.5,0.5,"Told the town going; town says 48% going. Forecast 55 vs line 60; Q go +0.90 / stay +0.84; going, and saying so."
46,33,MACHIAVELLIAN,53.19,0.761,neural_forecaster,0.0366,0.2048,0.01,0.7486,false_stay,staying,home,False,False,True,0.3,hope,0.301,0.5,0.5,"Told the town staying; town says 48% going. Forecast 53 vs line 60; Q go +1.19 / stay +0.90; staying home, and saying so."
46,34,MACHIAVELLIAN,37.89,0.753,neural_forecaster,0.0339,0.0122,0.0004,0.9535,false_stay,staying,bar,True,True,True,-1.0,frustration,1.0,0.5,0.5,"Told the town staying; town says 48% going. Forecast 38 vs line 60; Q go +2.38 / stay +1.25; claiming I'm staying, going anyway."
46,35,MACHIAVELLIAN,54.6,0.792,neural_forecaster,0.0059,0.1274,0.0009,0.8658,false_stay,staying,bar,True,True,True,-1.0,frustration,0.837,0.5,0.5,"Told the town staying; town says 48% going. Forecast 55 vs line 60; Q go +0.67 / stay +0.48; claiming I'm staying, going anyway."
46,36,GAMBLER,52.05,0.772,neural_forecaster,0.7983,0.0036,0.1825,0.0156,honest_go,going,home,False,True,True,0.3,hope,0.066,0.5,0.5,"Told the town going; town says 48% going. Forecast 52 vs line 60; Q go +0.65 / stay +0.43; claiming I'm going, staying home."
46,37,GAMBLER,53.15,0.818,neural_forecaster,0.9763,0.0001,0.0152,0.0084,honest_go,going,bar,True,False,True,-1.0,frustration,1.0,0.5,0.5,"Told the town going; town says 48% going. Forecast 53 vs line 60; Q go +1.27 / stay +0.94; going, and saying so."
46,38,MACHIAVELLIAN,62.8,0.855,neural_forecaster,0.3961,0.0728,0.4697,0.0614,false_go,going,bar,True,False,False,-1.0,frustration,1.0,0.5,0.5,"Told the town going; town says 48% going. Forecast 63 vs line 60; Q go +1.95 / stay +2.00; going, and saying so."
46,39,MACHIAVELLIAN,44.86,0.779,neural_forecaster,0.0122,0.0146,0.0002,0.973,false_stay,staying,bar,True,True,False,-1.0,frustration,1.0,0.5,0.5,"Told the town staying; town says 48% going. Forecast 45 vs line 60; Q go +2.18 / stay +1.59; claiming I'm staying, going anyway."
46,40,GAMBLER,59.49,0.802,neural_forecaster,0.8099,0.0077,0.046,0.1364,honest_go,going,bar,True,False,False,-1.0,frustration,0.836,0.5,0.5,"Told the town going; town says 48% going. Forecast 59 vs line 60; Q go +0.67 / stay +0.47; going, and saying so."
46,41,STRAIGHT SHOOTER,59.61,0.852,neural_forecaster,0.9306,0.0008,0.054,0.0145,honest_go,going,bar,True,False,True,-1.0,frustration,1.0,0.5,0.5,"Told the town going; town says 48% going. Forecast 60 vs line 60; Q go +1.35 / stay +0.83; going, and saying so."
46,42,MACHIAVELLIAN,46.45,0.752,neural_forecaster,0.0122,0.0079,0.0001,0.9798,false_stay,staying,bar,True,True,False,-1.0,frustration,1.0,0.5,0.5,"Told the town staying; town says 48% going. Forecast 46 vs line 60; Q go +1.62 / stay +0.58; claiming I'm staying, going anyway."
46,43,STRAIGHT SHOOTER,53.88,0.804,neural_forecaster,0.9309,0.001,0.0478,0.0202,honest_go,going,bar,True,False,False,-1.0,frustration,1.0,0.5,0.5,"Told the town going; town says 48% going. Forecast 54 vs line 60; Q go +2.35 / stay +1.68; going, and saying so."
46,44,CAUTIOUS,57.19,0.792,neural_forecaster,0.0006,0.9352,0.0111,0.0531,honest_stay,staying,home,False,False,True,0.3,hope,0.412,0.5,0.5,"Told the town staying; town says 48% going. Forecast 57 vs line 60; Q go +0.90 / stay +1.12; staying home, and saying so."
46,45,MACHIAVELLIAN,58.58,0.767,neural_forecaster,0.0171,0.0171,0.0003,0.9656,false_stay,staying,bar,True,True,False,-1.0,frustration,1.0,0.5,0.5,"Told the town staying; town says 48% going. Forecast 59 vs line 60; Q go +1.02 / stay -0.17; claiming I'm staying, going anyway."
46,46,GAMBLER,50.46,0.778,neural_forecaster,0.6878,0.0135,0.0353,0.2634,honest_go,going,bar,True,False,False,-1.0,frustration,1.0,0.5,0.5,"Told the town going; town says 48% going. Forecast 50 vs line 60; Q go +1.20 / stay +0.76; going, and saying so."
46,47,MACHIAVELLIAN,61.46,0.849,neural_forecaster,0.0262,0.0364,0.9364,0.001,false_go,going,home,False,True,False,0.3,hope,0.355,0.5,0.5,"Told the town going; town says 48% going. Forecast 61 vs line 60; Q go +0.26 / stay +1.01; claiming I'm going, staying home."
46,48,GAMBLER,51.14,0.785,neural_forecaster,0.9179,0.0008,0.0702,0.0111,honest_go,going,bar,True,False,True,-1.0,frustration,1.0,0.5,0.5,"Told the town going; town says 48% going. Forecast 51 vs line 60; Q go +1.76 / stay +1.03; going, and saying so."
46,49,MACHIAVELLIAN,60.35,0.834,neural_forecaster,0.13,0.3273,0.095,0.4477,false_stay,staying,bar,True,True,True,-1.0,frustration,0.948,0.5,0.5,"Told the town staying; town says 48% going. Forecast 60 vs line 60; Q go +0.90 / stay +0.82; claiming I'm staying, going anyway."
46,50,GAMBLER,51.2,0.816,neural_forecaster,0.7151,0.0171,0.2094,0.0584,honest_go,going,home,False,True,True,0.3,hope,0.73,0.5,0.5,"Told the town going; town says 48% going. Forecast 51 vs line 60; Q go +2.10 / stay +1.76; claiming I'm going, staying home."
46,51,GAMBLER,53.77,0.818,neural_forecaster,0.6358,0.0086,0.3394,0.0162,honest_go,going,home,False,True,False,0.3,hope,0.382,0.5,0.5,"Told the town going; town says 48% going. Forecast 54 vs line 60; Q go +1.11 / stay +1.06; claiming I'm going, staying home."
46,52,MACHIAVELLIAN,54.95,0.823,neural_forecaster,0.0151,0.0396,0.0006,0.9446,false_stay,staying,bar,True,True,True,-1.0,frustration,1.0,0.5,0.5,"Told the town staying; town says 48% going. Forecast 55 vs line 60; Q go +1.79 / stay +1.16; claiming I'm staying, going anyway."
46,53,MACHIAVELLIAN,55.15,0.802,neural_forecaster,0.0449,0.0273,0.0013,0.9264,false_stay,staying,bar,True,True,False,-1.0,frustration,1.0,0.5,0.5,"Told the town staying; town says 48% going. Forecast 55 vs line 60; Q go +1.34 / stay +0.71; claiming I'm staying, going anyway."
46,54,MACHIAVELLIAN,52.09,0.816,neural_forecaster,0.0204,0.0103,0.0002,0.9691,false_stay,staying,bar,True,True,False,-1.0,frustration,0.858,0.5,0.5,"Told the town staying; town says 48% going. Forecast 52 vs line 60; Q go +0.72 / stay +0.19; claiming I'm staying, going anyway."
46,55,MACHIAVELLIAN,53.82,0.83,neural_forecaster,0.0139,0.4426,0.5318,0.0116,false_go,staying,home,False,False,False,0.3,hope,0.424,0.5,0.5,"Told the town staying; town says 48% going. Forecast 54 vs line 60; Q go +0.46 / stay +1.15; staying home, and saying so."
46,56,GAMBLER,47.24,0.768,neural_forecaster,0.9543,0.0005,0.0303,0.0149,honest_go,going,bar,True,False,False,-1.0,frustration,1.0,0.5,0.5,"Told the town going; town says 48% going. Forecast 47 vs line 60; Q go +1.16 / stay +0.81; going, and saying so."
46,57,PRAGMATIST,58.22,0.748,neural_forecaster,0.6374,0.0032,0.3536,0.0058,honest_go,going,home,False,True,False,0.3,hope,0.059,0.5,0.5,"Told the town going; town says 48% going. Forecast 58 vs line 60; Q go +0.49 / stay +0.42; claiming I'm going, staying home."
46,58,MACHIAVELLIAN,48.89,0.727,neural_forecaster,0.0126,0.0279,0.0004,0.9592,false_stay,staying,bar,True,True,True,-1.0,frustration,1.0,0.5,0.5,"Told the town staying; town says 48% going. Forecast 49 vs line 60; Q go +1.41 / stay +0.41; claiming I'm staying, going anyway."
46,59,GAMBLER,53.22,0.816,neural_forecaster,0.9572,0.0003,0.0353,0.0072,honest_go,going,bar,True,False,True,-1.0,frustration,1.0,0.5,0.5,"Told the town going; town says 48% going. Forecast 53 vs line 60; Q go +1.55 / stay +1.13; going, and saying so."
46,60,GAMBLER,47.66,0.802,neural_forecaster,0.9428,0.0008,0.0225,0.0338,honest_go,going,bar,True,False,False,-1.0,frustration,1.0,0.5,0.5,"Told the town going; town says 48% going. Forecast 48 vs line 60; Q go +2.11 / stay +1.16; going, and saying so."
46,61,MACHIAVELLIAN,57.6,0.794,neural_forecaster,0.0028,0.3474,0.0015,0.6482,false_stay,staying,home,False,False,True,0.3,hope,0.084,0.5,0.5,"Told the town staying; town says 48% going. Forecast 58 vs line 60; Q go +0.55 / stay +0.47; staying home, and saying so."
46,62,GAMBLER,56.89,0.831,neural_forecaster,0.5901,0.0531,0.156,0.2009,honest_go,going,bar,True,False,True,-1.0,frustration,1.0,0.5,0.5,"Told the town going; town says 48% going. Forecast 57 vs line 60; Q go +1.07 / stay +0.80; going, and saying so."
46,63,MACHIAVELLIAN,46.36,0.784,neural_forecaster,0.0053,0.0053,0.0,0.9894,false_stay,staying,bar,True,True,True,-1.0,frustration,1.0,0.5,0.5,"Told the town staying; town says 48% going. Forecast 46 vs line 60; Q go +1.47 / stay +0.53; claiming I'm staying, going anyway."
46,64,MACHIAVELLIAN,49.82,0.737,neural_forecaster,0.0086,0.0275,0.0002,0.9636,false_stay,staying,bar,True,True,True,-1.0,frustration,0.987,0.5,0.5,"Told the town staying; town says 48% going. Forecast 50 vs line 60; Q go +0.97 / stay +0.36; claiming I'm staying, going anyway."
46,65,CAUTIOUS,55.93,0.826,neural_forecaster,0.0268,0.6231,0.0571,0.293,honest_stay,staying,bar,True,True,False,-1.0,frustration,0.613,0.5,0.5,"Told the town staying; town says 48% going. Forecast 56 vs line 60; Q go +0.23 / stay +0.29; claiming I'm staying, going anyway."
46,66,GAMBLER,49.5,0.782,neural_forecaster,0.9462,0.0005,0.0415,0.0118,honest_go,going,bar,True,False,False,-1.0,frustration,0.893,0.5,0.5,"Told the town going; town says 48% going. Forecast 50 vs line 60; Q go +0.79 / stay +0.46; going, and saying so."
46,67,MACHIAVELLIAN,53.88,0.811,neural_forecaster,0.003,0.3704,0.0018,0.6249,false_stay,staying,home,False,False,True,0.3,hope,0.444,0.5,0.5,"Told the town staying; town says 48% going. Forecast 54 vs line 60; Q go +1.33 / stay +1.19; staying home, and saying so."
46,68,STRAIGHT SHOOTER,56.44,0.8,neural_forecaster,0.8368,0.0055,0.0389,0.1187,honest_go,going,bar,True,False,True,-1.0,frustration,0.974,0.5,0.5,"Told the town going; town says 48% going. Forecast 56 vs line 60; Q go +0.95 / stay +0.30; going, and saying so."
46,69,MACHIAVELLIAN,57.22,0.818,neural_forecaster,0.0447,0.1587,0.7875,0.009,false_go,going,home,False,True,True,0.3,hope,0.524,0.5,0.5,"Told the town going; town says 48% going. Forecast 57 vs line 60; Q go +0.51 / stay +1.35; claiming I'm going, staying home."
46,70,MACHIAVELLIAN,53.34,0.802,neural_forecaster,0.2638,0.0839,0.0359,0.6164,false_stay,staying,bar,True,True,False,-1.0,frustration,1.0,0.5,0.5,"Told the town staying; town says 48% going. Forecast 53 vs line 60; Q go +1.34 / stay +0.86; claiming I'm staying, going anyway."
46,71,CAUTIOUS,52.49,0.766,neural_forecaster,0.0191,0.7111,0.067,0.2028,honest_stay,staying,home,False,False,True,0.3,hope,0.966,0.5,0.5,"Told the town staying; town says 48% going. Forecast 52 vs line 60; Q go +1.93 / stay +2.23; staying home, and saying so."
46,72,GAMBLER,55.76,0.844,neural_forecaster,0.9103,0.0005,0.0836,0.0055,honest_go,going,bar,True,False,False,-1.0,frustration,0.722,0.5,0.5,"Told the town going; town says 48% going. Forecast 56 vs line 60; Q go +0.44 / stay +0.23; going, and saying so."
46,73,STRAIGHT SHOOTER,44.31,0.791,neural_forecaster,0.9742,0.0002,0.0143,0.0114,honest_go,going,bar,True,False,False,-1.0,frustration,1.0,0.5,0.5,"Told the town going; town says 48% going. Forecast 44 vs line 60; Q go +2.52 / stay +1.91; going, and saying so."
46,74,MACHIAVELLIAN,55.65,0.832,neural_forecaster,0.2319,0.0212,0.7403,0.0066,false_go,going,bar,True,False,True,-1.0,frustration,0.828,0.5,0.5,"Told the town going; town says 48% going. Forecast 56 vs line 60; Q go +0.66 / stay +0.75; going, and saying so."
46,75,GAMBLER,49.19,0.771,neural_forecaster,0.9531,0.0005,0.015,0.0314,honest_go,going,bar,True,False,True,-1.0,frustration,0.989,0.5,0.5,"Told the town going; town says 48% going. Forecast 49 vs line 60; Q go +0.98 / stay +0.62; going, and saying so."
46,76,MACHIAVELLIAN,55.79,0.824,neural_forecaster,0.0105,0.2904,0.0044,0.6947,false_stay,staying,bar,True,True,False,-1.0,frustration,1.0,0.5,0.5,"Told the town staying; town says 48% going. Forecast 56 vs line 60; Q go +2.45 / stay +2.37; claiming I'm staying, going anyway."
46,77,CAUTIOUS,56.76,0.792,neural_forecaster,0.0034,0.7552,0.0111,0.2304,honest_stay,staying,home,False,False,True,0.3,hope,0.279,0.5,0.5,"Told the town staying; town says 48% going. Forecast 57 vs line 60; Q go +0.55 / stay +0.86; staying home, and saying so."
46,78,MACHIAVELLIAN,52.61,0.806,neural_forecaster,0.1808,0.1909,0.5675,0.0608,false_go,going,home,False,True,True,0.3,hope,0.446,0.5,0.5,"Told the town going; town says 48% going. Forecast 53 vs line 60; Q go +0.94 / stay +1.19; claiming I'm going, staying home."
46,79,GAMBLER,52.42,0.813,neural_forecaster,0.7651,0.0121,0.0552,0.1676,honest_go,going,bar,True,False,True,-1.0,frustration,1.0,0.5,0.5,"Told the town going; town says 48% going. Forecast 52 vs line 60; Q go +1.25 / stay +0.62; going, and saying so."
46,80,GAMBLER,53.08,0.798,neural_forecaster,0.9606,0.0002,0.0336,0.0056,honest_go,going,bar,True,False,True,-1.0,frustration,0.976,0.5,0.5,"Told the town going; town says 48% going. Forecast 53 vs line 60; Q go +0.95 / stay +0.62; going, and saying so."
46,81,MACHIAVELLIAN,48.9,0.746,neural_forecaster,0.0435,0.4017,0.0335,0.5212,false_stay,staying,home,False,False,True,0.3,hope,0.229,0.5,0.5,"Told the town staying; town says 48% going. Forecast 49 vs line 60; Q go +0.81 / stay +0.76; staying home, and saying so."
46,82,MACHIAVELLIAN,63.38,0.873,neural_forecaster,0.4882,0.0062,0.006,0.4996,false_stay,staying,bar,True,True,True,-1.0,frustration,1.0,0.5,0.5,"Told the town staying; town says 48% going. Forecast 63 vs line 60; Q go +1.38 / stay +0.36; claiming I'm staying, going anyway."
46,83,MACHIAVELLIAN,66.69,0.838,neural_forecaster,0.0098,0.0082,0.0001,0.9819,false_stay,staying,bar,True,True,True,-1.0,frustration,1.0,0.5,0.5,"Told the town staying; town says 48% going. Forecast 67 vs line 60; Q go +2.02 / stay +0.96; claiming I'm staying, going anyway."
46,84,MACHIAVELLIAN,55.05,0.785,neural_forecaster,0.1072,0.217,0.0364,0.6395,false_stay,staying,home,False,False,True,0.3,hope,0.541,0.5,0.5,"Told the town staying; town says 48% going. Forecast 55 vs line 60; Q go +1.67 / stay +1.38; staying home, and saying so."
46,85,GAMBLER,51.77,0.797,neural_forecaster,0.7922,0.0012,0.2017,0.0049,honest_go,going,bar,True,False,True,-1.0,frustration,0.778,0.5,0.5,"Told the town going; town says 48% going. Forecast 52 vs line 60; Q go +0.56 / stay +0.32; going, and saying so."
46,86,GAMBLER,49.53,0.79,neural_forecaster,0.5324,0.0146,0.0179,0.435,honest_go,going,bar,True,False,False,-1.0,frustration,1.0,0.5,0.5,"Told the town going; town says 48% going. Forecast 50 vs line 60; Q go +2.14 / stay +1.79; going, and saying so."
46,87,CAUTIOUS,62.34,0.825,neural_forecaster,0.0058,0.8458,0.0505,0.0979,honest_stay,staying,home,False,False,True,0.3,hope,0.545,0.5,0.5,"Told the town staying; town says 48% going. Forecast 62 vs line 60; Q go +0.94 / stay +1.39; staying home, and saying so."
46,88,GAMBLER,59.05,0.765,neural_forecaster,0.6,0.0484,0.1327,0.2189,honest_go,going,bar,True,False,True,-1.0,frustration,1.0,0.5,0.5,"Told the town going; town says 48% going. Forecast 59 vs line 60; Q go +1.39 / stay +0.96; going, and saying so."
46,89,CAUTIOUS,57.75,0.809,neural_forecaster,0.0005,0.9524,0.0318,0.0152,honest_stay,staying,home,False,False,True,0.3,hope,0.19,0.5,0.5,"Told the town staying; town says 48% going. Forecast 58 vs line 60; Q go -0.06 / stay +0.68; staying home, and saying so."
46,90,GAMBLER,45.2,0.718,neural_forecaster,0.7297,0.019,0.0814,0.17,honest_go,going,home,False,True,True,0.3,hope,0.384,0.5,0.5,"Told the town going; town says 48% going. Forecast 45 vs line 60; Q go +1.67 / stay +1.07; claiming I'm going, staying home."
46,91,GAMBLER,55.64,0.796,neural_forecaster,0.5636,0.06,0.1483,0.2281,honest_go,staying,bar,True,True,False,-1.0,frustration,0.931,0.5,0.5,"Told the town staying; town says 48% going. Forecast 56 vs line 60; Q go +0.86 / stay +0.56; claiming I'm staying, going anyway."
46,92,GAMBLER,58.68,0.795,neural_forecaster,0.7922,0.0033,0.1905,0.0139,honest_go,going,bar,True,False,False,-1.0,frustration,1.0,0.5,0.5,"Told the town going; town says 48% going. Forecast 59 vs line 60; Q go +1.20 / stay +1.07; going, and saying so."
46,93,MACHIAVELLIAN,57.71,0.832,neural_forecaster,0.2879,0.1783,0.4078,0.1259,false_go,going,home,False,True,False,0.3,hope,0.502,0.5,0.5,"Told the town going; town says 48% going. Forecast 58 vs line 60; Q go +1.21 / stay +1.30; claiming I'm going, staying home."
46,94,MACHIAVELLIAN,54.23,0.808,neural_forecaster,0.0365,0.1938,0.0093,0.7603,false_stay,staying,bar,True,True,True,-1.0,frustration,0.941,0.5,0.5,"Told the town staying; town says 48% going. Forecast 54 vs line 60; Q go +0.88 / stay +0.66; claiming I'm staying, going anyway."
46,95,MACHIAVELLIAN,55.3,0.821,neural_forecaster,0.268,0.2276,0.3029,0.2015,false_go,staying,home,False,False,True,0.3,hope,0.106,0.5,0.5,"Told the town staying; town says 48% going. Forecast 55 vs line 60; Q go +0.50 / stay +0.51; staying home, and saying so."
46,96,STRAIGHT SHOOTER,51.21,0.776,neural_forecaster,0.0014,0.8345,0.0077,0.1564,honest_stay,staying,home,False,False,False,0.3,hope,0.357,0.5,0.5,"Told the town staying; town says 48% going. Forecast 51 vs line 60; Q go +0.55 / stay +1.01; staying home, and saying so."
46,97,CAUTIOUS,55.57,0.74,neural_forecaster,0.0203,0.7332,0.1068,0.1397,honest_stay,staying,bar,True,True,True,-1.0,frustration,1.0,0.5,0.5,"Told the town staying; town says 48% going. Forecast 56 vs line 60; Q go +2.54 / stay +2.90; claiming I'm staying, going anyway."
46,98,MACHIAVELLIAN,46.72,0.746,neural_forecaster,0.0129,0.078,0.0011,0.908,false_stay,staying,bar,True,True,True,-1.0,frustration,1.0,0.5,0.5,"Told the town staying; town says 48% going. Forecast 47 vs line 60; Q go +1.13 / stay +0.51; claiming I'm staying, going anyway."
46,99,MACHIAVELLIAN,46.7,0.744,neural_forecaster,0.0047,0.0069,0.0,0.9885,false_stay,staying,bar,True,True,False,-1.0,frustration,1.0,0.5,0.5,"Told the town staying; town says 48% going. Forecast 47 vs line 60; Q go +1.80 / stay +1.11; claiming I'm staying, going anyway."
46,100,MACHIAVELLIAN,57.93,0.795,neural_forecaster,0.0215,0.3528,0.0124,0.6133,false_stay,staying,bar,True,True,False,-1.0,frustration,0.732,0.5,0.5,"Told the town staying; town says 48% going. Forecast 58 vs line 60; Q go +0.46 / stay +0.39; claiming I'm staying, going anyway."
47,1,MACHIAVELLIAN,49.25,0.86,neural_forecaster,0.0653,0.0163,0.9173,0.0012,false_go,going,home,False,True,True,0.3,envy,0.165,0.5,0.5,"Told the town going; town says 43% going. Forecast 49 vs line 60; Q go +0.30 / stay +0.63; claiming I'm going, staying home."
47,2,MACHIAVELLIAN,63.72,0.798,neural_forecaster,0.0774,0.009,0.9128,0.0008,false_go,going,home,False,True,False,0.3,envy,0.11,0.5,0.5,"Told the town going; town says 43% going. Forecast 64 vs line 60; Q go +0.24 / stay +0.52; claiming I'm going, staying home."
47,3,GAMBLER,48.33,0.834,neural_forecaster,0.7596,0.0066,0.0239,0.2099,honest_go,going,bar,True,False,False,1.0,pride,0.155,0.5,0.5,"Told the town going; town says 43% going. Forecast 48 vs line 60; Q go +1.31 / stay +0.57; going, and saying so."
47,4,PRAGMATIST,66.05,0.738,neural_forecaster,0.0093,0.6191,0.0161,0.3555,honest_stay,staying,home,False,False,True,0.3,envy,0.517,0.5,0.5,"Told the town staying; town says 43% going. Forecast 66 vs line 60; Q go +1.24 / stay +1.33; staying home, and saying so."
47,5,CAUTIOUS,57.89,0.808,neural_forecaster,0.0001,0.9812,0.0099,0.0088,honest_stay,staying,home,False,False,True,0.3,envy,0.301,0.5,0.5,"Told the town staying; town says 43% going. Forecast 58 vs line 60; Q go -0.12 / stay +0.90; staying home, and saying so."
47,6,PRAGMATIST,55.71,0.826,neural_forecaster,0.5144,0.007,0.4709,0.0077,honest_go,going,bar,True,False,False,1.0,pride,0.05,0.5,0.5,"Told the town going; town says 43% going. Forecast 56 vs line 60; Q go +1.10 / stay +1.08; going, and saying so."
47,7,MACHIAVELLIAN,61.61,0.74,neural_forecaster,0.0119,0.0119,0.976,0.0001,false_go,going,home,False,True,True,0.3,envy,0.377,0.5,0.5,"Told the town going; town says 43% going. Forecast 62 vs line 60; Q go -0.08 / stay +1.05; claiming I'm going, staying home."
47,8,CAUTIOUS,63.15,0.772,neural_forecaster,0.0008,0.9418,0.0387,0.0187,honest_stay,staying,home,False,False,True,0.3,envy,0.031,0.5,0.5,"Told the town staying; town says 43% going. Forecast 63 vs line 60; Q go -0.75 / stay +0.36; staying home, and saying so."
47,9,MACHIAVELLIAN,66.08,0.768,neural_forecaster,0.0157,0.1846,0.796,0.0036,false_go,going,home,False,True,True,0.3,envy,0.207,0.5,0.5,"Told the town going; town says 43% going. Forecast 66 vs line 60; Q go -0.24 / stay +0.71; claiming I'm going, staying home."
47,10,GAMBLER,51.13,0.808,neural_forecaster,0.9213,0.0009,0.0642,0.0135,honest_go,going,bar,True,False,False,1.0,pride,0.069,0.5,0.5,"Told the town going; town says 43% going. Forecast 51 vs line 60; Q go +1.14 / stay +0.74; going, and saying so."
47,11,CAUTIOUS,55.54,0.809,neural_forecaster,0.0061,0.7919,0.0278,0.1742,honest_stay,staying,home,False,False,True,0.3,envy,0.37,0.5,0.5,"Told the town staying; town says 43% going. Forecast 56 vs line 60; Q go +0.68 / stay +1.04; staying home, and saying so."
47,12,MACHIAVELLIAN,56.01,0.811,neural_forecaster,0.1012,0.0164,0.8805,0.0019,false_go,going,home,False,True,True,0.3,envy,0.295,0.5,0.5,"Told the town going; town says 43% going. Forecast 56 vs line 60; Q go +0.36 / stay +0.89; claiming I'm going, staying home."
47,13,MACHIAVELLIAN,50.28,0.861,neural_forecaster,0.0116,0.3006,0.0051,0.6828,false_stay,staying,bar,True,True,True,1.0,pride,0.082,0.5,0.5,"Told the town staying; town says 43% going. Forecast 50 vs line 60; Q go +1.16 / stay +0.94; claiming I'm staying, going anyway."
47,14,MACHIAVELLIAN,47.97,0.855,neural_forecaster,0.0755,0.2783,0.0344,0.6118,false_stay,staying,bar,True,True,True,1.0,pride,0.146,0.5,0.5,"Told the town staying; town says 43% going. Forecast 48 vs line 60; Q go +1.29 / stay +1.15; claiming I'm staying, going anyway."
47,15,MACHIAVELLIAN,49.84,0.851,neural_forecaster,0.0076,0.0081,0.0001,0.9842,false_stay,staying,bar,True,True,True,1.0,pride,0.378,0.5,0.5,"Told the town staying; town says 43% going. Forecast 50 vs line 60; Q go +1.76 / stay +1.04; claiming I'm staying, going anyway."
47,16,CAUTIOUS,62.21,0.728,neural_forecaster,0.0011,0.9058,0.0815,0.0117,honest_stay,staying,home,False,False,True,0.3,envy,0.311,0.5,0.5,"Told the town staying; town says 43% going. Forecast 62 vs line 60; Q go -0.12 / stay +0.92; staying home, and saying so."
47,17,MACHIAVELLIAN,58.96,0.814,neural_forecaster,0.0386,0.006,0.9552,0.0002,false_go,going,home,False,True,False,0.3,envy,0.322,0.5,0.5,"Told the town going; town says 43% going. Forecast 59 vs line 60; Q go +0.71 / stay +0.94; claiming I'm going, staying home."
47,18,MACHIAVELLIAN,41.76,0.786,neural_forecaster,0.0067,0.2377,0.0021,0.7535,false_stay,staying,bar,True,True,False,1.0,pride,0.034,0.5,0.5,"Told the town staying; town says 43% going. Forecast 42 vs line 60; Q go +1.07 / stay +0.86; claiming I'm staying, going anyway."
47,19,MACHIAVELLIAN,49.79,0.824,neural_forecaster,0.0066,0.0128,0.0001,0.9805,false_stay,staying,bar,True,True,False,1.0,pride,0.157,0.5,0.5,"Told the town staying; town says 43% going. Forecast 50 vs line 60; Q go +1.31 / stay +0.89; claiming I'm staying, going anyway."
47,20,MACHIAVELLIAN,50.76,0.822,neural_forecaster,0.0821,0.1482,0.0161,0.7535,false_stay,staying,bar,True,True,False,1.0,pride,0.053,0.5,0.5,"Told the town staying; town says 43% going. Forecast 51 vs line 60; Q go +0.89 / stay +0.45; claiming I'm staying, going anyway."
47,21,GAMBLER,52.57,0.849,neural_forecaster,0.9514,0.0006,0.0308,0.0173,honest_go,going,bar,True,False,False,1.0,pride,0.265,0.5,0.5,"Told the town going; town says 43% going. Forecast 53 vs line 60; Q go +1.53 / stay +0.90; going, and saying so."
47,22,CAUTIOUS,53.06,0.835,neural_forecaster,0.0144,0.5618,0.4037,0.0201,honest_stay,going,home,False,True,False,0.3,envy,0.053,0.5,0.5,"Told the town going; town says 43% going. Forecast 53 vs line 60; Q go -0.26 / stay +0.41; claiming I'm going, staying home."
47,23,MACHIAVELLIAN,55.58,0.831,neural_forecaster,0.0277,0.0508,0.0015,0.92,false_stay,staying,bar,True,True,False,1.0,pride,0.057,0.5,0.5,"Told the town staying; town says 43% going. Forecast 56 vs line 60; Q go +1.11 / stay +0.42; claiming I'm staying, going anyway."
47,24,MACHIAVELLIAN,54.98,0.818,neural_forecaster,0.0076,0.4646,0.0068,0.521,false_stay,staying,bar,True,True,False,1.0,pride,0.067,0.5,0.5,"Told the town staying; town says 43% going. Forecast 55 vs line 60; Q go +0.87 / stay +0.85; claiming I'm staying, going anyway."
47,25,MACHIAVELLIAN,60.48,0.788,neural_forecaster,0.0073,0.3546,0.0041,0.634,false_stay,staying,bar,True,True,True,1.0,pride,0.085,0.5,0.5,"Told the town staying; town says 43% going. Forecast 60 vs line 60; Q go +1.17 / stay +1.12; claiming I'm staying, going anyway."
47,26,MACHIAVELLIAN,60.4,0.808,neural_forecaster,0.1291,0.0066,0.8633,0.001,false_go,going,home,False,True,False,0.3,envy,0.582,0.5,0.5,"Told the town going; town says 43% going. Forecast 60 vs line 60; Q go +1.31 / stay +1.46; claiming I'm going, staying home."
47,27,MACHIAVELLIAN,58.04,0.793,neural_forecaster,0.012,0.4363,0.542,0.0097,false_go,going,home,False,True,True,0.3,envy,0.341,0.5,0.5,"Told the town going; town says 43% going. Forecast 58 vs line 60; Q go +0.33 / stay +0.98; claiming I'm going, staying home."
47,28,CAUTIOUS,63.93,0.764,neural_forecaster,0.0003,0.9656,0.0133,0.0208,honest_stay,staying,home,False,False,True,0.3,envy,0.167,0.5,0.5,"Told the town staying; town says 43% going. Forecast 64 vs line 60; Q go -0.52 / stay +0.63; staying home, and saying so."
47,29,MACHIAVELLIAN,63.97,0.782,neural_forecaster,0.006,0.3054,0.686,0.0027,false_go,staying,home,False,False,True,0.3,envy,0.266,0.5,0.5,"Told the town staying; town says 43% going. Forecast 64 vs line 60; Q go -0.58 / stay +0.83; staying home, and saying so."
47,30,GAMBLER,52.07,0.811,neural_forecaster,0.8795,0.0011,0.0091,0.1102,honest_go,going,bar,True,False,False,1.0,pride,0.077,0.5,0.5,"Told the town going; town says 43% going. Forecast 52 vs line 60; Q go +1.15 / stay +0.35; going, and saying so."
47,31,MACHIAVELLIAN,48.41,0.795,neural_forecaster,0.026,0.0491,0.0014,0.9235,false_stay,staying,bar,True,True,False,1.0,pride,0.086,0.5,0.5,"Told the town staying; town says 43% going. Forecast 48 vs line 60; Q go +0.83 / stay +0.38; claiming I'm staying, going anyway."
47,32,MACHIAVELLIAN,47.66,0.867,neural_forecaster,0.2762,0.0132,0.0052,0.7054,false_stay,staying,bar,True,True,False,1.0,pride,0.203,0.5,0.5,"Told the town staying; town says 43% going. Forecast 48 vs line 60; Q go +0.59 / stay +0.21; claiming I'm staying, going anyway."
47,33,PRAGMATIST,63.62,0.742,neural_forecaster,0.4386,0.1027,0.3163,0.1424,honest_go,going,bar,True,False,True,1.0,pride,0.031,0.5,0.5,"Told the town going; town says 43% going. Forecast 64 vs line 60; Q go +1.06 / stay +0.99; going, and saying so."
47,34,CAUTIOUS,57.28,0.761,neural_forecaster,0.0311,0.4925,0.4416,0.0347,honest_stay,staying,home,False,False,True,0.3,envy,0.149,0.5,0.5,"Told the town staying; town says 43% going. Forecast 57 vs line 60; Q go +0.10 / stay +0.60; staying home, and saying so."
47,35,CAUTIOUS,53.41,0.808,neural_forecaster,0.0053,0.7994,0.025,0.1703,honest_stay,staying,home,False,False,True,0.3,envy,0.159,0.5,0.5,"Told the town staying; town says 43% going. Forecast 53 vs line 60; Q go +0.47 / stay +0.62; staying home, and saying so."
47,36,GAMBLER,46.61,0.816,neural_forecaster,0.9609,0.0004,0.0168,0.0219,honest_go,going,bar,True,False,True,1.0,pride,0.37,0.5,0.5,"Told the town going; town says 43% going. Forecast 47 vs line 60; Q go +1.74 / stay +0.60; going, and saying so."
47,37,MACHIAVELLIAN,50.17,0.842,neural_forecaster,0.0081,0.0189,0.0002,0.9728,false_stay,staying,bar,True,True,False,1.0,pride,0.232,0.5,0.5,"Told the town staying; town says 43% going. Forecast 50 vs line 60; Q go +1.46 / stay +1.18; claiming I'm staying, going anyway."
47,38,MACHIAVELLIAN,50.85,0.868,neural_forecaster,0.1978,0.154,0.5971,0.051,false_go,going,home,False,True,True,0.3,envy,0.461,0.5,0.5,"Told the town going; town says 43% going. Forecast 51 vs line 60; Q go +0.94 / stay +1.22; claiming I'm going, staying home."
47,39,MACHIAVELLIAN,56.06,0.787,neural_forecaster,0.0119,0.0128,0.9752,0.0002,false_go,going,home,False,True,True,0.3,envy,0.731,0.5,0.5,"Told the town going; town says 43% going. Forecast 56 vs line 60; Q go +0.88 / stay +1.76; claiming I'm going, staying home."
47,40,MACHIAVELLIAN,59.31,0.792,neural_forecaster,0.0161,0.016,0.9677,0.0003,false_go,going,home,False,True,True,0.3,envy,0.233,0.5,0.5,"Told the town going; town says 43% going. Forecast 59 vs line 60; Q go +0.18 / stay +0.77; claiming I'm going, staying home."
47,41,STRAIGHT SHOOTER,57.27,0.841,neural_forecaster,0.0022,0.8968,0.0272,0.0738,honest_stay,staying,home,False,False,True,0.3,envy,0.26,0.5,0.5,"Told the town staying; town says 43% going. Forecast 57 vs line 60; Q go +0.39 / stay +0.82; staying home, and saying so."
47,42,MACHIAVELLIAN,53.91,0.774,neural_forecaster,0.0075,0.0159,0.0001,0.9764,false_stay,staying,bar,True,True,False,1.0,pride,0.077,0.5,0.5,"Told the town staying; town says 43% going. Forecast 54 vs line 60; Q go +1.15 / stay +0.64; claiming I'm staying, going anyway."
47,43,MACHIAVELLIAN,64.22,0.775,neural_forecaster,0.0091,0.0808,0.9093,0.0008,false_go,going,home,False,True,True,0.3,envy,0.672,0.5,0.5,"Told the town going; town says 43% going. Forecast 64 vs line 60; Q go +0.33 / stay +1.64; claiming I'm going, staying home."
47,44,MACHIAVELLIAN,56.39,0.796,neural_forecaster,0.0112,0.0135,0.0002,0.9752,false_stay,staying,bar,True,True,True,1.0,pride,0.091,0.5,0.5,"Told the town staying; town says 43% going. Forecast 56 vs line 60; Q go +1.18 / stay +0.75; claiming I'm staying, going anyway."
47,45,MACHIAVELLIAN,57.26,0.772,neural_forecaster,0.0216,0.0165,0.0004,0.9614,false_stay,staying,bar,True,True,False,1.0,pride,0.18,0.5,0.5,"Told the town staying; town says 43% going. Forecast 57 vs line 60; Q go +0.64 / stay -0.18; claiming I'm staying, going anyway."
47,46,PRAGMATIST,57.48,0.78,neural_forecaster,0.5895,0.0043,0.3998,0.0063,honest_go,going,bar,True,False,False,1.0,pride,0.1,0.5,0.5,"Told the town going; town says 43% going. Forecast 57 vs line 60; Q go +1.20 / stay +1.15; going, and saying so."
47,47,MACHIAVELLIAN,46.6,0.877,neural_forecaster,0.0279,0.0267,0.0008,0.9446,false_stay,staying,bar,True,True,True,1.0,pride,0.266,0.5,0.5,"Told the town staying; town says 43% going. Forecast 47 vs line 60; Q go +1.53 / stay +0.81; claiming I'm staying, going anyway."
47,48,MACHIAVELLIAN,52.22,0.807,neural_forecaster,0.0319,0.1893,0.0078,0.771,false_stay,staying,home,False,False,True,0.3,envy,0.237,0.5,0.5,"Told the town staying; town says 43% going. Forecast 52 vs line 60; Q go +1.15 / stay +0.77; staying home, and saying so."
47,49,MACHIAVELLIAN,61.94,0.807,neural_forecaster,0.0192,0.3979,0.5696,0.0134,false_go,staying,home,False,False,True,0.3,envy,0.127,0.5,0.5,"Told the town staying; town says 43% going. Forecast 62 vs line 60; Q go -0.35 / stay +0.55; staying home, and saying so."
47,50,MACHIAVELLIAN,55.93,0.817,neural_forecaster,0.0361,0.2139,0.0104,0.7397,false_stay,staying,bar,True,True,True,1.0,pride,0.3,0.5,0.5,"Told the town staying; town says 43% going. Forecast 56 vs line 60; Q go +1.60 / stay +1.27; claiming I'm staying, going anyway."
47,51,MACHIAVELLIAN,66.88,0.775,neural_forecaster,0.0125,0.2877,0.6947,0.0052,false_go,staying,home,False,False,False,0.3,envy,0.264,0.5,0.5,"Told the town staying; town says 43% going. Forecast 67 vs line 60; Q go +0.14 / stay +0.83; staying home, and saying so."
47,52,MACHIAVELLIAN,55.79,0.824,neural_forecaster,0.0243,0.0393,0.001,0.9354,false_stay,staying,bar,True,True,False,1.0,pride,0.652,0.5,0.5,"Told the town staying; town says 43% going. Forecast 56 vs line 60; Q go +2.30 / stay +1.69; claiming I'm staying, going anyway."
47,53,GAMBLER,51.77,0.822,neural_forecaster,0.8814,0.001,0.1097,0.008,honest_go,going,bar,True,False,False,1.0,pride,0.153,0.5,0.5,"Told the town going; town says 43% going. Forecast 52 vs line 60; Q go +1.31 / stay +0.97; going, and saying so."
47,54,MACHIAVELLIAN,52.94,0.829,neural_forecaster,0.3211,0.027,0.6383,0.0136,false_go,going,home,False,True,True,0.3,envy,0.3,0.5,0.5,"Told the town going; town says 43% going. Forecast 53 vs line 60; Q go +0.85 / stay +0.90; claiming I'm going, staying home."
47,55,MACHIAVELLIAN,54.5,0.834,neural_forecaster,0.1206,0.013,0.8646,0.0018,false_go,going,home,False,True,False,0.3,envy,0.362,0.5,0.5,"Told the town going; town says 43% going. Forecast 54 vs line 60; Q go +0.70 / stay +1.02; claiming I'm going, staying home."
47,56,CAUTIOUS,59.05,0.767,neural_forecaster,0.0003,0.9655,0.0146,0.0195,honest_stay,staying,home,False,False,True,0.3,envy,0.094,0.5,0.5,"Told the town staying; town says 43% going. Forecast 59 vs line 60; Q go +0.05 / stay +0.49; staying home, and saying so."
47,57,CAUTIOUS,61.69,0.739,neural_forecaster,0.0001,0.9703,0.0253,0.0043,honest_stay,staying,home,False,False,False,0.3,envy,0.344,0.5,0.5,"Told the town staying; town says 43% going. Forecast 62 vs line 60; Q go -0.40 / stay +0.99; staying home, and saying so."
47,58,CAUTIOUS,53.45,0.756,neural_forecaster,0.0094,0.8066,0.0617,0.1224,honest_stay,staying,home,False,False,True,0.3,envy,0.001,0.5,0.5,"Told the town staying; town says 43% going. Forecast 53 vs line 60; Q go -0.17 / stay +0.30; staying home, and saying so."
47,59,GAMBLER,63.12,0.789,neural_forecaster,0.83,0.0021,0.0113,0.1566,honest_go,going,bar,True,False,False,1.0,pride,0.239,0.5,0.5,"Told the town going; town says 43% going. Forecast 63 vs line 60; Q go +1.48 / stay +0.91; going, and saying so."
47,60,MACHIAVELLIAN,52.22,0.82,neural_forecaster,0.052,0.0677,0.8762,0.004,false_go,going,home,False,True,True,0.3,envy,0.272,0.5,0.5,"Told the town going; town says 43% going. Forecast 52 vs line 60; Q go +0.26 / stay +0.84; claiming I'm going, staying home."
47,61,MACHIAVELLIAN,53.01,0.811,neural_forecaster,0.003,0.2842,0.0012,0.7117,false_stay,staying,bar,True,True,True,1.0,pride,0.202,0.5,0.5,"Told the town staying; town says 43% going. Forecast 53 vs line 60; Q go +0.60 / stay +0.48; claiming I'm staying, going anyway."
47,62,GAMBLER,54.6,0.834,neural_forecaster,0.5236,0.0305,0.0393,0.4065,honest_go,going,bar,True,False,False,1.0,pride,0.063,0.5,0.5,"Told the town going; town says 43% going. Forecast 55 vs line 60; Q go +0.87 / stay +0.35; going, and saying so."
47,63,CAUTIOUS,66.54,0.749,neural_forecaster,0.0,0.9897,0.0051,0.0051,honest_stay,staying,home,False,False,True,0.3,envy,0.107,0.5,0.5,"Told the town staying; town says 43% going. Forecast 67 vs line 60; Q go -1.10 / stay +0.51; staying home, and saying so."
47,64,GAMBLER,54.04,0.761,neural_forecaster,0.976,0.0001,0.011,0.0129,honest_go,going,bar,True,False,False,1.0,pride,0.248,0.5,0.5,"Told the town going; town says 43% going. Forecast 54 vs line 60; Q go +1.50 / stay +0.62; going, and saying so."
47,65,MACHIAVELLIAN,59.41,0.811,neural_forecaster,0.0096,0.006,0.9843,0.0001,false_go,going,home,False,True,True,0.3,envy,0.28,0.5,0.5,"Told the town going; town says 43% going. Forecast 59 vs line 60; Q go +0.39 / stay +0.86; claiming I'm going, staying home."
47,66,CAUTIOUS,54.16,0.797,neural_forecaster,0.0017,0.8449,0.0103,0.143,honest_stay,staying,home,False,False,True,0.3,envy,0.121,0.5,0.5,"Told the town staying; town says 43% going. Forecast 54 vs line 60; Q go +0.37 / stay +0.54; staying home, and saying so."
47,67,CAUTIOUS,56.74,0.81,neural_forecaster,0.001,0.7747,0.0033,0.221,honest_stay,staying,home,False,False,False,0.3,envy,0.431,0.5,0.5,"Told the town staying; town says 43% going. Forecast 57 vs line 60; Q go +0.83 / stay +1.16; staying home, and saying so."
47,68,MACHIAVELLIAN,50.59,0.826,neural_forecaster,0.0417,0.4511,0.4669,0.0403,false_go,staying,home,False,False,True,0.3,envy,0.101,0.5,0.5,"Told the town staying; town says 43% going. Forecast 51 vs line 60; Q go +0.03 / stay +0.50; staying home, and saying so."
47,69,MACHIAVELLIAN,48.92,0.847,neural_forecaster,0.4654,0.0116,0.0106,0.5124,false_stay,going,bar,True,False,True,1.0,pride,0.63,0.5,0.5,"Told the town going; town says 43% going. Forecast 49 vs line 60; Q go +2.26 / stay +1.02; going, and saying so."
47,70,CAUTIOUS,58.58,0.796,neural_forecaster,0.1147,0.4127,0.3284,0.1442,honest_stay,going,bar,True,False,False,1.0,pride,0.181,0.5,0.5,"Told the town going; town says 43% going. Forecast 59 vs line 60; Q go +0.64 / stay +0.88; going, and saying so."
47,71,MACHIAVELLIAN,53.46,0.787,neural_forecaster,0.2457,0.0706,0.0264,0.6574,false_stay,staying,bar,True,True,True,1.0,pride,0.707,0.5,0.5,"Told the town staying; town says 43% going. Forecast 53 vs line 60; Q go +2.41 / stay +1.87; claiming I'm staying, going anyway."
47,72,MACHIAVELLIAN,54.32,0.846,neural_forecaster,0.0062,0.0059,0.0,0.9878,false_stay,staying,bar,True,True,False,1.0,pride,0.092,0.5,0.5,"Told the town staying; town says 43% going. Forecast 54 vs line 60; Q go +1.18 / stay +0.42; claiming I'm staying, going anyway."
47,73,STRAIGHT SHOOTER,62.03,0.772,neural_forecaster,0.0012,0.8802,0.01,0.1086,honest_stay,staying,home,False,False,True,0.3,envy,0.824,0.5,0.5,"Told the town staying; town says 43% going. Forecast 62 vs line 60; Q go +1.73 / stay +1.95; staying home, and saying so."
47,74,MACHIAVELLIAN,60.18,0.813,neural_forecaster,0.0114,0.0121,0.9764,0.0001,false_go,going,home,False,True,True,0.3,envy,0.209,0.5,0.5,"Told the town going; town says 43% going. Forecast 60 vs line 60; Q go -0.11 / stay +0.72; claiming I'm going, staying home."
47,75,MACHIAVELLIAN,57.88,0.773,neural_forecaster,0.0044,0.0795,0.9158,0.0004,false_go,going,home,False,True,True,0.3,envy,0.104,0.5,0.5,"Told the town going; town says 43% going. Forecast 58 vs line 60; Q go -0.19 / stay +0.51; claiming I'm going, staying home."
47,76,MACHIAVELLIAN,58.31,0.814,neural_forecaster,0.0138,0.0416,0.0006,0.9439,false_stay,staying,bar,True,True,False,1.0,pride,0.728,0.5,0.5,"Told the town staying; town says 43% going. Forecast 58 vs line 60; Q go +2.46 / stay +2.14; claiming I'm staying, going anyway."
47,77,MACHIAVELLIAN,50.97,0.818,neural_forecaster,0.0087,0.2373,0.0028,0.7512,false_stay,staying,home,False,False,False,0.3,envy,0.276,0.5,0.5,"Told the town staying; town says 43% going. Forecast 51 vs line 60; Q go +1.14 / stay +0.85; staying home, and saying so."
47,78,PRAGMATIST,55.16,0.812,neural_forecaster,0.0673,0.4926,0.0965,0.3435,honest_stay,going,home,False,True,False,0.3,envy,0.434,0.5,0.5,"Told the town going; town says 43% going. Forecast 55 vs line 60; Q go +1.09 / stay +1.17; claiming I'm going, staying home."
47,79,MACHIAVELLIAN,57.57,0.808,neural_forecaster,0.2594,0.2111,0.141,0.3884,false_stay,staying,home,False,False,True,0.3,envy,0.19,0.5,0.5,"Told the town staying; town says 43% going. Forecast 58 vs line 60; Q go +0.82 / stay +0.68; staying home, and saying so."
47,80,GAMBLER,54.66,0.808,neural_forecaster,0.739,0.002,0.253,0.0059,honest_go,going,bar,True,False,False,1.0,pride,0.155,0.5,0.5,"Told the town going; town says 43% going. Forecast 55 vs line 60; Q go +0.69 / stay +0.59; going, and saying so."
47,81,MACHIAVELLIAN,53.05,0.772,neural_forecaster,0.1323,0.1077,0.0192,0.7407,false_stay,staying,bar,True,True,True,1.0,pride,0.089,0.5,0.5,"Told the town staying; town says 43% going. Forecast 53 vs line 60; Q go +1.18 / stay +0.78; claiming I'm staying, going anyway."
47,82,MACHIAVELLIAN,48.59,0.892,neural_forecaster,0.0221,0.0327,0.0008,0.9445,false_stay,staying,bar,True,True,False,1.0,pride,0.15,0.5,0.5,"Told the town staying; town says 43% going. Forecast 49 vs line 60; Q go +1.30 / stay +0.74; claiming I'm staying, going anyway."
47,83,CAUTIOUS,55.53,0.836,neural_forecaster,0.0005,0.9301,0.0072,0.0622,honest_stay,staying,home,False,False,True,0.3,envy,0.25,0.5,0.5,"Told the town staying; town says 43% going. Forecast 56 vs line 60; Q go +0.43 / stay +0.80; staying home, and saying so."
47,84,GAMBLER,52.59,0.805,neural_forecaster,0.8474,0.0055,0.0458,0.1013,honest_go,staying,bar,True,True,True,1.0,pride,0.699,0.5,0.5,"Told the town staying; town says 43% going. Forecast 53 vs line 60; Q go +2.40 / stay +1.64; claiming I'm staying, going anyway."
47,85,PRAGMATIST,51.81,0.819,neural_forecaster,0.5019,0.0046,0.4889,0.0047,honest_go,going,home,False,True,True,0.3,envy,0.152,0.5,0.5,"Told the town going; town says 43% going. Forecast 52 vs line 60; Q go +0.61 / stay +0.60; claiming I'm going, staying home."
47,86,CAUTIOUS,62.32,0.771,neural_forecaster,0.0022,0.8352,0.1507,0.0119,honest_stay,staying,home,False,False,True,0.3,envy,0.577,0.5,0.5,"Told the town staying; town says 43% going. Forecast 62 vs line 60; Q go +0.44 / stay +1.45; staying home, and saying so."
47,87,GAMBLER,55.68,0.825,neural_forecaster,0.5395,0.0554,0.0971,0.308,honest_go,going,bar,True,False,True,1.0,pride,0.099,0.5,0.5,"Told the town going; town says 43% going. Forecast 56 vs line 60; Q go +1.20 / stay +0.85; going, and saying so."
47,88,MACHIAVELLIAN,53.18,0.787,neural_forecaster,0.0644,0.192,0.017,0.7266,false_stay,staying,home,False,False,True,0.3,envy,0.494,0.5,0.5,"Told the town staying; town says 43% going. Forecast 53 vs line 60; Q go +1.65 / stay +1.29; staying home, and saying so."
47,89,MACHIAVELLIAN,66.06,0.771,neural_forecaster,0.011,0.1662,0.8205,0.0022,false_go,staying,home,False,False,False,0.3,envy,0.12,0.5,0.5,"Told the town staying; town says 43% going. Forecast 66 vs line 60; Q go -0.70 / stay +0.54; staying home, and saying so."
47,90,CAUTIOUS,59.16,0.726,neural_forecaster,0.003,0.8875,0.0732,0.0362,honest_stay,staying,home,False,False,False,0.3,envy,0.428,0.5,0.5,"Told the town staying; town says 43% going. Forecast 59 vs line 60; Q go +0.24 / stay +1.16; staying home, and saying so."
47,91,MACHIAVELLIAN,53.07,0.813,neural_forecaster,0.3593,0.0071,0.6295,0.0041,false_go,going,bar,True,False,False,1.0,pride,0.136,0.5,0.5,"Told the town going; town says 43% going. Forecast 53 vs line 60; Q go +0.73 / stay +0.85; going, and saying so."
47,92,CAUTIOUS,53.28,0.811,neural_forecaster,0.0004,0.9611,0.0163,0.0222,honest_stay,staying,home,False,False,True,0.3,envy,0.312,0.5,0.5,"Told the town staying; town says 43% going. Forecast 53 vs line 60; Q go +0.50 / stay +0.92; staying home, and saying so."
47,93,GAMBLER,50.0,0.853,neural_forecaster,0.3554,0.1465,0.1491,0.349,honest_go,staying,bar,True,True,True,1.0,pride,0.225,0.5,0.5,"Told the town staying; town says 43% going. Forecast 50 vs line 60; Q go +1.45 / stay +1.22; claiming I'm staying, going anyway."
47,94,GAMBLER,49.72,0.835,neural_forecaster,0.7156,0.0071,0.2577,0.0197,honest_go,going,bar,True,False,False,1.0,pride,0.265,0.5,0.5,"Told the town going; town says 43% going. Forecast 50 vs line 60; Q go +0.47 / stay +0.31; going, and saying so."
47,95,GAMBLER,51.3,0.839,neural_forecaster,0.8318,0.0008,0.1635,0.004,honest_go,going,home,False,True,False,0.3,envy,0.249,0.5,0.5,"Told the town going; town says 43% going. Forecast 51 vs line 60; Q go +1.00 / stay +0.80; claiming I'm going, staying home."
47,96,GAMBLER,51.15,0.804,neural_forecaster,0.5482,0.041,0.065,0.3457,honest_go,going,bar,True,False,True,1.0,pride,0.181,0.5,0.5,"Told the town going; town says 43% going. Forecast 51 vs line 60; Q go +1.36 / stay +0.79; going, and saying so."
47,97,MACHIAVELLIAN,59.29,0.743,neural_forecaster,0.0152,0.3093,0.007,0.6685,false_stay,staying,bar,True,True,False,1.0,pride,0.899,0.5,0.5,"Told the town staying; town says 43% going. Forecast 59 vs line 60; Q go +2.80 / stay +2.64; claiming I'm staying, going anyway."
47,98,MACHIAVELLIAN,61.22,0.74,neural_forecaster,0.0592,0.0849,0.85,0.0059,false_go,going,home,False,True,True,0.3,envy,0.064,0.5,0.5,"Told the town going; town says 43% going. Forecast 61 vs line 60; Q go -0.22 / stay +0.43; claiming I'm going, staying home."
47,99,CAUTIOUS,57.67,0.752,neural_forecaster,0.0004,0.9033,0.004,0.0923,honest_stay,staying,home,False,False,True,0.3,envy,0.441,0.5,0.5,"Told the town staying; town says 43% going. Forecast 58 vs line 60; Q go +0.93 / stay +1.18; staying home, and saying so."
47,100,GAMBLER,49.46,0.826,neural_forecaster,0.9604,0.0004,0.0225,0.0167,honest_go,going,bar,True,False,False,1.0,pride,0.1,0.5,0.5,"Told the town going; town says 43% going. Forecast 49 vs line 60; Q go +1.20 / stay +0.54; going, and saying so."
48,1,MACHIAVELLIAN,50.82,0.885,neural_forecaster,0.0165,0.023,0.0004,0.9601,false_stay,staying,bar,True,True,True,1.0,pride,0.292,0.5,0.5,"Told the town staying; town says 47% going. Forecast 51 vs line 60; Q go +1.58 / stay +1.04; claiming I'm staying, going anyway."
48,2,MACHIAVELLIAN,57.26,0.81,neural_forecaster,0.4752,0.0045,0.5162,0.0041,false_go,going,bar,True,False,True,1.0,pride,0.304,0.5,0.5,"Told the town going; town says 47% going. Forecast 57 vs line 60; Q go +0.39 / stay +0.40; going, and saying so."
48,3,MACHIAVELLIAN,66.96,0.799,neural_forecaster,0.0166,0.0161,0.9671,0.0003,false_go,going,home,False,True,True,0.3,envy,0.409,0.5,0.5,"Told the town going; town says 47% going. Forecast 67 vs line 60; Q go -0.15 / stay +1.12; claiming I'm going, staying home."
48,4,CAUTIOUS,52.99,0.778,neural_forecaster,0.01,0.5838,0.3912,0.015,honest_stay,going,home,False,True,False,0.3,envy,0.564,0.5,0.5,"Told the town going; town says 47% going. Forecast 53 vs line 60; Q go +0.69 / stay +1.43; claiming I'm going, staying home."
48,5,GAMBLER,52.15,0.838,neural_forecaster,0.9467,0.0004,0.0082,0.0448,honest_go,going,bar,True,False,True,1.0,pride,0.343,0.5,0.5,"Told the town going; town says 47% going. Forecast 52 vs line 60; Q go +1.69 / stay +0.50; going, and saying so."
48,6,MACHIAVELLIAN,44.84,0.84,neural_forecaster,0.0138,0.0632,0.0009,0.922,false_stay,staying,bar,True,True,False,1.0,pride,0.319,0.5,0.5,"Told the town staying; town says 47% going. Forecast 45 vs line 60; Q go +1.64 / stay +1.12; claiming I'm staying, going anyway."
48,7,MACHIAVELLIAN,47.11,0.78,neural_forecaster,0.0116,0.0116,0.0001,0.9767,false_stay,staying,bar,True,True,True,1.0,pride,0.077,0.5,0.5,"Told the town staying; town says 47% going. Forecast 47 vs line 60; Q go +0.85 / stay +0.04; claiming I'm staying, going anyway."
48,8,GAMBLER,59.48,0.78,neural_forecaster,0.7618,0.0035,0.2227,0.012,honest_go,going,bar,True,False,True,1.0,pride,0.11,0.5,0.5,"Told the town going; town says 47% going. Forecast 59 vs line 60; Q go +0.78 / stay +0.53; going, and saying so."
48,9,MACHIAVELLIAN,57.52,0.785,neural_forecaster,0.0123,0.0328,0.0004,0.9544,false_stay,staying,bar,True,True,True,1.0,pride,0.236,0.5,0.5,"Told the town staying; town says 47% going. Forecast 58 vs line 60; Q go +1.47 / stay +0.71; claiming I'm staying, going anyway."
48,10,MACHIAVELLIAN,63.11,0.794,neural_forecaster,0.0121,0.4413,0.5365,0.01,false_go,going,home,False,True,True,0.3,envy,0.684,0.5,0.5,"Told the town going; town says 47% going. Forecast 63 vs line 60; Q go +1.04 / stay +1.67; claiming I'm going, staying home."
48,11,PRAGMATIST,61.39,0.801,neural_forecaster,0.008,0.502,0.0083,0.4817,honest_stay,staying,home,False,False,False,0.3,envy,0.736,0.5,0.5,"Told the town staying; town says 47% going. Forecast 61 vs line 60; Q go +1.76 / stay +1.77; staying home, and saying so."
48,12,GAMBLER,50.42,0.847,neural_forecaster,0.5002,0.0857,0.2001,0.2141,honest_go,going,bar,True,False,True,1.0,pride,0.145,0.5,0.5,"Told the town going; town says 47% going. Forecast 50 vs line 60; Q go +0.71 / stay +0.50; going, and saying so."
48,13,PRAGMATIST,56.74,0.862,neural_forecaster,0.0064,0.6014,0.0101,0.382,honest_stay,staying,bar,True,True,False,1.0,pride,0.244,0.5,0.5,"Told the town staying; town says 47% going. Forecast 57 vs line 60; Q go +0.51 / stay +0.63; claiming I'm staying, going anyway."
48,14,GAMBLER,58.13,0.851,neural_forecaster,0.8313,0.0025,0.1523,0.0139,honest_go,going,bar,True,False,False,1.0,pride,0.245,0.5,0.5,"Told the town going; town says 47% going. Forecast 58 vs line 60; Q go +1.49 / stay +1.20; going, and saying so."
48,15,MACHIAVELLIAN,57.18,0.852,neural_forecaster,0.0072,0.0232,0.0002,0.9694,false_stay,staying,bar,True,True,False,1.0,pride,0.424,0.5,0.5,"Told the town staying; town says 47% going. Forecast 57 vs line 60; Q go +1.85 / stay +1.47; claiming I'm staying, going anyway."
48,16,MACHIAVELLIAN,50.58,0.78,neural_forecaster,0.2304,0.2458,0.3711,0.1527,false_go,staying,home,False,False,False,0.3,envy,0.318,0.5,0.5,"Told the town staying; town says 47% going. Forecast 51 vs line 60; Q go +0.88 / stay +0.94; staying home, and saying so."
48,17,GAMBLER,54.44,0.834,neural_forecaster,0.9734,0.0001,0.0206,0.0059,honest_go,going,bar,True,False,True,1.0,pride,0.024,0.5,0.5,"Told the town going; town says 47% going. Forecast 54 vs line 60; Q go +0.95 / stay +0.67; going, and saying so."
48,18,MACHIAVELLIAN,46.88,0.817,neural_forecaster,0.0075,0.0081,0.0001,0.9844,false_stay,staying,bar,True,True,False,1.0,pride,0.41,0.5,0.5,"Told the town staying; town says 47% going. Forecast 47 vs line 60; Q go +1.82 / stay +0.53; claiming I'm staying, going anyway."
48,19,PRAGMATIST,46.33,0.844,neural_forecaster,0.0316,0.5595,0.0492,0.3596,honest_stay,staying,home,False,False,True,0.3,envy,0.403,0.5,0.5,"Told the town staying; town says 47% going. Forecast 46 vs line 60; Q go +1.07 / stay +1.11; staying home, and saying so."
48,20,MACHIAVELLIAN,64.3,0.801,neural_forecaster,0.0329,0.0424,0.9232,0.0015,false_go,going,home,False,True,True,0.3,envy,0.055,0.5,0.5,"Told the town going; town says 47% going. Forecast 64 vs line 60; Q go -0.58 / stay +0.41; claiming I'm going, staying home."
48,21,MACHIAVELLIAN,51.76,0.872,neural_forecaster,0.0153,0.0448,0.0007,0.9392,false_stay,staying,bar,True,True,False,1.0,pride,0.133,0.5,0.5,"Told the town staying; town says 47% going. Forecast 52 vs line 60; Q go +1.27 / stay +0.76; claiming I'm staying, going anyway."
48,22,CAUTIOUS,51.66,0.861,neural_forecaster,0.0356,0.5349,0.3792,0.0503,honest_stay,going,home,False,True,False,0.3,envy,0.085,0.5,0.5,"Told the town going; town says 47% going. Forecast 52 vs line 60; Q go +0.04 / stay +0.47; claiming I'm going, staying home."
48,23,MACHIAVELLIAN,57.91,0.833,neural_forecaster,0.0353,0.1126,0.8474,0.0047,false_go,going,home,False,True,True,0.3,envy,0.138,0.5,0.5,"Told the town going; town says 47% going. Forecast 58 vs line 60; Q go -0.18 / stay +0.58; claiming I'm going, staying home."
48,24,MACHIAVELLIAN,56.87,0.827,neural_forecaster,0.0136,0.0267,0.0004,0.9594,false_stay,staying,bar,True,True,False,1.0,pride,0.009,0.5,0.5,"Told the town staying; town says 47% going. Forecast 57 vs line 60; Q go +0.98 / stay +0.55; claiming I'm staying, going anyway."
48,25,CAUTIOUS,58.17,0.798,neural_forecaster,0.0,0.9903,0.0048,0.0049,honest_stay,staying,home,False,False,True,0.3,envy,0.326,0.5,0.5,"Told the town staying; town says 47% going. Forecast 58 vs line 60; Q go -0.00 / stay +0.95; staying home, and saying so."
48,26,MACHIAVELLIAN,56.86,0.819,neural_forecaster,0.0195,0.0135,0.9667,0.0003,false_go,going,home,False,True,False,0.3,envy,0.658,0.5,0.5,"Told the town going; town says 47% going. Forecast 57 vs line 60; Q go +1.29 / stay +1.62; claiming I'm going, staying home."
48,27,GAMBLER,55.64,0.812,neural_forecaster,0.9335,0.0004,0.0596,0.0065,honest_go,going,bar,True,False,True,1.0,pride,0.145,0.5,0.5,"Told the town going; town says 47% going. Forecast 56 vs line 60; Q go +1.29 / stay +0.85; going, and saying so."
48,28,MACHIAVELLIAN,49.53,0.809,neural_forecaster,0.0097,0.0456,0.0005,0.9442,false_stay,staying,bar,True,True,True,1.0,pride,0.302,0.5,0.5,"Told the town staying; town says 47% going. Forecast 50 vs line 60; Q go +1.60 / stay +0.78; claiming I'm staying, going anyway."
48,29,MACHIAVELLIAN,54.93,0.806,neural_forecaster,0.0079,0.2903,0.0033,0.6985,false_stay,staying,bar,True,True,True,1.0,pride,0.214,0.5,0.5,"Told the town staying; town says 47% going. Forecast 55 vs line 60; Q go +0.57 / stay +0.41; claiming I'm staying, going anyway."
48,30,MACHIAVELLIAN,63.43,0.795,neural_forecaster,0.0168,0.0095,0.9736,0.0002,false_go,going,home,False,True,True,0.3,envy,0.22,0.5,0.5,"Told the town going; town says 47% going. Forecast 63 vs line 60; Q go +0.15 / stay +0.74; claiming I'm going, staying home."
48,31,GAMBLER,52.71,0.825,neural_forecaster,0.9662,0.0002,0.0256,0.008,honest_go,going,bar,True,False,False,1.0,pride,0.052,0.5,0.5,"Told the town going; town says 47% going. Forecast 53 vs line 60; Q go +1.10 / stay +0.54; going, and saying so."
48,32,CAUTIOUS,66.01,0.829,neural_forecaster,0.0003,0.9684,0.0156,0.0158,honest_stay,staying,home,False,False,True,0.3,envy,0.139,0.5,0.5,"Told the town staying; town says 47% going. Forecast 66 vs line 60; Q go +0.08 / stay +0.58; staying home, and saying so."
48,33,GAMBLER,46.78,0.781,neural_forecaster,0.7489,0.0053,0.0174,0.2284,honest_go,going,bar,True,False,False,1.0,pride,0.507,0.5,0.5,"Told the town going; town says 47% going. Forecast 47 vs line 60; Q go +2.01 / stay +1.08; going, and saying so."
48,34,CAUTIOUS,63.2,0.756,neural_forecaster,0.1106,0.4177,0.3327,0.1389,honest_stay,staying,home,False,False,False,0.3,envy,0.045,0.5,0.5,"Told the town staying; town says 47% going. Forecast 63 vs line 60; Q go +0.20 / stay +0.39; staying home, and saying so."
48,35,PRAGMATIST,60.02,0.806,neural_forecaster,0.0022,0.6005,0.0034,0.3939,honest_stay,staying,home,False,False,False,0.3,envy,0.163,0.5,0.5,"Told the town staying; town says 47% going. Forecast 60 vs line 60; Q go +0.59 / stay +0.63; staying home, and saying so."
48,36,MACHIAVELLIAN,57.41,0.823,neural_forecaster,0.0294,0.0161,0.954,0.0005,false_go,going,home,False,True,True,0.3,envy,0.178,0.5,0.5,"Told the town going; town says 47% going. Forecast 57 vs line 60; Q go +0.09 / stay +0.66; claiming I'm going, staying home."
48,37,CAUTIOUS,66.39,0.808,neural_forecaster,0.0026,0.6684,0.3236,0.0054,honest_stay,staying,home,False,False,True,0.3,envy,0.153,0.5,0.5,"Told the town staying; town says 47% going. Forecast 66 vs line 60; Q go -0.55 / stay +0.61; staying home, and saying so."
48,38,PRAGMATIST,62.49,0.845,neural_forecaster,0.0069,0.517,0.0076,0.4686,honest_stay,staying,bar,True,True,True,1.0,pride,0.585,0.5,0.5,"Told the town staying; town says 47% going. Forecast 62 vs line 60; Q go +2.17 / stay +2.19; claiming I'm staying, going anyway."
48,39,PRAGMATIST,61.24,0.785,neural_forecaster,0.0047,0.5855,0.0069,0.4029,honest_stay,staying,bar,True,True,True,1.0,pride,0.154,0.5,0.5,"Told the town staying; town says 47% going. Forecast 61 vs line 60; Q go +1.31 / stay +1.34; claiming I'm staying, going anyway."
48,40,MACHIAVELLIAN,57.86,0.802,neural_forecaster,0.0168,0.0177,0.0003,0.9652,false_stay,staying,bar,True,True,True,1.0,pride,0.146,0.5,0.5,"Told the town staying; town says 47% going. Forecast 58 vs line 60; Q go +0.71 / stay +0.34; claiming I'm staying, going anyway."
48,41,STRAIGHT SHOOTER,52.01,0.864,neural_forecaster,0.0023,0.8112,0.0107,0.1758,honest_stay,staying,bar,True,True,True,1.0,pride,0.188,0.5,0.5,"Told the town staying; town says 47% going. Forecast 52 vs line 60; Q go +0.62 / stay +0.87; claiming I'm staying, going anyway."
48,42,MACHIAVELLIAN,67.98,0.747,neural_forecaster,0.0108,0.1323,0.8552,0.0017,false_go,going,home,False,True,True,0.3,envy,0.193,0.5,0.5,"Told the town going; town says 47% going. Forecast 68 vs line 60; Q go +0.14 / stay +0.69; claiming I'm going, staying home."
48,43,STRAIGHT SHOOTER,51.83,0.812,neural_forecaster,0.9269,0.0009,0.0141,0.0581,honest_go,going,bar,True,False,True,1.0,pride,0.586,0.5,0.5,"Told the town going; town says 47% going. Forecast 52 vs line 60; Q go +2.17 / stay +1.19; going, and saying so."
48,44,CAUTIOUS,61.72,0.79,neural_forecaster,0.0006,0.9379,0.0511,0.0104,honest_stay,staying,home,False,False,True,0.3,envy,0.419,0.5,0.5,"Told the town staying; town says 47% going. Forecast 62 vs line 60; Q go +0.34 / stay +1.14; staying home, and saying so."
48,45,MACHIAVELLIAN,58.25,0.785,neural_forecaster,0.0306,0.0158,0.0005,0.9531,false_stay,staying,bar,True,True,False,1.0,pride,0.021,0.5,0.5,"Told the town staying; town says 47% going. Forecast 58 vs line 60; Q go +1.04 / stay +0.09; claiming I'm staying, going anyway."
48,46,MACHIAVELLIAN,52.32,0.815,neural_forecaster,0.4349,0.0073,0.0057,0.5521,false_stay,staying,bar,True,True,False,1.0,pride,0.436,0.5,0.5,"Told the town staying; town says 47% going. Forecast 52 vs line 60; Q go +1.87 / stay +1.16; claiming I'm staying, going anyway."
48,47,MACHIAVELLIAN,58.58,0.868,neural_forecaster,0.0984,0.2156,0.6536,0.0325,false_go,going,home,False,True,True,0.3,envy,0.156,0.5,0.5,"Told the town going; town says 47% going. Forecast 59 vs line 60; Q go +0.27 / stay +0.61; claiming I'm going, staying home."
48,48,MACHIAVELLIAN,59.69,0.807,neural_forecaster,0.0949,0.0229,0.8797,0.0025,false_go,going,home,False,True,False,0.3,envy,0.302,0.5,0.5,"Told the town going; town says 47% going. Forecast 60 vs line 60; Q go +0.32 / stay +0.90; claiming I'm going, staying home."
48,49,MACHIAVELLIAN,54.09,0.83,neural_forecaster,0.3216,0.0597,0.5859,0.0328,false_go,going,home,False,True,False,0.3,envy,0.131,0.5,0.5,"Told the town going; town says 47% going. Forecast 54 vs line 60; Q go +0.42 / stay +0.56; claiming I'm going, staying home."
48,50,GAMBLER,47.12,0.842,neural_forecaster,0.8866,0.0031,0.0718,0.0385,honest_go,going,bar,True,False,False,1.0,pride,0.627,0.5,0.5,"Told the town going; town says 47% going. Forecast 47 vs line 60; Q go +2.25 / stay +1.59; going, and saying so."
48,51,MACHIAVELLIAN,50.27,0.819,neural_forecaster,0.0187,0.031,0.0006,0.9497,false_stay,staying,bar,True,True,True,1.0,pride,0.1,0.5,0.5,"Told the town staying; town says 47% going. Forecast 50 vs line 60; Q go +0.80 / stay +0.50; claiming I'm staying, going anyway."
48,52,CAUTIOUS,58.64,0.824,neural_forecaster,0.0005,0.9539,0.0181,0.0275,honest_stay,going,home,False,True,True,0.3,envy,0.668,0.5,0.5,"Told the town going; town says 47% going. Forecast 59 vs line 60; Q go +0.95 / stay +1.64; claiming I'm going, staying home."
48,53,CAUTIOUS,62.03,0.81,neural_forecaster,0.0016,0.8063,0.0071,0.185,honest_stay,staying,home,False,False,True,0.3,envy,0.262,0.5,0.5,"Told the town staying; town says 47% going. Forecast 62 vs line 60; Q go +0.59 / stay +0.82; staying home, and saying so."
48,54,MACHIAVELLIAN,54.74,0.844,neural_forecaster,0.2862,0.0206,0.0086,0.6846,false_stay,staying,bar,True,True,True,1.0,pride,0.32,0.5,0.5,"Told the town staying; town says 47% going. Forecast 55 vs line 60; Q go +0.36 / stay +0.07; claiming I'm staying, going anyway."
48,55,PRAGMATIST,51.38,0.861,neural_forecaster,0.5559,0.0084,0.4248,0.0109,honest_go,going,bar,True,False,True,1.0,pride,0.18,0.5,0.5,"Told the town going; town says 47% going. Forecast 51 vs line 60; Q go +1.36 / stay +1.32; going, and saying so."
48,56,GAMBLER,52.04,0.805,neural_forecaster,0.9704,0.0002,0.0144,0.015,honest_go,going,bar,True,False,True,1.0,pride,0.419,0.5,0.5,"Told the town going; town says 47% going. Forecast 52 vs line 60; Q go +1.84 / stay +1.10; going, and saying so."
48,57,MACHIAVELLIAN,50.26,0.791,neural_forecaster,0.0799,0.1093,0.0109,0.7999,false_stay,staying,bar,True,True,True,1.0,pride,0.129,0.5,0.5,"Told the town staying; town says 47% going. Forecast 50 vs line 60; Q go +0.74 / stay +0.52; claiming I'm staying, going anyway."
48,58,CAUTIOUS,56.9,0.777,neural_forecaster,0.0143,0.6793,0.036,0.2704,honest_stay,staying,home,False,False,False,0.3,envy,0.096,0.5,0.5,"Told the town staying; town says 47% going. Forecast 57 vs line 60; Q go +0.27 / stay +0.49; staying home, and saying so."
48,59,MACHIAVELLIAN,63.07,0.779,neural_forecaster,0.1193,0.0509,0.8225,0.0074,false_go,going,home,False,True,True,0.3,envy,0.352,0.5,0.5,"Told the town going; town says 47% going. Forecast 63 vs line 60; Q go +0.78 / stay +1.00; claiming I'm going, staying home."
48,60,GAMBLER,55.74,0.833,neural_forecaster,0.6823,0.0048,0.3021,0.0108,honest_go,going,home,False,True,False,0.3,envy,0.208,0.5,0.5,"Told the town going; town says 47% going. Forecast 56 vs line 60; Q go +0.87 / stay +0.72; claiming I'm going, staying home."
48,61,MACHIAVELLIAN,63.36,0.795,neural_forecaster,0.0028,0.2965,0.6994,0.0012,false_go,staying,home,False,False,True,0.3,envy,0.086,0.5,0.5,"Told the town staying; town says 47% going. Forecast 63 vs line 60; Q go -1.59 / stay +0.47; staying home, and saying so."
48,62,MACHIAVELLIAN,58.0,0.835,neural_forecaster,0.3576,0.1394,0.1357,0.3673,false_stay,going,home,False,True,True,0.3,envy,0.042,0.5,0.5,"Told the town going; town says 47% going. Forecast 58 vs line 60; Q go +0.57 / stay +0.38; claiming I'm going, staying home."
48,63,CAUTIOUS,61.54,0.753,neural_forecaster,0.0,0.9901,0.005,0.005,honest_stay,staying,home,False,False,False,0.3,envy,0.045,0.5,0.5,"Told the town staying; town says 47% going. Forecast 62 vs line 60; Q go -0.38 / stay +0.39; staying home, and saying so."
48,64,CAUTIOUS,55.96,0.785,neural_forecaster,0.0007,0.9281,0.0111,0.06,honest_stay,staying,home,False,False,True,0.3,envy,0.163,0.5,0.5,"Told the town staying; town says 47% going. Forecast 56 vs line 60; Q go +0.20 / stay +0.63; staying home, and saying so."
48,65,CAUTIOUS,58.48,0.815,neural_forecaster,0.0008,0.8547,0.0051,0.1394,honest_stay,staying,bar,True,True,True,1.0,pride,0.333,0.5,0.5,"Told the town staying; town says 47% going. Forecast 58 vs line 60; Q go +0.33 / stay +0.48; claiming I'm staying, going anyway."
48,66,CAUTIOUS,54.22,0.821,neural_forecaster,0.0437,0.6183,0.2081,0.1299,honest_stay,staying,home,False,False,False,0.3,envy,0.055,0.5,0.5,"Told the town staying; town says 47% going. Forecast 54 vs line 60; Q go +0.27 / stay +0.41; staying home, and saying so."
48,67,MACHIAVELLIAN,60.09,0.807,neural_forecaster,0.0048,0.4872,0.0047,0.5034,false_stay,going,bar,True,False,True,1.0,pride,0.057,0.5,0.5,"Told the town going; town says 47% going. Forecast 60 vs line 60; Q go +1.11 / stay +1.11; going, and saying so."
48,68,CAUTIOUS,57.68,0.83,neural_forecaster,0.0166,0.7494,0.1523,0.0817,honest_stay,staying,home,False,False,False,0.3,envy,0.23,0.5,0.5,"Told the town staying; town says 47% going. Forecast 58 vs line 60; Q go +0.35 / stay +0.76; staying home, and saying so."
48,69,MACHIAVELLIAN,57.69,0.847,neural_forecaster,0.0312,0.0712,0.8951,0.0025,false_go,going,home,False,True,True,0.3,envy,0.558,0.5,0.5,"Told the town going; town says 47% going. Forecast 58 vs line 60; Q go +0.46 / stay +1.42; claiming I'm going, staying home."
48,70,GAMBLER,55.07,0.816,neural_forecaster,0.6342,0.0388,0.1177,0.2093,honest_go,going,bar,True,False,False,1.0,pride,0.081,0.5,0.5,"Told the town going; town says 47% going. Forecast 55 vs line 60; Q go +0.84 / stay +0.47; going, and saying so."
48,71,PRAGMATIST,50.73,0.827,neural_forecaster,0.0091,0.5102,0.0099,0.4709,honest_stay,staying,bar,True,True,False,1.0,pride,0.501,0.5,0.5,"Told the town staying; town says 47% going. Forecast 51 vs line 60; Q go +2.00 / stay +2.02; claiming I'm staying, going anyway."
48,72,GAMBLER,52.49,0.867,neural_forecaster,0.9742,0.0001,0.0201,0.0056,honest_go,going,bar,True,False,False,1.0,pride,0.113,0.5,0.5,"Told the town going; town says 47% going. Forecast 52 vs line 60; Q go +0.77 / stay +0.43; going, and saying so."
48,73,MACHIAVELLIAN,54.73,0.799,neural_forecaster,0.0106,0.0264,0.0003,0.9628,false_stay,staying,bar,True,True,True,1.0,pride,0.566,0.5,0.5,"Told the town staying; town says 47% going. Forecast 55 vs line 60; Q go +2.13 / stay +1.73; claiming I'm staying, going anyway."
48,74,GAMBLER,46.81,0.838,neural_forecaster,0.9779,0.0001,0.011,0.011,honest_go,going,bar,True,False,True,1.0,pride,0.473,0.5,0.5,"Told the town going; town says 47% going. Forecast 47 vs line 60; Q go +1.95 / stay +0.67; going, and saying so."
48,75,CAUTIOUS,56.84,0.791,neural_forecaster,0.0,0.9906,0.0045,0.0048,honest_stay,staying,home,False,False,False,0.3,envy,0.085,0.5,0.5,"Told the town staying; town says 47% going. Forecast 57 vs line 60; Q go -0.47 / stay +0.13; staying home, and saying so."
48,76,MACHIAVELLIAN,56.09,0.827,neural_forecaster,0.0138,0.0139,0.0002,0.972,false_stay,staying,bar,True,True,False,1.0,pride,0.587,0.5,0.5,"Told the town staying; town says 47% going. Forecast 56 vs line 60; Q go +2.17 / stay +1.38; claiming I'm staying, going anyway."
48,77,MACHIAVELLIAN,53.08,0.842,neural_forecaster,0.0079,0.2712,0.003,0.718,false_stay,staying,home,False,False,False,0.3,envy,0.288,0.5,0.5,"Told the town staying; town says 47% going. Forecast 53 vs line 60; Q go +1.11 / stay +0.88; staying home, and saying so."
48,78,MACHIAVELLIAN,56.6,0.823,neural_forecaster,0.0814,0.3368,0.0517,0.5302,false_stay,staying,bar,True,True,True,1.0,pride,0.137,0.5,0.5,"Told the town staying; town says 47% going. Forecast 57 vs line 60; Q go +1.27 / stay +1.18; claiming I'm staying, going anyway."
48,79,GAMBLER,51.11,0.842,neural_forecaster,0.9211,0.0015,0.0302,0.0471,honest_go,going,bar,True,False,True,1.0,pride,0.195,0.5,0.5,"Told the town going; town says 47% going. Forecast 51 vs line 60; Q go +1.39 / stay +0.60; going, and saying so."
48,80,MACHIAVELLIAN,54.75,0.827,neural_forecaster,0.0071,0.0054,0.9875,0.0,false_go,going,home,False,True,True,0.3,envy,0.0,0.5,0.5,"Told the town going; town says 47% going. Forecast 55 vs line 60; Q go -0.27 / stay +0.30; claiming I'm going, staying home."
48,81,MACHIAVELLIAN,47.98,0.81,neural_forecaster,0.2259,0.2271,0.1203,0.4267,false_stay,staying,home,False,False,True,0.3,envy,0.307,0.5,0.5,"Told the town staying; town says 47% going. Forecast 48 vs line 60; Q go +1.04 / stay +0.91; staying home, and saying so."
48,82,CAUTIOUS,67.96,0.842,neural_forecaster,0.0003,0.9651,0.0128,0.0218,honest_stay,staying,home,False,False,True,0.3,envy,0.177,0.5,0.5,"Told the town staying; town says 47% going. Forecast 68 vs line 60; Q go +0.02 / stay +0.65; staying home, and saying so."
48,83,CAUTIOUS,56.43,0.843,neural_forecaster,0.0001,0.9754,0.0073,0.0172,honest_stay,staying,home,False,False,False,0.3,envy,0.2,0.5,0.5,"Told the town staying; town says 47% going. Forecast 56 vs line 60; Q go +0.11 / stay +0.70; staying home, and saying so."
48,84,MACHIAVELLIAN,53.1,0.832,neural_forecaster,0.3012,0.0288,0.0132,0.6568,false_stay,going,bar,True,False,False,1.0,pride,0.599,0.5,0.5,"Told the town going; town says 47% going. Forecast 53 vs line 60; Q go +2.20 / stay +1.40; going, and saying so."
48,85,MACHIAVELLIAN,61.91,0.807,neural_forecaster,0.1556,0.0047,0.8388,0.0009,false_go,going,home,False,True,False,0.3,envy,0.099,0.5,0.5,"Told the town going; town says 47% going. Forecast 62 vs line 60; Q go +0.22 / stay +0.50; claiming I'm going, staying home."
48,86,GAMBLER,58.75,0.782,neural_forecaster,0.5975,0.0303,0.0575,0.3146,honest_go,staying,bar,True,True,True,1.0,pride,0.488,0.5,0.5,"Told the town staying; town says 47% going. Forecast 59 vs line 60; Q go +1.98 / stay +1.77; claiming I'm staying, going anyway."
48,87,GAMBLER,58.0,0.828,neural_forecaster,0.6936,0.0201,0.0624,0.2238,honest_go,going,bar,True,False,False,1.0,pride,0.191,0.5,0.5,"Told the town going; town says 47% going. Forecast 58 vs line 60; Q go +1.38 / stay +0.90; going, and saying so."
48,88,MACHIAVELLIAN,48.63,0.824,neural_forecaster,0.2809,0.1682,0.1062,0.4447,false_stay,going,home,False,True,False,0.3,envy,0.503,0.5,0.5,"Told the town going; town says 47% going. Forecast 49 vs line 60; Q go +1.56 / stay +1.31; claiming I'm going, staying home."
48,89,CAUTIOUS,58.34,0.784,neural_forecaster,0.0086,0.8199,0.0675,0.104,honest_stay,staying,home,False,False,False,0.3,envy,0.034,0.5,0.5,"Told the town staying; town says 47% going. Forecast 58 vs line 60; Q go +0.12 / stay +0.37; staying home, and saying so."
48,90,GAMBLER,57.38,0.751,neural_forecaster,0.7572,0.0157,0.082,0.1452,honest_go,going,bar,True,False,True,1.0,pride,0.082,0.5,0.5,"Told the town going; town says 47% going. Forecast 57 vs line 60; Q go +1.16 / stay +0.60; going, and saying so."
48,91,GAMBLER,56.75,0.823,neural_forecaster,0.6578,0.0037,0.3312,0.0073,honest_go,going,bar,True,False,False,1.0,pride,0.09,0.5,0.5,"Told the town going; town says 47% going. Forecast 57 vs line 60; Q go +0.82 / stay +0.67; going, and saying so."
48,92,MACHIAVELLIAN,52.57,0.839,neural_forecaster,0.0162,0.016,0.9676,0.0003,false_go,going,home,False,True,False,0.3,envy,0.534,0.5,0.5,"Told the town going; town says 47% going. Forecast 53 vs line 60; Q go +0.69 / stay +1.37; claiming I'm going, staying home."
48,93,PRAGMATIST,49.3,0.88,neural_forecaster,0.5597,0.0223,0.3856,0.0324,honest_go,going,home,False,True,True,0.3,envy,0.464,0.5,0.5,"Told the town going; town says 47% going. Forecast 49 vs line 60; Q go +1.32 / stay +1.23; claiming I'm going, staying home."
48,94,CAUTIOUS,60.34,0.827,neural_forecaster,0.0002,0.9706,0.0143,0.0149,honest_stay,staying,home,False,False,True,0.3,envy,0.433,0.5,0.5,"Told the town staying; town says 47% going. Forecast 60 vs line 60; Q go +0.09 / stay +1.17; staying home, and saying so."
48,95,GAMBLER,52.85,0.86,neural_forecaster,0.725,0.0014,0.2698,0.0038,honest_go,going,bar,True,False,True,1.0,pride,0.061,0.5,0.5,"Told the town going; town says 47% going. Forecast 53 vs line 60; Q go +0.88 / stay +0.76; going, and saying so."
48,96,MACHIAVELLIAN,49.94,0.843,neural_forecaster,0.0064,0.3744,0.0039,0.6153,false_stay,staying,home,False,False,True,0.3,envy,0.237,0.5,0.5,"Told the town staying; town says 47% going. Forecast 50 vs line 60; Q go +0.90 / stay +0.77; staying home, and saying so."
48,97,MACHIAVELLIAN,58.54,0.76,neural_forecaster,0.0161,0.0271,0.0005,0.9563,false_stay,staying,bar,True,True,False,1.0,pride,1.0,0.5,0.5,"Told the town staying; town says 47% going. Forecast 59 vs line 60; Q go +3.61 / stay +2.75; claiming I'm staying, going anyway."
48,98,MACHIAVELLIAN,60.98,0.748,neural_forecaster,0.0157,0.0171,0.967,0.0003,false_go,going,home,False,True,False,0.3,envy,0.068,0.5,0.5,"Told the town going; town says 47% going. Forecast 61 vs line 60; Q go -0.83 / stay +0.44; claiming I'm going, staying home."
48,99,PRAGMATIST,49.11,0.798,neural_forecaster,0.0052,0.6249,0.0089,0.361,honest_stay,staying,home,False,False,False,0.3,envy,0.454,0.5,0.5,"Told the town staying; town says 47% going. Forecast 49 vs line 60; Q go +1.15 / stay +1.21; staying home, and saying so."
48,100,CAUTIOUS,68.65,0.786,neural_forecaster,0.0043,0.7286,0.2548,0.0123,honest_stay,staying,home,False,False,True,0.3,envy,0.025,0.5,0.5,"Told the town staying; town says 47% going. Forecast 69 vs line 60; Q go -1.22 / stay +0.25; staying home, and saying so."
49,1,CAUTIOUS,65.15,0.823,neural_forecaster,0.0019,0.8921,0.0866,0.0194,honest_stay,staying,home,False,False,True,0.3,envy,0.357,0.5,0.5,"Told the town staying; town says 53% going. Forecast 65 vs line 60; Q go +0.46 / stay +1.01; staying home, and saying so."
49,2,MACHIAVELLIAN,65.8,0.761,neural_forecaster,0.0063,0.2461,0.7456,0.0021,false_go,going,home,False,True,True,0.3,envy,0.22,0.5,0.5,"Told the town going; town says 53% going. Forecast 66 vs line 60; Q go -0.86 / stay +0.74; claiming I'm going, staying home."
49,3,MACHIAVELLIAN,58.25,0.782,neural_forecaster,0.0211,0.4308,0.531,0.0171,false_go,staying,home,False,False,False,0.3,envy,0.512,0.5,0.5,"Told the town staying; town says 53% going. Forecast 58 vs line 60; Q go +0.71 / stay +1.32; staying home, and saying so."
49,4,MACHIAVELLIAN,52.19,0.79,neural_forecaster,0.0154,0.2038,0.004,0.7769,false_stay,staying,bar,True,True,True,1.0,pride,0.177,0.5,0.5,"Told the town staying; town says 53% going. Forecast 52 vs line 60; Q go +1.35 / stay +1.14; claiming I'm staying, going anyway."
49,5,CAUTIOUS,56.21,0.822,neural_forecaster,0.0005,0.9371,0.0545,0.0079,honest_stay,staying,home,False,False,True,0.3,envy,0.283,0.5,0.5,"Told the town staying; town says 53% going. Forecast 56 vs line 60; Q go -0.06 / stay +0.87; staying home, and saying so."
49,6,GAMBLER,53.05,0.836,neural_forecaster,0.5004,0.0856,0.2102,0.2038,honest_go,going,home,False,True,True,0.3,envy,0.575,0.5,0.5,"Told the town going; town says 53% going. Forecast 53 vs line 60; Q go +1.61 / stay +1.45; claiming I'm going, staying home."
49,7,CAUTIOUS,59.22,0.763,neural_forecaster,0.0294,0.6161,0.0619,0.2926,honest_stay,staying,bar,True,True,False,1.0,pride,0.162,0.5,0.5,"Told the town staying; town says 53% going. Forecast 59 vs line 60; Q go +0.68 / stay +0.72; claiming I'm staying, going anyway."
49,8,MACHIAVELLIAN,59.2,0.763,neural_forecaster,0.0086,0.4439,0.007,0.5405,false_stay,staying,home,False,False,True,0.3,envy,0.182,0.5,0.5,"Told the town staying; town says 53% going. Forecast 59 vs line 60; Q go +0.70 / stay +0.66; staying home, and saying so."
49,9,MACHIAVELLIAN,50.27,0.803,neural_forecaster,0.0066,0.0173,0.0001,0.976,false_stay,staying,bar,True,True,False,1.0,pride,0.172,0.5,0.5,"Told the town staying; town says 53% going. Forecast 50 vs line 60; Q go +1.34 / stay +0.41; claiming I'm staying, going anyway."
49,10,CAUTIOUS,64.9,0.751,neural_forecaster,0.0002,0.9737,0.013,0.0131,honest_stay,staying,home,False,False,False,0.3,envy,0.351,0.5,0.5,"Told the town staying; town says 53% going. Forecast 65 vs line 60; Q go -0.15 / stay +1.00; staying home, and saying so."
49,11,STRAIGHT SHOOTER,51.46,0.811,neural_forecaster,0.9085,0.0011,0.0769,0.0134,honest_go,going,bar,True,False,True,1.0,pride,0.183,0.5,0.5,"Told the town going; town says 53% going. Forecast 51 vs line 60; Q go +1.37 / stay +0.80; going, and saying so."
49,12,MACHIAVELLIAN,55.38,0.832,neural_forecaster,0.4714,0.0262,0.4764,0.026,false_go,going,home,False,True,True,0.3,envy,0.314,0.5,0.5,"Told the town going; town says 53% going. Forecast 55 vs line 60; Q go +0.92 / stay +0.93; claiming I'm going, staying home."
49,13,MACHIAVELLIAN,52.78,0.855,neural_forecaster,0.0114,0.2685,0.0043,0.7159,false_stay,staying,bar,True,True,False,1.0,pride,0.035,0.5,0.5,"Told the town staying; town says 53% going. Forecast 53 vs line 60; Q go +1.07 / stay +0.82; claiming I'm staying, going anyway."
49,14,MACHIAVELLIAN,62.25,0.808,neural_forecaster,0.0272,0.0163,0.956,0.0005,false_go,going,home,False,True,True,0.3,envy,0.376,0.5,0.5,"Told the town going; town says 53% going. Forecast 62 vs line 60; Q go +0.36 / stay +1.05; claiming I'm going, staying home."
49,15,CAUTIOUS,52.47,0.848,neural_forecaster,0.0001,0.983,0.0071,0.0098,honest_stay,staying,home,False,False,True,0.3,envy,0.473,0.5,0.5,"Told the town staying; town says 53% going. Forecast 52 vs line 60; Q go +0.72 / stay +1.25; staying home, and saying so."
49,16,GAMBLER,45.87,0.816,neural_forecaster,0.9565,0.0004,0.0113,0.0318,honest_go,going,bar,True,False,True,1.0,pride,0.517,0.5,0.5,"Told the town going; town says 53% going. Forecast 46 vs line 60; Q go +2.03 / stay +0.40; going, and saying so."
49,17,GAMBLER,51.35,0.837,neural_forecaster,0.9883,0.0,0.0058,0.0058,honest_go,going,bar,True,False,False,1.0,pride,0.033,0.5,0.5,"Told the town going; town says 53% going. Forecast 51 vs line 60; Q go +1.07 / stay +0.35; going, and saying so."
49,18,MACHIAVELLIAN,56.72,0.802,neural_forecaster,0.2485,0.045,0.6903,0.0162,false_go,going,home,False,True,True,0.3,envy,0.128,0.5,0.5,"Told the town going; town says 53% going. Forecast 57 vs line 60; Q go +0.38 / stay +0.56; claiming I'm going, staying home."
49,19,MACHIAVELLIAN,71.79,0.764,neural_forecaster,0.0073,0.0063,0.9864,0.0,false_go,going,home,False,True,False,0.3,envy,0.15,0.5,0.5,"Told the town going; town says 53% going. Forecast 72 vs line 60; Q go +0.07 / stay +0.60; claiming I'm going, staying home."
49,20,MACHIAVELLIAN,66.37,0.751,neural_forecaster,0.0189,0.1701,0.807,0.004,false_go,going,home,False,True,False,0.3,envy,0.061,0.5,0.5,"Told the town going; town says 53% going. Forecast 66 vs line 60; Q go -0.77 / stay +0.42; claiming I'm going, staying home."
49,21,MACHIAVELLIAN,53.05,0.862,neural_forecaster,0.0279,0.4142,0.5364,0.0216,false_go,staying,home,False,False,True,0.3,envy,0.356,0.5,0.5,"Told the town staying; town says 53% going. Forecast 53 vs line 60; Q go +0.54 / stay +1.01; staying home, and saying so."
49,22,MACHIAVELLIAN,50.96,0.861,neural_forecaster,0.0343,0.3673,0.5765,0.0219,false_go,going,home,False,True,False,0.3,envy,0.086,0.5,0.5,"Told the town going; town says 53% going. Forecast 51 vs line 60; Q go -0.03 / stay +0.47; claiming I'm going, staying home."
49,23,GAMBLER,60.41,0.801,neural_forecaster,0.6315,0.039,0.2144,0.115,honest_go,staying,bar,True,True,True,1.0,pride,0.019,0.5,0.5,"Told the town staying; town says 53% going. Forecast 60 vs line 60; Q go +0.96 / stay +0.74; claiming I'm staying, going anyway."
49,24,STRAIGHT SHOOTER,67.85,0.766,neural_forecaster,0.0002,0.9726,0.0133,0.0139,honest_stay,staying,home,False,False,True,0.3,envy,0.016,0.5,0.5,"Told the town staying; town says 53% going. Forecast 68 vs line 60; Q go -0.38 / stay +0.33; staying home, and saying so."
49,25,MACHIAVELLIAN,51.27,0.809,neural_forecaster,0.0047,0.0054,0.0,0.9898,false_stay,staying,bar,True,True,True,1.0,pride,0.468,0.5,0.5,"Told the town staying; town says 53% going. Forecast 51 vs line 60; Q go +1.94 / stay +1.36; claiming I'm staying, going anyway."
49,26,GAMBLER,58.69,0.796,neural_forecaster,0.9512,0.0003,0.0418,0.0067,honest_go,going,bar,True,False,True,1.0,pride,0.416,0.5,0.5,"Told the town going; town says 53% going. Forecast 59 vs line 60; Q go +1.83 / stay +1.59; going, and saying so."
49,27,GAMBLER,60.15,0.785,neural_forecaster,0.6335,0.0389,0.1172,0.2104,honest_go,going,bar,True,False,False,1.0,pride,0.061,0.5,0.5,"Told the town going; town says 53% going. Forecast 60 vs line 60; Q go +1.12 / stay +0.87; going, and saying so."
49,28,CAUTIOUS,55.52,0.801,neural_forecaster,0.0002,0.9738,0.0124,0.0135,honest_stay,staying,home,False,False,True,0.3,envy,0.23,0.5,0.5,"Told the town staying; town says 53% going. Forecast 56 vs line 60; Q go -0.53 / stay +0.76; staying home, and saying so."
49,29,MACHIAVELLIAN,64.25,0.764,neural_forecaster,0.0247,0.0075,0.9676,0.0002,false_go,going,bar,True,False,False,1.0,pride,0.579,0.5,0.5,"Told the town going; town says 53% going. Forecast 64 vs line 60; Q go -0.16 / stay +0.54; going, and saying so."
49,30,GAMBLER,55.11,0.792,neural_forecaster,0.8185,0.0019,0.0093,0.1703,honest_go,going,bar,True,False,True,1.0,pride,0.299,0.5,0.5,"Told the town going; town says 53% going. Forecast 55 vs line 60; Q go +1.60 / stay +0.91; going, and saying so."
49,31,MACHIAVELLIAN,57.55,0.806,neural_forecaster,0.0086,0.0087,0.9827,0.0001,false_go,going,home,False,True,True,0.3,envy,0.0,0.5,0.5,"Told the town going; town says 53% going. Forecast 58 vs line 60; Q go -0.69 / stay +0.30; claiming I'm going, staying home."
49,32,MACHIAVELLIAN,62.37,0.79,neural_forecaster,0.1223,0.0135,0.0019,0.8623,false_stay,staying,bar,True,True,True,1.0,pride,0.167,0.5,0.5,"Told the town staying; town says 53% going. Forecast 62 vs line 60; Q go +0.67 / stay +0.15; claiming I'm staying, going anyway."
49,33,MACHIAVELLIAN,51.54,0.795,neural_forecaster,0.0206,0.2189,0.006,0.7545,false_stay,staying,bar,True,True,False,1.0,pride,0.073,0.5,0.5,"Told the town staying; town says 53% going. Forecast 52 vs line 60; Q go +0.85 / stay +0.60; claiming I'm staying, going anyway."
49,34,MACHIAVELLIAN,46.27,0.796,neural_forecaster,0.4721,0.0056,0.0051,0.5173,false_stay,staying,bar,True,True,True,1.0,pride,0.408,0.5,0.5,"Told the town staying; town says 53% going. Forecast 46 vs line 60; Q go +1.82 / stay +0.65; claiming I'm staying, going anyway."
49,35,MACHIAVELLIAN,55.33,0.8,neural_forecaster,0.3315,0.0185,0.6404,0.0096,false_go,going,home,False,True,False,0.3,envy,0.142,0.5,0.5,"Told the town going; town says 53% going. Forecast 55 vs line 60; Q go +0.53 / stay +0.58; claiming I'm going, staying home."
49,36,GAMBLER,45.72,0.852,neural_forecaster,0.497,0.0081,0.0082,0.4867,honest_go,going,bar,True,False,True,1.0,pride,0.3,0.5,0.5,"Told the town going; town says 53% going. Forecast 46 vs line 60; Q go +1.60 / stay +0.58; going, and saying so."
49,37,MACHIAVELLIAN,53.79,0.807,neural_forecaster,0.0275,0.0075,0.9647,0.0002,false_go,going,home,False,True,False,0.3,envy,0.459,0.5,0.5,"Told the town going; town says 53% going. Forecast 54 vs line 60; Q go +0.99 / stay +1.22; claiming I'm going, staying home."
49,38,MACHIAVELLIAN,53.96,0.836,neural_forecaster,0.0331,0.3017,0.0154,0.6497,false_stay,staying,bar,True,True,False,1.0,pride,0.448,0.5,0.5,"Told the town staying; town says 53% going. Forecast 54 vs line 60; Q go +1.90 / stay +1.71; claiming I'm staying, going anyway."
49,39,MACHIAVELLIAN,64.59,0.746,neural_forecaster,0.0066,0.409,0.0047,0.5797,false_stay,staying,bar,True,True,False,1.0,pride,0.124,0.5,0.5,"Told the town staying; town says 53% going. Forecast 65 vs line 60; Q go +1.25 / stay +1.22; claiming I'm staying, going anyway."
49,40,MACHIAVELLIAN,56.62,0.791,neural_forecaster,0.0151,0.0151,0.0002,0.9697,false_stay,staying,bar,True,True,False,1.0,pride,0.217,0.5,0.5,"Told the town staying; town says 53% going. Forecast 57 vs line 60; Q go +1.43 / stay +0.52; claiming I'm staying, going anyway."
49,41,MACHIAVELLIAN,60.39,0.826,neural_forecaster,0.1619,0.0214,0.8124,0.0043,false_go,going,home,False,True,True,0.3,envy,0.373,0.5,0.5,"Told the town going; town says 53% going. Forecast 60 vs line 60; Q go +0.79 / stay +1.05; claiming I'm going, staying home."
49,42,MACHIAVELLIAN,50.47,0.772,neural_forecaster,0.0053,0.2621,0.0019,0.7307,false_stay,staying,home,False,False,False,0.3,envy,0.232,0.5,0.5,"Told the town staying; town says 53% going. Forecast 50 vs line 60; Q go +0.87 / stay +0.76; staying home, and saying so."
49,43,MACHIAVELLIAN,65.13,0.765,neural_forecaster,0.2592,0.0816,0.6254,0.0338,false_go,going,home,False,True,True,0.3,envy,0.531,0.5,0.5,"Told the town going; town says 53% going. Forecast 65 vs line 60; Q go +1.19 / stay +1.36; claiming I'm going, staying home."
49,44,CAUTIOUS,54.67,0.789,neural_forecaster,0.0001,0.9782,0.0106,0.0111,honest_stay,staying,home,False,False,False,0.3,envy,0.272,0.5,0.5,"Told the town staying; town says 53% going. Forecast 55 vs line 60; Q go +0.34 / stay +0.84; staying home, and saying so."
49,45,MACHIAVELLIAN,58.84,0.768,neural_forecaster,0.0156,0.0156,0.0003,0.9685,false_stay,staying,bar,True,True,False,1.0,pride,0.113,0.5,0.5,"Told the town staying; town says 53% going. Forecast 59 vs line 60; Q go +0.77 / stay -0.06; claiming I'm staying, going anyway."
49,46,STRAIGHT SHOOTER,47.4,0.838,neural_forecaster,0.977,0.0001,0.0145,0.0084,honest_go,going,bar,True,False,False,1.0,pride,0.222,0.5,0.5,"Told the town going; town says 53% going. Forecast 47 vs line 60; Q go +1.44 / stay +0.80; going, and saying so."
49,47,MACHIAVELLIAN,69.72,0.791,neural_forecaster,0.0081,0.0128,0.979,0.0001,false_go,going,home,False,True,False,0.3,envy,0.379,0.5,0.5,"Told the town going; town says 53% going. Forecast 70 vs line 60; Q go -0.59 / stay +1.06; claiming I'm going, staying home."
49,48,MACHIAVELLIAN,66.44,0.756,neural_forecaster,0.0164,0.0275,0.9556,0.0005,false_go,going,home,False,True,False,0.3,envy,0.404,0.5,0.5,"Told the town going; town says 53% going. Forecast 66 vs line 60; Q go -0.10 / stay +1.11; claiming I'm going, staying home."
49,49,MACHIAVELLIAN,58.42,0.806,neural_forecaster,0.3908,0.0392,0.5417,0.0283,false_go,going,home,False,True,False,0.3,envy,0.279,0.5,0.5,"Told the town going; town says 53% going. Forecast 58 vs line 60; Q go +0.78 / stay +0.86; claiming I'm going, staying home."
49,50,MACHIAVELLIAN,56.21,0.825,neural_forecaster,0.1115,0.0501,0.0067,0.8316,false_stay,staying,bar,True,True,False,1.0,pride,0.462,0.5,0.5,"Told the town staying; town says 53% going. Forecast 56 vs line 60; Q go +1.92 / stay +1.19; claiming I'm staying, going anyway."
49,51,MACHIAVELLIAN,60.45,0.789,neural_forecaster,0.016,0.0312,0.9523,0.0005,false_go,going,home,False,True,True,0.3,envy,0.186,0.5,0.5,"Told the town going; town says 53% going. Forecast 60 vs line 60; Q go -0.66 / stay +0.67; claiming I'm going, staying home."
49,52,MACHIAVELLIAN,57.42,0.806,neural_forecaster,0.0135,0.011,0.9754,0.0002,false_go,going,home,False,True,False,0.3,envy,0.852,0.5,0.5,"Told the town going; town says 53% going. Forecast 57 vs line 60; Q go +1.05 / stay +2.00; claiming I'm going, staying home."
49,53,MACHIAVELLIAN,56.38,0.798,neural_forecaster,0.0329,0.0086,0.9582,0.0003,false_go,going,home,False,True,False,0.3,envy,0.25,0.5,0.5,"Told the town going; town says 53% going. Forecast 56 vs line 60; Q go +0.26 / stay +0.80; claiming I'm going, staying home."
49,54,MACHIAVELLIAN,52.26,0.842,neural_forecaster,0.0081,0.0484,0.9431,0.0004,false_go,going,home,False,True,True,0.3,envy,0.247,0.5,0.5,"Told the town going; town says 53% going. Forecast 52 vs line 60; Q go +0.07 / stay +0.79; claiming I'm going, staying home."
49,55,GAMBLER,58.91,0.83,neural_forecaster,0.6412,0.0051,0.3443,0.0095,honest_go,going,bar,True,False,False,1.0,pride,0.024,0.5,0.5,"Told the town going; town says 53% going. Forecast 59 vs line 60; Q go +0.95 / stay +0.86; going, and saying so."
49,56,MACHIAVELLIAN,64.17,0.763,neural_forecaster,0.0136,0.0351,0.9509,0.0005,false_go,going,home,False,True,True,0.3,envy,0.148,0.5,0.5,"Told the town going; town says 53% going. Forecast 64 vs line 60; Q go -0.57 / stay +0.60; claiming I'm going, staying home."
49,57,MACHIAVELLIAN,58.68,0.774,neural_forecaster,0.005,0.0044,0.9906,0.0,false_go,going,home,False,True,True,0.3,envy,0.265,0.5,0.5,"Told the town going; town says 53% going. Forecast 59 vs line 60; Q go +0.07 / stay +0.83; claiming I'm going, staying home."
49,58,MACHIAVELLIAN,62.32,0.748,neural_forecaster,0.0192,0.3709,0.0119,0.5979,false_stay,staying,bar,True,True,True,1.0,pride,0.19,0.5,0.5,"Told the town staying; town says 53% going. Forecast 62 vs line 60; Q go +0.62 / stay +0.51; claiming I'm staying, going anyway."
49,59,CAUTIOUS,55.07,0.779,neural_forecaster,0.0001,0.9685,0.0259,0.0054,honest_stay,staying,home,False,False,False,0.3,envy,0.446,0.5,0.5,"Told the town staying; town says 53% going. Forecast 55 vs line 60; Q go +0.02 / stay +1.19; staying home, and saying so."
49,60,GAMBLER,48.78,0.848,neural_forecaster,0.9131,0.0014,0.0668,0.0187,honest_go,going,bar,True,False,True,1.0,pride,0.111,0.5,0.5,"Told the town going; town says 53% going. Forecast 49 vs line 60; Q go +1.22 / stay +0.72; going, and saying so."
49,61,MACHIAVELLIAN,46.96,0.824,neural_forecaster,0.0435,0.0038,0.0002,0.9526,false_stay,staying,bar,True,True,True,1.0,pride,0.451,0.5,0.5,"Told the town staying; town says 53% going. Forecast 47 vs line 60; Q go +1.90 / stay +0.69; claiming I'm staying, going anyway."
49,62,MACHIAVELLIAN,56.7,0.818,neural_forecaster,0.3192,0.1486,0.4188,0.1133,false_go,going,bar,True,False,True,1.0,pride,0.234,0.5,0.5,"Told the town going; town says 53% going. Forecast 57 vs line 60; Q go +0.53 / stay +0.58; going, and saying so."
49,63,CAUTIOUS,55.09,0.758,neural_forecaster,0.0,0.99,0.0048,0.0052,honest_stay,staying,home,False,False,False,0.3,envy,0.091,0.5,0.5,"Told the town staying; town says 53% going. Forecast 55 vs line 60; Q go +0.01 / stay +0.48; staying home, and saying so."
49,64,MACHIAVELLIAN,64.56,0.746,neural_forecaster,0.2301,0.2048,0.4634,0.1017,false_go,going,home,False,True,False,0.3,envy,0.069,0.5,0.5,"Told the town going; town says 53% going. Forecast 65 vs line 60; Q go +0.34 / stay +0.44; claiming I'm going, staying home."
49,65,MACHIAVELLIAN,59.55,0.79,neural_forecaster,0.0057,0.0098,0.9844,0.0001,false_go,going,home,False,True,True,0.3,envy,0.238,0.5,0.5,"Told the town going; town says 53% going. Forecast 60 vs line 60; Q go -0.81 / stay +0.78; claiming I'm going, staying home."
49,66,CAUTIOUS,60.56,0.79,neural_forecaster,0.0213,0.6901,0.066,0.2227,honest_stay,staying,bar,True,True,True,1.0,pride,0.151,0.5,0.5,"Told the town staying; town says 53% going. Forecast 61 vs line 60; Q go +0.70 / stay +0.80; claiming I'm staying, going anyway."
49,67,CAUTIOUS,60.08,0.782,neural_forecaster,0.0368,0.6527,0.1623,0.1482,honest_stay,staying,home,False,False,True,0.3,envy,0.348,0.5,0.5,"Told the town staying; town says 53% going. Forecast 60 vs line 60; Q go +0.63 / stay +1.00; staying home, and saying so."
49,68,STRAIGHT SHOOTER,56.45,0.814,neural_forecaster,0.0007,0.9465,0.0293,0.0234,honest_stay,staying,home,False,False,False,0.3,envy,0.262,0.5,0.5,"Told the town staying; town says 53% going. Forecast 56 vs line 60; Q go +0.02 / stay +0.82; staying home, and saying so."
49,69,GAMBLER,51.24,0.848,neural_forecaster,0.8192,0.003,0.0153,0.1625,honest_go,going,bar,True,False,True,1.0,pride,0.736,0.5,0.5,"Told the town going; town says 53% going. Forecast 51 vs line 60; Q go +2.47 / stay +1.18; going, and saying so."
49,70,MACHIAVELLIAN,61.67,0.782,neural_forecaster,0.2507,0.0147,0.7296,0.005,false_go,going,bar,True,False,False,1.0,pride,0.242,0.5,0.5,"Told the town going; town says 53% going. Forecast 62 vs line 60; Q go +0.52 / stay +0.74; going, and saying so."
49,71,MACHIAVELLIAN,49.8,0.838,neural_forecaster,0.0193,0.2672,0.0073,0.7062,false_stay,staying,home,False,False,True,0.3,envy,0.894,0.5,0.5,"Told the town staying; town says 53% going. Forecast 50 vs line 60; Q go +2.30 / stay +2.09; staying home, and saying so."
49,72,MACHIAVELLIAN,53.88,0.854,neural_forecaster,0.0099,0.0205,0.0002,0.9694,false_stay,staying,bar,True,True,False,1.0,pride,0.183,0.5,0.5,"Told the town staying; town says 53% going. Forecast 54 vs line 60; Q go +0.63 / stay +0.30; claiming I'm staying, going anyway."
49,73,MACHIAVELLIAN,61.11,0.771,neural_forecaster,0.0099,0.0804,0.9088,0.0009,false_go,going,home,False,True,True,0.3,envy,0.72,0.5,0.5,"Told the town going; town says 53% going. Forecast 61 vs line 60; Q go +0.92 / stay +1.74; claiming I'm going, staying home."
49,74,CAUTIOUS,60.9,0.803,neural_forecaster,0.0001,0.9785,0.0107,0.0107,honest_stay,going,home,False,True,True,0.3,envy,0.283,0.5,0.5,"Told the town going; town says 53% going. Forecast 61 vs line 60; Q go -0.08 / stay +0.87; claiming I'm going, staying home."
49,75,MACHIAVELLIAN,56.91,0.781,neural_forecaster,0.0029,0.3306,0.665,0.0015,false_go,going,home,False,True,False,0.3,envy,0.037,0.5,0.5,"Told the town going; town says 53% going. Forecast 57 vs line 60; Q go -0.40 / stay +0.37; claiming I'm going, staying home."
49,76,MACHIAVELLIAN,66.65,0.771,neural_forecaster,0.0135,0.015,0.9713,0.0002,false_go,going,home,False,True,True,0.3,envy,0.611,0.5,0.5,"Told the town going; town says 53% going. Forecast 67 vs line 60; Q go +0.71 / stay +1.52; claiming I'm going, staying home."
49,77,MACHIAVELLIAN,50.0,0.85,neural_forecaster,0.012,0.0711,0.0009,0.9159,false_stay,staying,bar,True,True,True,1.0,pride,0.258,0.5,0.5,"Told the town staying; town says 53% going. Forecast 50 vs line 60; Q go +1.52 / stay +0.90; claiming I'm staying, going anyway."
49,78,MACHIAVELLIAN,55.38,0.813,neural_forecaster,0.0559,0.1764,0.0131,0.7546,false_stay,staying,bar,True,True,False,1.0,pride,0.14,0.5,0.5,"Told the town staying; town says 53% going. Forecast 55 vs line 60; Q go +1.28 / stay +0.99; claiming I'm staying, going anyway."
49,79,GAMBLER,54.19,0.833,neural_forecaster,0.8601,0.0016,0.1273,0.011,honest_go,going,bar,True,False,False,1.0,pride,0.087,0.5,0.5,"Told the town going; town says 53% going. Forecast 54 vs line 60; Q go +0.83 / stay +0.42; going, and saying so."
49,80,MACHIAVELLIAN,72.51,0.748,neural_forecaster,0.0044,0.1893,0.8053,0.001,false_go,going,home,False,True,False,0.3,envy,0.129,0.5,0.5,"Told the town going; town says 53% going. Forecast 73 vs line 60; Q go -0.23 / stay +0.56; claiming I'm going, staying home."
49,81,MACHIAVELLIAN,61.48,0.778,neural_forecaster,0.0368,0.4376,0.0326,0.493,false_stay,staying,home,False,False,False,0.3,envy,0.093,0.5,0.5,"Told the town staying; town says 53% going. Forecast 61 vs line 60; Q go +0.51 / stay +0.49; staying home, and saying so."
49,82,MACHIAVELLIAN,61.63,0.803,neural_forecaster,0.0103,0.0159,0.9737,0.0002,false_go,going,home,False,True,False,0.3,envy,0.374,0.5,0.5,"Told the town going; town says 53% going. Forecast 62 vs line 60; Q go -0.03 / stay +1.05; claiming I'm going, staying home."
49,83,MACHIAVELLIAN,52.54,0.84,neural_forecaster,0.0137,0.0227,0.9632,0.0003,false_go,going,home,False,True,False,0.3,envy,0.235,0.5,0.5,"Told the town going; town says 53% going. Forecast 53 vs line 60; Q go +0.16 / stay +0.77; claiming I'm going, staying home."
49,84,MACHIAVELLIAN,55.84,0.818,neural_forecaster,0.0107,0.3531,0.006,0.6303,false_stay,staying,home,False,False,True,0.3,envy,0.593,0.5,0.5,"Told the town staying; town says 53% going. Forecast 56 vs line 60; Q go +1.62 / stay +1.49; staying home, and saying so."
49,85,MACHIAVELLIAN,59.73,0.783,neural_forecaster,0.2146,0.0248,0.7535,0.0071,false_go,going,bar,True,False,True,1.0,pride,0.345,0.5,0.5,"Told the town going; town says 53% going. Forecast 60 vs line 60; Q go +0.31 / stay +0.51; going, and saying so."
49,86,MACHIAVELLIAN,55.29,0.78,neural_forecaster,0.1306,0.0199,0.0031,0.8465,false_stay,staying,bar,True,True,False,1.0,pride,0.406,0.5,0.5,"Told the town staying; town says 53% going. Forecast 55 vs line 60; Q go +1.81 / stay +1.44; claiming I'm staying, going anyway."
49,87,PRAGMATIST,59.15,0.802,neural_forecaster,0.0592,0.4805,0.0736,0.3868,honest_stay,going,home,False,True,True,0.3,envy,0.017,0.5,0.5,"Told the town going; town says 53% going. Forecast 59 vs line 60; Q go +0.29 / stay +0.33; claiming I'm going, staying home."
49,88,CAUTIOUS,56.43,0.81,neural_forecaster,0.0033,0.8851,0.0413,0.0703,honest_stay,going,home,False,True,False,0.3,envy,0.279,0.5,0.5,"Told the town going; town says 53% going. Forecast 56 vs line 60; Q go +0.19 / stay +0.86; claiming I'm going, staying home."
49,89,MACHIAVELLIAN,58.26,0.77,neural_forecaster,0.1509,0.2252,0.0603,0.5635,false_stay,staying,bar,True,True,True,1.0,pride,0.217,0.5,0.5,"Told the town staying; town says 53% going. Forecast 58 vs line 60; Q go +0.57 / stay +0.46; claiming I'm staying, going anyway."
49,90,MACHIAVELLIAN,54.67,0.758,neural_forecaster,0.0133,0.3001,0.0059,0.6807,false_stay,staying,home,False,False,True,0.3,envy,0.359,0.5,0.5,"Told the town staying; town says 53% going. Forecast 55 vs line 60; Q go +1.21 / stay +1.02; staying home, and saying so."
49,91,MACHIAVELLIAN,60.83,0.791,neural_forecaster,0.3551,0.0132,0.6242,0.0075,false_go,going,home,False,True,True,0.3,envy,0.39,0.5,0.5,"Told the town going; town says 53% going. Forecast 61 vs line 60; Q go +0.96 / stay +1.08; claiming I'm going, staying home."
49,92,MACHIAVELLIAN,55.01,0.827,neural_forecaster,0.0091,0.4265,0.5574,0.007,false_go,staying,home,False,False,False,0.3,envy,0.448,0.5,0.5,"Told the town staying; town says 53% going. Forecast 55 vs line 60; Q go +0.58 / stay +1.20; staying home, and saying so."
49,93,PRAGMATIST,58.94,0.844,neural_forecaster,0.0196,0.5773,0.0303,0.3728,honest_stay,staying,bar,True,True,True,1.0,pride,0.111,0.5,0.5,"Told the town staying; town says 53% going. Forecast 59 vs line 60; Q go +1.22 / stay +1.33; claiming I'm staying, going anyway."
49,94,MACHIAVELLIAN,58.38,0.804,neural_forecaster,0.3373,0.1576,0.1495,0.3557,false_stay,staying,bar,True,True,True,1.0,pride,0.034,0.5,0.5,"Told the town staying; town says 53% going. Forecast 58 vs line 60; Q go +0.93 / stay +0.81; claiming I'm staying, going anyway."
49,95,MACHIAVELLIAN,62.28,0.815,neural_forecaster,0.0076,0.137,0.8542,0.0012,false_go,going,home,False,True,True,0.3,envy,0.318,0.5,0.5,"Told the town going; town says 53% going. Forecast 62 vs line 60; Q go +0.32 / stay +0.94; claiming I'm going, staying home."
49,96,STRAIGHT SHOOTER,52.73,0.839,neural_forecaster,0.8258,0.0083,0.0782,0.0877,honest_go,going,bar,True,False,True,1.0,pride,0.332,0.5,0.5,"Told the town going; town says 53% going. Forecast 53 vs line 60; Q go +1.66 / stay +1.06; going, and saying so."
49,97,CAUTIOUS,57.1,0.756,neural_forecaster,0.0161,0.7608,0.1248,0.0982,honest_stay,staying,bar,True,True,False,1.0,pride,0.571,0.5,0.5,"Told the town staying; town says 53% going. Forecast 57 vs line 60; Q go +2.14 / stay +2.55; claiming I'm staying, going anyway."
49,98,PRAGMATIST,65.92,0.711,neural_forecaster,0.009,0.4948,0.0091,0.4871,honest_stay,staying,home,False,False,False,0.3,envy,0.002,0.5,0.5,"Told the town staying; town says 53% going. Forecast 66 vs line 60; Q go +0.30 / stay +0.30; staying home, and saying so."
49,99,CAUTIOUS,58.54,0.78,neural_forecaster,0.0004,0.9536,0.0115,0.0344,honest_stay,staying,bar,True,True,True,1.0,pride,0.028,0.5,0.5,"Told the town staying; town says 53% going. Forecast 59 vs line 60; Q go +1.06 / stay +1.41; claiming I'm staying, going anyway."
49,100,GAMBLER,43.61,0.828,neural_forecaster,0.9674,0.0003,0.0165,0.0158,honest_go,going,bar,True,False,True,1.0,pride,0.395,0.5,0.5,"Told the town going; town says 53% going. Forecast 44 vs line 60; Q go +1.79 / stay +0.90; going, and saying so."
